speaker_id;session;speech_id;word;word_n
1494;18/2023;2023_18_128;aggressiivinen;1
1494;18/2023;2023_18_128;aiheesta;1
1494;18/2023;2023_18_128;aikaa;1
1494;18/2023;2023_18_128;aikana;2
1494;18/2023;2023_18_128;aikavälin;1
1494;18/2023;2023_18_128;aina;2
1494;18/2023;2023_18_128;ajan;1
1494;18/2023;2023_18_128;ajankohtaisempi;1
1494;18/2023;2023_18_128;aktiivisesti;1
1494;18/2023;2023_18_128;alan;1
1494;18/2023;2023_18_128;alempiasteisia;1
1494;18/2023;2023_18_128;aloittamisesta;1
1494;18/2023;2023_18_128;alue;1
1494;18/2023;2023_18_128;alueita;1
1494;18/2023;2023_18_128;annetaan;1
1494;18/2023;2023_18_128;ansiosta;1
1494;18/2023;2023_18_128;antaa;1
1494;18/2023;2023_18_128;antamiseen;1
1494;18/2023;2023_18_128;apua;1
1494;18/2023;2023_18_128;arvioimansa;1
1494;18/2023;2023_18_128;arvoisa;2
1494;18/2023;2023_18_128;arvoissa;1
1494;18/2023;2023_18_128;arvosteltu;1
1494;18/2023;2023_18_128;aseavun;1
1494;18/2023;2023_18_128;asevelvollisuutta;1
1494;18/2023;2023_18_128;asia;1
1494;18/2023;2023_18_128;asiat;1
1494;18/2023;2023_18_128;asioissa;1
1494;18/2023;2023_18_128;asioita;1
1494;18/2023;2023_18_128;bruttokansantuoteosuuksilla;1
1494;18/2023;2023_18_128;bruttokansantuotteesta;1
1494;18/2023;2023_18_128;demokratiaamme;1
1494;18/2023;2023_18_128;disinformaation;1
1494;18/2023;2023_18_128;edelleen;4
1494;18/2023;2023_18_128;edelliselle;1
1494;18/2023;2023_18_128;edellisellä;1
1494;18/2023;2023_18_128;eduskunnan;3
1494;18/2023;2023_18_128;eduskunnassa;2
1494;18/2023;2023_18_128;een;1
1494;18/2023;2023_18_128;ei;4
1494;18/2023;2023_18_128;eli;1
1494;18/2023;2023_18_128;eliömuotojen;1
1494;18/2023;2023_18_128;elämme;1
1494;18/2023;2023_18_128;epävakaata;1
1494;18/2023;2023_18_128;erimielisyyttä;1
1494;18/2023;2023_18_128;erinomainen;1
1494;18/2023;2023_18_128;etenkin;1
1494;18/2023;2023_18_128;etsii;1
1494;18/2023;2023_18_128;että;5
1494;18/2023;2023_18_128;euroopan;3
1494;18/2023;2023_18_128;hajottamaan;1
1494;18/2023;2023_18_128;hallitukselle;1
1494;18/2023;2023_18_128;hallitus;1
1494;18/2023;2023_18_128;hallituskaudella;3
1494;18/2023;2023_18_128;hallitusohjelmaamme;1
1494;18/2023;2023_18_128;hallitusohjelmassa;3
1494;18/2023;2023_18_128;hallitusohjelmassamme;1
1494;18/2023;2023_18_128;hankkeiden;1
1494;18/2023;2023_18_128;hankkimisen;1
1494;18/2023;2023_18_128;heikkoja;1
1494;18/2023;2023_18_128;heikommaksi;1
1494;18/2023;2023_18_128;hengenvaarassa;1
1494;18/2023;2023_18_128;henkeä;1
1494;18/2023;2023_18_128;henkilöstö;1
1494;18/2023;2023_18_128;herra;1
1494;18/2023;2023_18_128;hienoa;1
1494;18/2023;2023_18_128;hoitaa;1
1494;18/2023;2023_18_128;hoitaminen;1
1494;18/2023;2023_18_128;huolimatta;2
1494;18/2023;2023_18_128;hybridisodankäynnin;1
1494;18/2023;2023_18_128;hyvin;1
1494;18/2023;2023_18_128;hyvä;1
1494;18/2023;2023_18_128;hyväksi;1
1494;18/2023;2023_18_128;hyökkäys;1
1494;18/2023;2023_18_128;hyökkäämään;1
1494;18/2023;2023_18_128;häkkänen;1
1494;18/2023;2023_18_128;hävittäjäkoneiden;1
1494;18/2023;2023_18_128;ihmisten;1
1494;18/2023;2023_18_128;ilahduttaa;1
1494;18/2023;2023_18_128;ilmaistu;1
1494;18/2023;2023_18_128;ilmastonmuutos;1
1494;18/2023;2023_18_128;informaatio;1
1494;18/2023;2023_18_128;infran;1
1494;18/2023;2023_18_128;infrastruktuurissamme;1
1494;18/2023;2023_18_128;integroimaan;1
1494;18/2023;2023_18_128;integroimiseksi;1
1494;18/2023;2023_18_128;integroitumista;1
1494;18/2023;2023_18_128;itse;1
1494;18/2023;2023_18_128;itselleen;1
1494;18/2023;2023_18_128;ja;37
1494;18/2023;2023_18_128;jatkaa;1
1494;18/2023;2023_18_128;jatkuu;1
1494;18/2023;2023_18_128;johtamisjärjestelmä;1
1494;18/2023;2023_18_128;johtamisrakenteen;1
1494;18/2023;2023_18_128;joilla;1
1494;18/2023;2023_18_128;joka;2
1494;18/2023;2023_18_128;jolla;2
1494;18/2023;2023_18_128;jos;1
1494;18/2023;2023_18_128;jota;2
1494;18/2023;2023_18_128;jotka;1
1494;18/2023;2023_18_128;joukkorakenteen;1
1494;18/2023;2023_18_128;joutunut;1
1494;18/2023;2023_18_128;jäsen;1
1494;18/2023;2023_18_128;jäsenenäkin;1
1494;18/2023;2023_18_128;kahdessa;1
1494;18/2023;2023_18_128;kaikki;3
1494;18/2023;2023_18_128;kaikkia;1
1494;18/2023;2023_18_128;kaikkien;1
1494;18/2023;2023_18_128;kannalta;1
1494;18/2023;2023_18_128;kansa;1
1494;18/2023;2023_18_128;kansainvälisiä;1
1494;18/2023;2023_18_128;kansallinen;1
1494;18/2023;2023_18_128;kansallisessa;1
1494;18/2023;2023_18_128;kansallisista;1
1494;18/2023;2023_18_128;kansan;1
1494;18/2023;2023_18_128;kanssa;1
1494;18/2023;2023_18_128;kantavat;1
1494;18/2023;2023_18_128;karvaasti;1
1494;18/2023;2023_18_128;kehitetään;1
1494;18/2023;2023_18_128;kehittäminen;3
1494;18/2023;2023_18_128;kehittämisen;1
1494;18/2023;2023_18_128;kehittämisestä;1
1494;18/2023;2023_18_128;kehittämään;1
1494;18/2023;2023_18_128;keskeisissä;1
1494;18/2023;2023_18_128;keskeistä;1
1494;18/2023;2023_18_128;kiitos;2
1494;18/2023;2023_18_128;kimppuun;1
1494;18/2023;2023_18_128;kirjauksia;1
1494;18/2023;2023_18_128;kirjoa;1
1494;18/2023;2023_18_128;kohtia;1
1494;18/2023;2023_18_128;kokemaan;1
1494;18/2023;2023_18_128;koko;3
1494;18/2023;2023_18_128;kokoisessa;1
1494;18/2023;2023_18_128;kokonainen;1
1494;18/2023;2023_18_128;koronaepidemian;1
1494;18/2023;2023_18_128;korostetaan;1
1494;18/2023;2023_18_128;korvettien;1
1494;18/2023;2023_18_128;koska;1
1494;18/2023;2023_18_128;kotimaisen;1
1494;18/2023;2023_18_128;koulutuksen;1
1494;18/2023;2023_18_128;kriisien;1
1494;18/2023;2023_18_128;kriisinhallintaveteraanien;1
1494;18/2023;2023_18_128;kuin;2
1494;18/2023;2023_18_128;kuitenkaan;1
1494;18/2023;2023_18_128;kumppanien;1
1494;18/2023;2023_18_128;kun;1
1494;18/2023;2023_18_128;kunnioittaa;1
1494;18/2023;2023_18_128;kustannustehokkuuteen;1
1494;18/2023;2023_18_128;kuten;6
1494;18/2023;2023_18_128;kyberoperaatioita;1
1494;18/2023;2023_18_128;kyberteknologian;1
1494;18/2023;2023_18_128;kyberturvallisuuden;1
1494;18/2023;2023_18_128;kyky;1
1494;18/2023;2023_18_128;kysymys;1
1494;18/2023;2023_18_128;kärsimistään;1
1494;18/2023;2023_18_128;kärsivällä;1
1494;18/2023;2023_18_128;käsitellään;1
1494;18/2023;2023_18_128;käyttäen;1
1494;18/2023;2023_18_128;käyttämistä;1
1494;18/2023;2023_18_128;käyttövalmista;1
1494;18/2023;2023_18_128;laaditaan;1
1494;18/2023;2023_18_128;laaja;1
1494;18/2023;2023_18_128;laaja-alaisia;1
1494;18/2023;2023_18_128;laajassa;1
1494;18/2023;2023_18_128;laajenemishaluinen;1
1494;18/2023;2023_18_128;lainsäädäntötyötä;1
1494;18/2023;2023_18_128;leikkauksia;1
1494;18/2023;2023_18_128;liittolaisten;1
1494;18/2023;2023_18_128;lisäksi;1
1494;18/2023;2023_18_128;lukien;1
1494;18/2023;2023_18_128;lähentämään;1
1494;18/2023;2023_18_128;lähes;1
1494;18/2023;2023_18_128;lähetettäisiin;1
1494;18/2023;2023_18_128;läpiviennissä;1
1494;18/2023;2023_18_128;löytää;1
1494;18/2023;2023_18_128;maanpuolustuksen;1
1494;18/2023;2023_18_128;maanpuolustus;1
1494;18/2023;2023_18_128;maassa;1
1494;18/2023;2023_18_128;mahdollisia;1
1494;18/2023;2023_18_128;mahdollistaa;1
1494;18/2023;2023_18_128;mahdollistamiseksi;1
1494;18/2023;2023_18_128;mahdollisuus;1
1494;18/2023;2023_18_128;me;1
1494;18/2023;2023_18_128;meille;2
1494;18/2023;2023_18_128;meillä;4
1494;18/2023;2023_18_128;meitä;1
1494;18/2023;2023_18_128;melkein;1
1494;18/2023;2023_18_128;mentiin;1
1494;18/2023;2023_18_128;merkittäviä;1
1494;18/2023;2023_18_128;merkittävästi;1
1494;18/2023;2023_18_128;miehiä;1
1494;18/2023;2023_18_128;mielestä;1
1494;18/2023;2023_18_128;mielipiteiden;1
1494;18/2023;2023_18_128;mikä;2
1494;18/2023;2023_18_128;mistä;2
1494;18/2023;2023_18_128;miten;2
1494;18/2023;2023_18_128;mittavasti;1
1494;18/2023;2023_18_128;muassa;3
1494;18/2023;2023_18_128;muistaa;1
1494;18/2023;2023_18_128;mukaan;1
1494;18/2023;2023_18_128;mutta;1
1494;18/2023;2023_18_128;muun;3
1494;18/2023;2023_18_128;muusta;1
1494;18/2023;2023_18_128;myöhemmin;1
1494;18/2023;2023_18_128;myös;2
1494;18/2023;2023_18_128;naapurimaitaan;1
1494;18/2023;2023_18_128;naapurin;1
1494;18/2023;2023_18_128;naisia;1
1494;18/2023;2023_18_128;nato-integraation;1
1494;18/2023;2023_18_128;nato-jäsenyyttä;1
1494;18/2023;2023_18_128;naton;2
1494;18/2023;2023_18_128;natoon;2
1494;18/2023;2023_18_128;niiden;1
1494;18/2023;2023_18_128;niin;4
1494;18/2023;2023_18_128;niitä;1
1494;18/2023;2023_18_128;nimittäin;1
1494;18/2023;2023_18_128;no;1
1494;18/2023;2023_18_128;noin;1
1494;18/2023;2023_18_128;nyt;1
1494;18/2023;2023_18_128;nähdyn;1
1494;18/2023;2023_18_128;näitäkin;1
1494;18/2023;2023_18_128;nämä;1
1494;18/2023;2023_18_128;näyttää;1
1494;18/2023;2023_18_128;oli;2
1494;18/2023;2023_18_128;olisi;1
1494;18/2023;2023_18_128;ollaan;1
1494;18/2023;2023_18_128;olosuhteissa;1
1494;18/2023;2023_18_128;on;23
1494;18/2023;2023_18_128;onkin;3
1494;18/2023;2023_18_128;onneksi;1
1494;18/2023;2023_18_128;opittiin;1
1494;18/2023;2023_18_128;opposition;1
1494;18/2023;2023_18_128;organisaatiossa;1
1494;18/2023;2023_18_128;osana;1
1494;18/2023;2023_18_128;osoittaman;1
1494;18/2023;2023_18_128;osoittanut;1
1494;18/2023;2023_18_128;osoittavat;1
1494;18/2023;2023_18_128;ovat;3
1494;18/2023;2023_18_128;pahenemaan;1
1494;18/2023;2023_18_128;pakolaisia;1
1494;18/2023;2023_18_128;paljon;4
1494;18/2023;2023_18_128;palvelin;1
1494;18/2023;2023_18_128;palvelleet;1
1494;18/2023;2023_18_128;panostamalla;1
1494;18/2023;2023_18_128;panostamassa;1
1494;18/2023;2023_18_128;panostuksia;1
1494;18/2023;2023_18_128;parannetaan;1
1494;18/2023;2023_18_128;parantaminen;1
1494;18/2023;2023_18_128;parantamiseksi;1
1494;18/2023;2023_18_128;parempi;1
1494;18/2023;2023_18_128;parhaaksi;1
1494;18/2023;2023_18_128;parlamentaarinen;1
1494;18/2023;2023_18_128;periksi;1
1494;18/2023;2023_18_128;perusteet;1
1494;18/2023;2023_18_128;pidä;1
1494;18/2023;2023_18_128;pitkän;2
1494;18/2023;2023_18_128;pitäisi;1
1494;18/2023;2023_18_128;pitämään;1
1494;18/2023;2023_18_128;pohjanmaa-luokan;1
1494;18/2023;2023_18_128;pohjois-atlantin;1
1494;18/2023;2023_18_128;pohjoismaiselle;1
1494;18/2023;2023_18_128;priorisoinnilla;1
1494;18/2023;2023_18_128;prosentin;1
1494;18/2023;2023_18_128;prosentissa;1
1494;18/2023;2023_18_128;prosenttia;1
1494;18/2023;2023_18_128;puhemies;2
1494;18/2023;2023_18_128;puhuttaessa;1
1494;18/2023;2023_18_128;puolustukseen;1
1494;18/2023;2023_18_128;puolustuksen;1
1494;18/2023;2023_18_128;puolustusjärjestelmä;1
1494;18/2023;2023_18_128;puolustusliiton;2
1494;18/2023;2023_18_128;puolustusministeri;1
1494;18/2023;2023_18_128;puolustusmäärärahat;1
1494;18/2023;2023_18_128;puolustusselontekoa;1
1494;18/2023;2023_18_128;puolustusta;1
1494;18/2023;2023_18_128;puolustusvoimat;1
1494;18/2023;2023_18_128;puolustusvoimien;1
1494;18/2023;2023_18_128;puolustusvoimissa;1
1494;18/2023;2023_18_128;pyrkii;1
1494;18/2023;2023_18_128;päivien;1
1494;18/2023;2023_18_128;päivinä;1
1494;18/2023;2023_18_128;päivittäminen;1
1494;18/2023;2023_18_128;päivänä;1
1494;18/2023;2023_18_128;päästiin;1
1494;18/2023;2023_18_128;päättäväisyydestä;1
1494;18/2023;2023_18_128;päätöksenteossa;1
1494;18/2023;2023_18_128;päätös;1
1494;18/2023;2023_18_128;päävastuun;1
1494;18/2023;2023_18_128;rahaa;1
1494;18/2023;2023_18_128;rahalla;1
1494;18/2023;2023_18_128;rakennettiin;1
1494;18/2023;2023_18_128;rakentamisesta;1
1494;18/2023;2023_18_128;riittää;1
1494;18/2023;2023_18_128;rikkova;1
1494;18/2023;2023_18_128;rooli;1
1494;18/2023;2023_18_128;saa;2
1494;18/2023;2023_18_128;saattamista;1
1494;18/2023;2023_18_128;salissa;1
1494;18/2023;2023_18_128;sama;1
1494;18/2023;2023_18_128;samalla;1
1494;18/2023;2023_18_128;se;3
1494;18/2023;2023_18_128;selkeillä;1
1494;18/2023;2023_18_128;selkeyttää;1
1494;18/2023;2023_18_128;selkeä;1
1494;18/2023;2023_18_128;selkeästi;1
1494;18/2023;2023_18_128;selvästi;1
1494;18/2023;2023_18_128;sen;1
1494;18/2023;2023_18_128;sentään;1
1494;18/2023;2023_18_128;siinä;1
1494;18/2023;2023_18_128;siitä;3
1494;18/2023;2023_18_128;siksi;2
1494;18/2023;2023_18_128;sillä;3
1494;18/2023;2023_18_128;siltä;1
1494;18/2023;2023_18_128;sitoudutaan;1
1494;18/2023;2023_18_128;sitoutuu;1
1494;18/2023;2023_18_128;sitten;1
1494;18/2023;2023_18_128;sopimuksia;1
1494;18/2023;2023_18_128;sosiaaliturvasta;1
1494;18/2023;2023_18_128;sota;1
1494;18/2023;2023_18_128;sotaa;1
1494;18/2023;2023_18_128;sotilaallista;1
1494;18/2023;2023_18_128;sta;1
1494;18/2023;2023_18_128;strategisten;1
1494;18/2023;2023_18_128;stressihäiriöiden;1
1494;18/2023;2023_18_128;suomalaiset;1
1494;18/2023;2023_18_128;suomalaisten;2
1494;18/2023;2023_18_128;suomea;1
1494;18/2023;2023_18_128;suomen;7
1494;18/2023;2023_18_128;suomi;2
1494;18/2023;2023_18_128;supistettiin;1
1494;18/2023;2023_18_128;supistui;1
1494;18/2023;2023_18_128;suunnittelulla;1
1494;18/2023;2023_18_128;suurempi;1
1494;18/2023;2023_18_128;suuri;1
1494;18/2023;2023_18_128;syvenemään;1
1494;18/2023;2023_18_128;syytä;2
1494;18/2023;2023_18_128;tahansa;1
1494;18/2023;2023_18_128;tahtotila;1
1494;18/2023;2023_18_128;tai;1
1494;18/2023;2023_18_128;takavarikoitujen;1
1494;18/2023;2023_18_128;taloudellisesta;1
1494;18/2023;2023_18_128;tapahtumat;1
1494;18/2023;2023_18_128;tapauksessa;1
1494;18/2023;2023_18_128;tappioista;1
1494;18/2023;2023_18_128;tarvitaan;1
1494;18/2023;2023_18_128;tarvitsemaan;1
1494;18/2023;2023_18_128;tasolle;1
1494;18/2023;2023_18_128;tehtävää;1
1494;18/2023;2023_18_128;terveydenhuollosta;1
1494;18/2023;2023_18_128;tiedustelu;1
1494;18/2023;2023_18_128;tiedämme;1
1494;18/2023;2023_18_128;tiistaina;1
1494;18/2023;2023_18_128;tilanne;1
1494;18/2023;2023_18_128;todellakin;1
1494;18/2023;2023_18_128;toiminnasta;1
1494;18/2023;2023_18_128;toimiva;1
1494;18/2023;2023_18_128;toimivaltuuksilla;1
1494;18/2023;2023_18_128;toivottavasti;1
1494;18/2023;2023_18_128;torjunnan;1
1494;18/2023;2023_18_128;torjunnassa;2
1494;18/2023;2023_18_128;totesi;1
1494;18/2023;2023_18_128;toteutettu;1
1494;18/2023;2023_18_128;toteuttamalla;1
1494;18/2023;2023_18_128;traumaperäisten;1
1494;18/2023;2023_18_128;tuetaan;1
1494;18/2023;2023_18_128;tuettava;1
1494;18/2023;2023_18_128;tuhansia;1
1494;18/2023;2023_18_128;tukea;1
1494;18/2023;2023_18_128;tukemaan;1
1494;18/2023;2023_18_128;tukeminen;1
1494;18/2023;2023_18_128;tukitoimien;1
1494;18/2023;2023_18_128;tulee;2
1494;18/2023;2023_18_128;tulevaa;1
1494;18/2023;2023_18_128;tulevina;1
1494;18/2023;2023_18_128;tullaan;1
1494;18/2023;2023_18_128;tuloksena;1
1494;18/2023;2023_18_128;tuolla;1
1494;18/2023;2023_18_128;turvaa;1
1494;18/2023;2023_18_128;turvallisuusintressejä;1
1494;18/2023;2023_18_128;turvallisuuspoliittista;2
1494;18/2023;2023_18_128;turvallisuutemme;1
1494;18/2023;2023_18_128;turvallisuutta;2
1494;18/2023;2023_18_128;tähtäimen;1
1494;18/2023;2023_18_128;tähän;2
1494;18/2023;2023_18_128;tällä;1
1494;18/2023;2023_18_128;tämä;2
1494;18/2023;2023_18_128;tämän;2
1494;18/2023;2023_18_128;tänä;1
1494;18/2023;2023_18_128;tärkeimpien;1
1494;18/2023;2023_18_128;tärkeitä;1
1494;18/2023;2023_18_128;tärkeä;1
1494;18/2023;2023_18_128;tärkeänä;1
1494;18/2023;2023_18_128;tärkeää;1
1494;18/2023;2023_18_128;tässäkin;1
1494;18/2023;2023_18_128;tätä;1
1494;18/2023;2023_18_128;täällä;1
1494;18/2023;2023_18_128;uhata;1
1494;18/2023;2023_18_128;uhista;1
1494;18/2023;2023_18_128;uhka;2
1494;18/2023;2023_18_128;uhkaa;2
1494;18/2023;2023_18_128;uhkia;3
1494;18/2023;2023_18_128;ukrainaa;1
1494;18/2023;2023_18_128;ukrainaan;1
1494;18/2023;2023_18_128;ukrainalla;1
1494;18/2023;2023_18_128;ukrainalle;1
1494;18/2023;2023_18_128;ukrainan;5
1494;18/2023;2023_18_128;ukrainassa;1
1494;18/2023;2023_18_128;ulko;1
1494;18/2023;2023_18_128;ulkomailla;1
1494;18/2023;2023_18_128;unioniin;1
1494;18/2023;2023_18_128;unohtaa;2
1494;18/2023;2023_18_128;usein;1
1494;18/2023;2023_18_128;useita;1
1494;18/2023;2023_18_128;uudessa;1
1494;18/2023;2023_18_128;uudistus;1
1494;18/2023;2023_18_128;uusien;1
1494;18/2023;2023_18_128;uusiminen;1
1494;18/2023;2023_18_128;vaadi;1
1494;18/2023;2023_18_128;vaan;1
1494;18/2023;2023_18_128;vaativissa;1
1494;18/2023;2023_18_128;vaihdon;1
1494;18/2023;2023_18_128;vaiheessa;1
1494;18/2023;2023_18_128;vaikuttaa;1
1494;18/2023;2023_18_128;vain;3
1494;18/2023;2023_18_128;vakavia;1
1494;18/2023;2023_18_128;valitettavan;1
1494;18/2023;2023_18_128;vallitsevan;1
1494;18/2023;2023_18_128;valmis;1
1494;18/2023;2023_18_128;valmiuden;1
1494;18/2023;2023_18_128;valmiuslainsäädännön;1
1494;18/2023;2023_18_128;varastettua;1
1494;18/2023;2023_18_128;varojen;1
1494;18/2023;2023_18_128;vastaamaan;1
1494;18/2023;2023_18_128;vastaan;2
1494;18/2023;2023_18_128;vastuunjaoilla;1
1494;18/2023;2023_18_128;venäjä;6
1494;18/2023;2023_18_128;venäjälle;1
1494;18/2023;2023_18_128;venäjällä;1
1494;18/2023;2023_18_128;venäjän;1
1494;18/2023;2023_18_128;venäläisten;1
1494;18/2023;2023_18_128;viesti;1
1494;18/2023;2023_18_128;viikon;1
1494;18/2023;2023_18_128;viime;3
1494;18/2023;2023_18_128;viimeinen;1
1494;18/2023;2023_18_128;viimeiset;1
1494;18/2023;2023_18_128;virkaurani;1
1494;18/2023;2023_18_128;voimaa;1
1494;18/2023;2023_18_128;voimakas;1
1494;18/2023;2023_18_128;vuosina;1
1494;18/2023;2023_18_128;vuotta;1
1494;18/2023;2023_18_128;väheneminen;1
1494;18/2023;2023_18_128;vähintään;1
1494;18/2023;2023_18_128;vähän;1
1494;18/2023;2023_18_128;värikkään;1
1494;18/2023;2023_18_128;ydinkärkeä;1
1494;18/2023;2023_18_128;yhteistyötä;1
1494;18/2023;2023_18_128;yhteisymmärryksessä;1
1494;18/2023;2023_18_128;yhtenä;1
1494;18/2023;2023_18_128;yhtenäisyyden;1
1494;18/2023;2023_18_128;yhtenäisyydestä;1
1494;18/2023;2023_18_128;yhtenäisyys;1
1494;18/2023;2023_18_128;yhtenäisyyttä;1
1494;18/2023;2023_18_128;yksi;1
1494;18/2023;2023_18_128;yksimielisyys;2
1494;18/2023;2023_18_128;yli;1
1494;18/2023;2023_18_128;ylistetään;1
1494;18/2023;2023_18_128;ympäristöämme;1
1494;22/2023;2023_22_137;aggressiota;1
1494;22/2023;2023_22_137;ajankohtainen;1
1494;22/2023;2023_22_137;arvoisa;1
1494;22/2023;2023_22_137;asia;1
1494;22/2023;2023_22_137;edustaja;1
1494;22/2023;2023_22_137;ehkä;1
1494;22/2023;2023_22_137;ei;2
1494;22/2023;2023_22_137;ennen;1
1494;22/2023;2023_22_137;ensimmäisenä;1
1494;22/2023;2023_22_137;entistäkin;1
1494;22/2023;2023_22_137;epävakaassa;1
1494;22/2023;2023_22_137;eri;1
1494;22/2023;2023_22_137;erinomainen;1
1494;22/2023;2023_22_137;erinomaisen;1
1494;22/2023;2023_22_137;erinomaiset;1
1494;22/2023;2023_22_137;erittäin;1
1494;22/2023;2023_22_137;esitettyjä;1
1494;22/2023;2023_22_137;etsiä;1
1494;22/2023;2023_22_137;että;3
1494;22/2023;2023_22_137;euroopan;1
1494;22/2023;2023_22_137;hetkellä;1
1494;22/2023;2023_22_137;huomioon;1
1494;22/2023;2023_22_137;hyvä;2
1494;22/2023;2023_22_137;hyväksyä;1
1494;22/2023;2023_22_137;hyvässä;1
1494;22/2023;2023_22_137;ja;7
1494;22/2023;2023_22_137;jatkossa;1
1494;22/2023;2023_22_137;jatkossakin;1
1494;22/2023;2023_22_137;jatkuvaa;2
1494;22/2023;2023_22_137;joka;1
1494;22/2023;2023_22_137;jossa;1
1494;22/2023;2023_22_137;jota;1
1494;22/2023;2023_22_137;jotka;1
1494;22/2023;2023_22_137;jotta;1
1494;22/2023;2023_22_137;kannalta;1
1494;22/2023;2023_22_137;kannata;1
1494;22/2023;2023_22_137;kannattaa;1
1494;22/2023;2023_22_137;kansalaisten;2
1494;22/2023;2023_22_137;kansallisen;1
1494;22/2023;2023_22_137;kanssa;1
1494;22/2023;2023_22_137;kari;1
1494;22/2023;2023_22_137;kasvaessa;1
1494;22/2023;2023_22_137;kehitetään;1
1494;22/2023;2023_22_137;kehittämiskohteita;1
1494;22/2023;2023_22_137;kertomuksessa;1
1494;22/2023;2023_22_137;kertomus;1
1494;22/2023;2023_22_137;kiitos;1
1494;22/2023;2023_22_137;kokemusten;1
1494;22/2023;2023_22_137;kokonaisuus;1
1494;22/2023;2023_22_137;koska;3
1494;22/2023;2023_22_137;kun;1
1494;22/2023;2023_22_137;kuten;2
1494;22/2023;2023_22_137;kyseessä;1
1494;22/2023;2023_22_137;käynnissä;1
1494;22/2023;2023_22_137;käyttöön;1
1494;22/2023;2023_22_137;lainmukaisuuteen;1
1494;22/2023;2023_22_137;lakeja;2
1494;22/2023;2023_22_137;lakien;1
1494;22/2023;2023_22_137;lisää;1
1494;22/2023;2023_22_137;loi;1
1494;22/2023;2023_22_137;lukea;1
1494;22/2023;2023_22_137;luottamuksen;2
1494;22/2023;2023_22_137;luottamusta;1
1494;22/2023;2023_22_137;läntisen;1
1494;22/2023;2023_22_137;mainittiin;1
1494;22/2023;2023_22_137;mainittu;1
1494;22/2023;2023_22_137;meillä;2
1494;22/2023;2023_22_137;menee;1
1494;22/2023;2023_22_137;miten;1
1494;22/2023;2023_22_137;mukaan;1
1494;22/2023;2023_22_137;myös;2
1494;22/2023;2023_22_137;nykyisessä;1
1494;22/2023;2023_22_137;näin;1
1494;22/2023;2023_22_137;ole;1
1494;22/2023;2023_22_137;on;10
1494;22/2023;2023_22_137;osoittaa;1
1494;22/2023;2023_22_137;ottaa;1
1494;22/2023;2023_22_137;parlamentaarista;1
1494;22/2023;2023_22_137;pitää;1
1494;22/2023;2023_22_137;puheenjohtajana;1
1494;22/2023;2023_22_137;puhemies;1
1494;22/2023;2023_22_137;puoli;1
1494;22/2023;2023_22_137;rakentaa;1
1494;22/2023;2023_22_137;resursoida;1
1494;22/2023;2023_22_137;riittävä;1
1494;22/2023;2023_22_137;riittävällä;1
1494;22/2023;2023_22_137;riittävästi;1
1494;22/2023;2023_22_137;rouva;1
1494;22/2023;2023_22_137;saatiin;1
1494;22/2023;2023_22_137;samalla;1
1494;22/2023;2023_22_137;se;1
1494;22/2023;2023_22_137;sekä;2
1494;22/2023;2023_22_137;sellainen;1
1494;22/2023;2023_22_137;seuraavat;1
1494;22/2023;2023_22_137;siviilitiedustelulait;1
1494;22/2023;2023_22_137;sotilas;1
1494;22/2023;2023_22_137;suomella;1
1494;22/2023;2023_22_137;tahojen;1
1494;22/2023;2023_22_137;takaa;1
1494;22/2023;2023_22_137;tarkentaa;1
1494;22/2023;2023_22_137;tarkkaan;1
1494;22/2023;2023_22_137;tasolla;1
1494;22/2023;2023_22_137;tehtävien;1
1494;22/2023;2023_22_137;tiedustelujärjestelmään;1
1494;22/2023;2023_22_137;tiedustelulakeja;2
1494;22/2023;2023_22_137;tiedustelutoiminta;1
1494;22/2023;2023_22_137;tiedusteluvalvontavaliokunnan;1
1494;22/2023;2023_22_137;tiedusteluvalvontavaltuutetun;2
1494;22/2023;2023_22_137;tietenkin;1
1494;22/2023;2023_22_137;tilanne;1
1494;22/2023;2023_22_137;tiukimmista;1
1494;22/2023;2023_22_137;tiukin;1
1494;22/2023;2023_22_137;toimii;1
1494;22/2023;2023_22_137;toiminnan;1
1494;22/2023;2023_22_137;toimintamallin;1
1494;22/2023;2023_22_137;toimintatapamalleja;1
1494;22/2023;2023_22_137;tosiaan;1
1494;22/2023;2023_22_137;tukena;1
1494;22/2023;2023_22_137;tulee;1
1494;22/2023;2023_22_137;turvallisuuden;1
1494;22/2023;2023_22_137;turvallisuustilanteessa;1
1494;22/2023;2023_22_137;tälle;1
1494;22/2023;2023_22_137;tämä;1
1494;22/2023;2023_22_137;tärkeä;1
1494;22/2023;2023_22_137;tärkeämpi;1
1494;22/2023;2023_22_137;tässä;1
1494;22/2023;2023_22_137;täällä;1
1494;22/2023;2023_22_137;uusien;1
1494;22/2023;2023_22_137;vaan;1
1494;22/2023;2023_22_137;vaativien;1
1494;22/2023;2023_22_137;vain;1
1494;22/2023;2023_22_137;valvojien;1
1494;22/2023;2023_22_137;valvonta;3
1494;22/2023;2023_22_137;valvontaa;3
1494;22/2023;2023_22_137;valvontajärjestelmistä;1
1494;22/2023;2023_22_137;valvottavien;1
1494;22/2023;2023_22_137;venäjän;1
1494;22/2023;2023_22_137;vielä;1
1494;22/2023;2023_22_137;viime;1
1494;22/2023;2023_22_137;viimeisintä;1
1494;22/2023;2023_22_137;viranomaiset;1
1494;22/2023;2023_22_137;viranomaisten;1
1494;22/2023;2023_22_137;voidaan;1
1494;22/2023;2023_22_137;vuotta;1
1494;22/2023;2023_22_137;välille;1
1494;22/2023;2023_22_137;yhteistoiminnassa;1
1494;22/2023;2023_22_137;yksi;1
1494;22/2023;2023_22_137;yli;1
1494;22/2023;2023_22_137;äsken;1
1494;71/2023;2023_71_42;aa;1
1494;71/2023;2023_71_42;aggressio;1
1494;71/2023;2023_71_42;aikaa;1
1494;71/2023;2023_71_42;aikana;1
1494;71/2023;2023_71_42;akuutti;1
1494;71/2023;2023_71_42;arvion;1
1494;71/2023;2023_71_42;arvoisa;1
1494;71/2023;2023_71_42;aseellisilta;1
1494;71/2023;2023_71_42;aseellista;2
1494;71/2023;2023_71_42;asiassa;1
1494;71/2023;2023_71_42;ehdottomasti;2
1494;71/2023;2023_71_42;ei;1
1494;71/2023;2023_71_42;eli;1
1494;71/2023;2023_71_42;elää;2
1494;71/2023;2023_71_42;enemmän;1
1494;71/2023;2023_71_42;erilaista;1
1494;71/2023;2023_71_42;esitti;1
1494;71/2023;2023_71_42;että;6
1494;71/2023;2023_71_42;eun;2
1494;71/2023;2023_71_42;euroopan;2
1494;71/2023;2023_71_42;euroopassa;1
1494;71/2023;2023_71_42;for;1
1494;71/2023;2023_71_42;globaalin;1
1494;71/2023;2023_71_42;hallitsevat;1
1494;71/2023;2023_71_42;hallitus;1
1494;71/2023;2023_71_42;hetkellä;1
1494;71/2023;2023_71_42;hyviä;1
1494;71/2023;2023_71_42;ihmistä;1
1494;71/2023;2023_71_42;institute;1
1494;71/2023;2023_71_42;instrumentteja;1
1494;71/2023;2023_71_42;ja;8
1494;71/2023;2023_71_42;jatkossa;1
1494;71/2023;2023_71_42;jatkossakin;1
1494;71/2023;2023_71_42;jo;1
1494;71/2023;2023_71_42;joilla;1
1494;71/2023;2023_71_42;joissa;1
1494;71/2023;2023_71_42;joita;1
1494;71/2023;2023_71_42;joka;1
1494;71/2023;2023_71_42;jolloin;1
1494;71/2023;2023_71_42;jonka;1
1494;71/2023;2023_71_42;jotka;1
1494;71/2023;2023_71_42;juuri;1
1494;71/2023;2023_71_42;kansainvälistä;1
1494;71/2023;2023_71_42;kasvanut;2
1494;71/2023;2023_71_42;kasvavat;1
1494;71/2023;2023_71_42;katsoa;1
1494;71/2023;2023_71_42;kehitetty;1
1494;71/2023;2023_71_42;kertaan;1
1494;71/2023;2023_71_42;kestää;1
1494;71/2023;2023_71_42;konflikteissa;1
1494;71/2023;2023_71_42;konfliktia;1
1494;71/2023;2023_71_42;koska;1
1494;71/2023;2023_71_42;kotimaassa;1
1494;71/2023;2023_71_42;kriisi;1
1494;71/2023;2023_71_42;kuin;1
1494;71/2023;2023_71_42;kun;1
1494;71/2023;2023_71_42;kuolleisuus;1
1494;71/2023;2023_71_42;kyllä;1
1494;71/2023;2023_71_42;käynnissä;1
1494;71/2023;2023_71_42;käyttämään;1
1494;71/2023;2023_71_42;käyttää;1
1494;71/2023;2023_71_42;käytännön;1
1494;71/2023;2023_71_42;laillista;1
1494;71/2023;2023_71_42;laitonta;1
1494;71/2023;2023_71_42;luku;1
1494;71/2023;2023_71_42;lukumäärä;1
1494;71/2023;2023_71_42;maailma;1
1494;71/2023;2023_71_42;maailmaa;1
1494;71/2023;2023_71_42;maailmalla;1
1494;71/2023;2023_71_42;maailmanlaajuisesti;1
1494;71/2023;2023_71_42;mainittu;1
1494;71/2023;2023_71_42;meillä;1
1494;71/2023;2023_71_42;miljoonaa;1
1494;71/2023;2023_71_42;mukaan;2
1494;71/2023;2023_71_42;mutta;1
1494;71/2023;2023_71_42;myös;4
1494;71/2023;2023_71_42;niin;3
1494;71/2023;2023_71_42;niitä;1
1494;71/2023;2023_71_42;noin;1
1494;71/2023;2023_71_42;nähdään;1
1494;71/2023;2023_71_42;näiltä;1
1494;71/2023;2023_71_42;näinhän;1
1494;71/2023;2023_71_42;näissä;1
1494;71/2023;2023_71_42;näitä;1
1494;71/2023;2023_71_42;oikein;1
1494;71/2023;2023_71_42;ole;1
1494;71/2023;2023_71_42;olemaan;1
1494;71/2023;2023_71_42;olemassa;1
1494;71/2023;2023_71_42;on;16
1494;71/2023;2023_71_42;oppositiopuolueiden;1
1494;71/2023;2023_71_42;osoittaa;1
1494;71/2023;2023_71_42;parantamista;1
1494;71/2023;2023_71_42;pidetty;1
1494;71/2023;2023_71_42;pitkäjänteisesti;1
1494;71/2023;2023_71_42;pitkäjänteistä;1
1494;71/2023;2023_71_42;pitkään;1
1494;71/2023;2023_71_42;pitää;4
1494;71/2023;2023_71_42;prosenttia;2
1494;71/2023;2023_71_42;puheenvuoroja;1
1494;71/2023;2023_71_42;puhemies;1
1494;71/2023;2023_71_42;punaisen;1
1494;71/2023;2023_71_42;pysäyttää;1
1494;71/2023;2023_71_42;päätöstä;1
1494;71/2023;2023_71_42;rakentaminen;1
1494;71/2023;2023_71_42;raportin;1
1494;71/2023;2023_71_42;riittämään;1
1494;71/2023;2023_71_42;ristin;1
1494;71/2023;2023_71_42;ruveta;1
1494;71/2023;2023_71_42;ryhmiltä;1
1494;71/2023;2023_71_42;ryhmää;1
1494;71/2023;2023_71_42;se;2
1494;71/2023;2023_71_42;sekä;1
1494;71/2023;2023_71_42;sen;1
1494;71/2023;2023_71_42;sitten;1
1494;71/2023;2023_71_42;sitä;2
1494;71/2023;2023_71_42;sopiva;1
1494;71/2023;2023_71_42;strategic;1
1494;71/2023;2023_71_42;studies;1
1494;71/2023;2023_71_42;suojaa;2
1494;71/2023;2023_71_42;suomi;1
1494;71/2023;2023_71_42;suorituskyvylle;1
1494;71/2023;2023_71_42;suorituskyvyn;1
1494;71/2023;2023_71_42;suurin;1
1494;71/2023;2023_71_42;suurvaltakilpailun;1
1494;71/2023;2023_71_42;taholta;1
1494;71/2023;2023_71_42;tai;1
1494;71/2023;2023_71_42;taisteluosastojen;1
1494;71/2023;2023_71_42;takia;1
1494;71/2023;2023_71_42;tarvetta;1
1494;71/2023;2023_71_42;tehtyä;1
1494;71/2023;2023_71_42;tilaisuus;1
1494;71/2023;2023_71_42;tosiasia;1
1494;71/2023;2023_71_42;tuetaan;1
1494;71/2023;2023_71_42;tuettu;1
1494;71/2023;2023_71_42;tukea;3
1494;71/2023;2023_71_42;tulee;3
1494;71/2023;2023_71_42;tulevaisuudessa;1
1494;71/2023;2023_71_42;tulevaisuuteen;1
1494;71/2023;2023_71_42;turvassa;1
1494;71/2023;2023_71_42;työtä;1
1494;71/2023;2023_71_42;tällaisen;1
1494;71/2023;2023_71_42;tällä;1
1494;71/2023;2023_71_42;tärkeätä;1
1494;71/2023;2023_71_42;tärkeää;1
1494;71/2023;2023_71_42;tässä;3
1494;71/2023;2023_71_42;tätä;1
1494;71/2023;2023_71_42;täällä;2
1494;71/2023;2023_71_42;töitä;1
1494;71/2023;2023_71_42;ukraina;1
1494;71/2023;2023_71_42;ukrainaa;1
1494;71/2023;2023_71_42;ukrainan;1
1494;71/2023;2023_71_42;ulkopuolella;1
1494;71/2023;2023_71_42;unionin;1
1494;71/2023;2023_71_42;useampaan;1
1494;71/2023;2023_71_42;valitettavasti;2
1494;71/2023;2023_71_42;valmius;1
1494;71/2023;2023_71_42;valmiutta;1
1494;71/2023;2023_71_42;venäjän;1
1494;71/2023;2023_71_42;voimme;1
1494;71/2023;2023_71_42;vuoden;1
1494;71/2023;2023_71_42;vuosikymmen;1
1494;71/2023;2023_71_42;vuoteen;1
1494;71/2023;2023_71_42;vähemmän;1
1494;71/2023;2023_71_42;väkivaltaisuuden;1
1494;71/2023;2023_71_42;väkivaltaisuudet;1
1494;71/2023;2023_71_42;ympäri;1
1494;73/2024;2024_73_112;aiheesta;1
1494;73/2024;2024_73_112;aiotaan;1
1494;73/2024;2024_73_112;aivan;1
1494;73/2024;2024_73_112;alusta;1
1494;73/2024;2024_73_112;ampuma-aseen;1
1494;73/2024;2024_73_112;analyysejakin;1
1494;73/2024;2024_73_112;annetaan;1
1494;73/2024;2024_73_112;arvattavaa;1
1494;73/2024;2024_73_112;arvoisa;1
1494;73/2024;2024_73_112;asioissa;1
1494;73/2024;2024_73_112;auton;1
1494;73/2024;2024_73_112;avoimin;1
1494;73/2024;2024_73_112;avulla;1
1494;73/2024;2024_73_112;edelleenkin;1
1494;73/2024;2024_73_112;edustaja;1
1494;73/2024;2024_73_112;ei;3
1494;73/2024;2024_73_112;eli;2
1494;73/2024;2024_73_112;ennakoitavissa;1
1494;73/2024;2024_73_112;ennalta;1
1494;73/2024;2024_73_112;ennen;2
1494;73/2024;2024_73_112;entistä;1
1494;73/2024;2024_73_112;erilaisiin;1
1494;73/2024;2024_73_112;erittäin;1
1494;73/2024;2024_73_112;esille;1
1494;73/2024;2024_73_112;esimerkiksi;4
1494;73/2024;2024_73_112;esimerkissä;1
1494;73/2024;2024_73_112;eteenpäin;2
1494;73/2024;2024_73_112;että;10
1494;73/2024;2024_73_112;helppo;2
1494;73/2024;2024_73_112;helppoa;1
1494;73/2024;2024_73_112;henkilökunnan;1
1494;73/2024;2024_73_112;henkilökuntaa;3
1494;73/2024;2024_73_112;hienoa;1
1494;73/2024;2024_73_112;hybridisodankäyntiä;1
1494;73/2024;2024_73_112;hybridisodassa;1
1494;73/2024;2024_73_112;hybriditilanteessa;1
1494;73/2024;2024_73_112;hyvin;2
1494;73/2024;2024_73_112;hyviä;1
1494;73/2024;2024_73_112;hyvä;1
1494;73/2024;2024_73_112;hyvät;2
1494;73/2024;2024_73_112;hyödyntää;1
1494;73/2024;2024_73_112;hyökkäyksen;2
1494;73/2024;2024_73_112;hyökkäys;1
1494;73/2024;2024_73_112;hyökkäävää;1
1494;73/2024;2024_73_112;ilman;1
1494;73/2024;2024_73_112;ilmi;1
1494;73/2024;2024_73_112;ja;10
1494;73/2024;2024_73_112;jatkossakin;1
1494;73/2024;2024_73_112;johtuen;1
1494;73/2024;2024_73_112;joka;1
1494;73/2024;2024_73_112;jolloin;1
1494;73/2024;2024_73_112;jonka;1
1494;73/2024;2024_73_112;jos;1
1494;73/2024;2024_73_112;jossa;1
1494;73/2024;2024_73_112;joudutaan;3
1494;73/2024;2024_73_112;jouduttuaan;1
1494;73/2024;2024_73_112;joukkoa;1
1494;73/2024;2024_73_112;joustavammin;1
1494;73/2024;2024_73_112;joustavasti;1
1494;73/2024;2024_73_112;järjestelmää;1
1494;73/2024;2024_73_112;järkevää;1
1494;73/2024;2024_73_112;kaasuaseesta;1
1494;73/2024;2024_73_112;kadettikoulua;1
1494;73/2024;2024_73_112;kaikkea;1
1494;73/2024;2024_73_112;kaikkeen;1
1494;73/2024;2024_73_112;kaikki;1
1494;73/2024;2024_73_112;kannalta;1
1494;73/2024;2024_73_112;kansallisen;1
1494;73/2024;2024_73_112;kansantaloudellisesti;1
1494;73/2024;2024_73_112;kasvattaa;1
1494;73/2024;2024_73_112;kehitettävää;1
1494;73/2024;2024_73_112;kehittämistä;1
1494;73/2024;2024_73_112;kehittämään;3
1494;73/2024;2024_73_112;keskeisissä;1
1494;73/2024;2024_73_112;kestää;1
1494;73/2024;2024_73_112;kiitos;1
1494;73/2024;2024_73_112;kohteeksi;1
1494;73/2024;2024_73_112;kolme;1
1494;73/2024;2024_73_112;korkealaatuisen;1
1494;73/2024;2024_73_112;koska;1
1494;73/2024;2024_73_112;koulutetaan;1
1494;73/2024;2024_73_112;koulutettua;1
1494;73/2024;2024_73_112;koulutuksen;1
1494;73/2024;2024_73_112;koulutus;1
1494;73/2024;2024_73_112;kuin;4
1494;73/2024;2024_73_112;kuitenkin;2
1494;73/2024;2024_73_112;kun;1
1494;73/2024;2024_73_112;kuollut;1
1494;73/2024;2024_73_112;kustannustehokasta;1
1494;73/2024;2024_73_112;kustannustehokkaasti;1
1494;73/2024;2024_73_112;kyse;1
1494;73/2024;2024_73_112;kyvyt;1
1494;73/2024;2024_73_112;kävi;1
1494;73/2024;2024_73_112;käyttämisestä;1
1494;73/2024;2024_73_112;käyttämään;1
1494;73/2024;2024_73_112;käyttää;5
1494;73/2024;2024_73_112;käytöstä;1
1494;73/2024;2024_73_112;lainsäädäntöä;1
1494;73/2024;2024_73_112;lait;1
1494;73/2024;2024_73_112;lakeja;1
1494;73/2024;2024_73_112;lakia;1
1494;73/2024;2024_73_112;liikkeelle;1
1494;73/2024;2024_73_112;liittouma;1
1494;73/2024;2024_73_112;liittyen;1
1494;73/2024;2024_73_112;lisääminen;1
1494;73/2024;2024_73_112;luvun;1
1494;73/2024;2024_73_112;lähetetty;1
1494;73/2024;2024_73_112;lähettämään;2
1494;73/2024;2024_73_112;lähteä;1
1494;73/2024;2024_73_112;maanpuolustus;1
1494;73/2024;2024_73_112;mainittu;3
1494;73/2024;2024_73_112;me;8
1494;73/2024;2024_73_112;meidän;2
1494;73/2024;2024_73_112;meillä;8
1494;73/2024;2024_73_112;merkittävästi;2
1494;73/2024;2024_73_112;mielin;1
1494;73/2024;2024_73_112;mietinnöstä;1
1494;73/2024;2024_73_112;mikä;3
1494;73/2024;2024_73_112;minimiinsä;1
1494;73/2024;2024_73_112;minkälainen;1
1494;73/2024;2024_73_112;minkään;1
1494;73/2024;2024_73_112;missä;1
1494;73/2024;2024_73_112;miten;3
1494;73/2024;2024_73_112;mitä;1
1494;73/2024;2024_73_112;mitään;2
1494;73/2024;2024_73_112;monessa;1
1494;73/2024;2024_73_112;mutta;1
1494;73/2024;2024_73_112;myös;1
1494;73/2024;2024_73_112;niin;7
1494;73/2024;2024_73_112;no;1
1494;73/2024;2024_73_112;nopeassakin;1
1494;73/2024;2024_73_112;nostetaan;1
1494;73/2024;2024_73_112;nyt;5
1494;73/2024;2024_73_112;nähdä;1
1494;73/2024;2024_73_112;nähty;1
1494;73/2024;2024_73_112;näissä;1
1494;73/2024;2024_73_112;näitä;1
1494;73/2024;2024_73_112;oikein;1
1494;73/2024;2024_73_112;ole;1
1494;73/2024;2024_73_112;oli;1
1494;73/2024;2024_73_112;olla;1
1494;73/2024;2024_73_112;ollaan;6
1494;73/2024;2024_73_112;on;22
1494;73/2024;2024_73_112;paljon;1
1494;73/2024;2024_73_112;pampun;1
1494;73/2024;2024_73_112;pidetty;1
1494;73/2024;2024_73_112;pitämään;1
1494;73/2024;2024_73_112;pitää;2
1494;73/2024;2024_73_112;poliisi;1
1494;73/2024;2024_73_112;poliisikoulua;1
1494;73/2024;2024_73_112;puheenvuoroja;1
1494;73/2024;2024_73_112;puheenvuoroon;1
1494;73/2024;2024_73_112;puheenvuorossa;1
1494;73/2024;2024_73_112;puhemies;1
1494;73/2024;2024_73_112;puolassa;1
1494;73/2024;2024_73_112;puolella;1
1494;73/2024;2024_73_112;puolustusjärjestelmää;1
1494;73/2024;2024_73_112;puolustusselonteossa;1
1494;73/2024;2024_73_112;puolustusvaliokunnan;1
1494;73/2024;2024_73_112;puolustusvoimat;1
1494;73/2024;2024_73_112;puolustusvoimien;1
1494;73/2024;2024_73_112;pystytty;1
1494;73/2024;2024_73_112;päiväkäskytetään;1
1494;73/2024;2024_73_112;raja;1
1494;73/2024;2024_73_112;rajakoulua;1
1494;73/2024;2024_73_112;rajalla;1
1494;73/2024;2024_73_112;rajalta;1
1494;73/2024;2024_73_112;rajan;1
1494;73/2024;2024_73_112;rajavartiolaitoksen;1
1494;73/2024;2024_73_112;rauhan;1
1494;73/2024;2024_73_112;reservi;1
1494;73/2024;2024_73_112;reserviin;1
1494;73/2024;2024_73_112;reserviläiselle;1
1494;73/2024;2024_73_112;reserviläisiä;1
1494;73/2024;2024_73_112;reservin;1
1494;73/2024;2024_73_112;reserviä;4
1494;73/2024;2024_73_112;reserviämme;1
1494;73/2024;2024_73_112;resursoida;1
1494;73/2024;2024_73_112;riittävän;1
1494;73/2024;2024_73_112;rouva;1
1494;73/2024;2024_73_112;ruvetaan;2
1494;73/2024;2024_73_112;sanotusti;1
1494;73/2024;2024_73_112;se;6
1494;73/2024;2024_73_112;selvittää;1
1494;73/2024;2024_73_112;selvästi;1
1494;73/2024;2024_73_112;semmoiset;1
1494;73/2024;2024_73_112;sen;1
1494;73/2024;2024_73_112;senpä;1
1494;73/2024;2024_73_112;sieltä;1
1494;73/2024;2024_73_112;siihen;2
1494;73/2024;2024_73_112;siinä;1
1494;73/2024;2024_73_112;siitä;1
1494;73/2024;2024_73_112;sillä;1
1494;73/2024;2024_73_112;sinne;1
1494;73/2024;2024_73_112;sitten;2
1494;73/2024;2024_73_112;sitä;5
1494;73/2024;2024_73_112;sotilaallinen;1
1494;73/2024;2024_73_112;sotilaallisen;1
1494;73/2024;2024_73_112;sotilas;1
1494;73/2024;2024_73_112;supistettu;1
1494;73/2024;2024_73_112;syvinä;1
1494;73/2024;2024_73_112;tahansa;1
1494;73/2024;2024_73_112;tai;2
1494;73/2024;2024_73_112;takia;2
1494;73/2024;2024_73_112;tapahtua;1
1494;73/2024;2024_73_112;tarkasti;1
1494;73/2024;2024_73_112;tarvitaan;1
1494;73/2024;2024_73_112;tavalla;1
1494;73/2024;2024_73_112;teekään;1
1494;73/2024;2024_73_112;tehokkaammin;2
1494;73/2024;2024_73_112;tehokkaasti;1
1494;73/2024;2024_73_112;testataan;1
1494;73/2024;2024_73_112;tietenkin;1
1494;73/2024;2024_73_112;tietää;1
1494;73/2024;2024_73_112;tilannetta;1
1494;73/2024;2024_73_112;tilanteessa;3
1494;73/2024;2024_73_112;tilanteisiin;1
1494;73/2024;2024_73_112;tilanteissa;1
1494;73/2024;2024_73_112;toimintaa;1
1494;73/2024;2024_73_112;toimivaltuudet;1
1494;73/2024;2024_73_112;toimivaltuuksia;1
1494;73/2024;2024_73_112;toivottavasti;1
1494;73/2024;2024_73_112;torjunta;1
1494;73/2024;2024_73_112;tosi;1
1494;73/2024;2024_73_112;tosiaan;3
1494;73/2024;2024_73_112;tosiasiahan;1
1494;73/2024;2024_73_112;tukemaan;1
1494;73/2024;2024_73_112;tukeminen;1
1494;73/2024;2024_73_112;tuleekin;1
1494;73/2024;2024_73_112;tuleville;1
1494;73/2024;2024_73_112;turvallisuuden;1
1494;73/2024;2024_73_112;turvallisuusviranomaisen;1
1494;73/2024;2024_73_112;turvallisuusviranomaiset;1
1494;73/2024;2024_73_112;turvautumaan;1
1494;73/2024;2024_73_112;tällä;1
1494;73/2024;2024_73_112;tämmöisessä;1
1494;73/2024;2024_73_112;tämmöistä;1
1494;73/2024;2024_73_112;tämä;1
1494;73/2024;2024_73_112;tässä;1
1494;73/2024;2024_73_112;tätä;1
1494;73/2024;2024_73_112;täällä;3
1494;73/2024;2024_73_112;useassa;1
1494;73/2024;2024_73_112;vahva;1
1494;73/2024;2024_73_112;vaikeasti;1
1494;73/2024;2024_73_112;vallitsee;1
1494;73/2024;2024_73_112;valmiita;1
1494;73/2024;2024_73_112;valmius;1
1494;73/2024;2024_73_112;varsinaisesta;1
1494;73/2024;2024_73_112;varten;1
1494;73/2024;2024_73_112;varustusta;1
1494;73/2024;2024_73_112;vastaan;2
1494;73/2024;2024_73_112;venäjä;1
1494;73/2024;2024_73_112;venäjää;1
1494;73/2024;2024_73_112;viilaamaan;1
1494;73/2024;2024_73_112;voi;3
1494;73/2024;2024_73_112;voidaan;3
1494;73/2024;2024_73_112;voimaa;1
1494;73/2024;2024_73_112;voimakkaasti;1
1494;73/2024;2024_73_112;voimankäyttöön;1
1494;73/2024;2024_73_112;vuosikymmeniä;1
1494;73/2024;2024_73_112;vuosina;1
1494;73/2024;2024_73_112;vuotta;1
1494;73/2024;2024_73_112;vähän;1
1494;73/2024;2024_73_112;väkivaltainen;1
1494;73/2024;2024_73_112;yhtyä;1
1494;73/2024;2024_73_112;yhtäkkiä;1
1494;73/2024;2024_73_112;yksimielisyys;1
1494;73/2024;2024_73_112;yli;1
1494;73/2024;2024_73_112;ylitse;1
1494;73/2024;2024_73_112;yllä;1
1494;73/2024;2024_73_112;yllättävissä;1
1494;73/2024;2024_73_112;äärimmäisen;1
1494;74/2023;2023_74_345;aikaa;1
1494;74/2023;2023_74_345;aikana;1
1494;74/2023;2023_74_345;aikanaan;1
1494;74/2023;2023_74_345;aikavälin;1
1494;74/2023;2023_74_345;aina;1
1494;74/2023;2023_74_345;aivan;1
1494;74/2023;2023_74_345;alle;1
1494;74/2023;2023_74_345;alueita;1
1494;74/2023;2023_74_345;ammattisotilasta;1
1494;74/2023;2023_74_345;antaa;2
1494;74/2023;2023_74_345;arvoisa;1
1494;74/2023;2023_74_345;asia;1
1494;74/2023;2023_74_345;asioita;1
1494;74/2023;2023_74_345;budjetin;2
1494;74/2023;2023_74_345;budjetissa;1
1494;74/2023;2023_74_345;budjetista;3
1494;74/2023;2023_74_345;budjettia;1
1494;74/2023;2023_74_345;ei;9
1494;74/2023;2023_74_345;elämme;1
1494;74/2023;2023_74_345;ensi;3
1494;74/2023;2023_74_345;ensimmäisen;1
1494;74/2023;2023_74_345;ensinnäkin;1
1494;74/2023;2023_74_345;erinomaisesta;1
1494;74/2023;2023_74_345;erinomaista;1
1494;74/2023;2023_74_345;esiin;1
1494;74/2023;2023_74_345;esimerkkiä;1
1494;74/2023;2023_74_345;etenkin;3
1494;74/2023;2023_74_345;että;8
1494;74/2023;2023_74_345;euroa;1
1494;74/2023;2023_74_345;euroopan;1
1494;74/2023;2023_74_345;haasteeseen;1
1494;74/2023;2023_74_345;hallitukset;1
1494;74/2023;2023_74_345;haluaa;1
1494;74/2023;2023_74_345;haluaisin;1
1494;74/2023;2023_74_345;halvempaa;1
1494;74/2023;2023_74_345;hankinnat;1
1494;74/2023;2023_74_345;he;1
1494;74/2023;2023_74_345;heidät;1
1494;74/2023;2023_74_345;henkilöstöä;1
1494;74/2023;2023_74_345;historiallisen;1
1494;74/2023;2023_74_345;horjuttaa;1
1494;74/2023;2023_74_345;huolehtimiseen;1
1494;74/2023;2023_74_345;huolimatta;2
1494;74/2023;2023_74_345;huomiota;1
1494;74/2023;2023_74_345;hyvä;2
1494;74/2023;2023_74_345;hyökkäyksillä;1
1494;74/2023;2023_74_345;ihmishenkiä;1
1494;74/2023;2023_74_345;ilma;1
1494;74/2023;2023_74_345;ilman;1
1494;74/2023;2023_74_345;itselleen;1
1494;74/2023;2023_74_345;itsensä;1
1494;74/2023;2023_74_345;itsenäisen;1
1494;74/2023;2023_74_345;ja;14
1494;74/2023;2023_74_345;joka;1
1494;74/2023;2023_74_345;jopa;1
1494;74/2023;2023_74_345;jos;1
1494;74/2023;2023_74_345;jota;1
1494;74/2023;2023_74_345;jotka;2
1494;74/2023;2023_74_345;jouduttiin;1
1494;74/2023;2023_74_345;juuri;1
1494;74/2023;2023_74_345;jälkeen;1
1494;74/2023;2023_74_345;jälleen;2
1494;74/2023;2023_74_345;jälleenrakentaminen;1
1494;74/2023;2023_74_345;jätettyjen;1
1494;74/2023;2023_74_345;kahden;1
1494;74/2023;2023_74_345;kaikesta;1
1494;74/2023;2023_74_345;kaikki;1
1494;74/2023;2023_74_345;kaksi;1
1494;74/2023;2023_74_345;kallista;1
1494;74/2023;2023_74_345;kalustolla;1
1494;74/2023;2023_74_345;kaluston;1
1494;74/2023;2023_74_345;kannata;1
1494;74/2023;2023_74_345;kanssa;1
1494;74/2023;2023_74_345;kasvattavat;1
1494;74/2023;2023_74_345;kehittäminen;1
1494;74/2023;2023_74_345;kehittämisessä;1
1494;74/2023;2023_74_345;kehittämisestä;1
1494;74/2023;2023_74_345;kehittämistä;1
1494;74/2023;2023_74_345;kerran;2
1494;74/2023;2023_74_345;kertausharjoitusten;1
1494;74/2023;2023_74_345;kertautetaan;1
1494;74/2023;2023_74_345;kiinnittää;1
1494;74/2023;2023_74_345;kiitokset;1
1494;74/2023;2023_74_345;kiitoksia;1
1494;74/2023;2023_74_345;koko;2
1494;74/2023;2023_74_345;kokoonpanoon;1
1494;74/2023;2023_74_345;koputtaa;2
1494;74/2023;2023_74_345;korjaaminen;1
1494;74/2023;2023_74_345;korjattava;1
1494;74/2023;2023_74_345;korvaaminen;1
1494;74/2023;2023_74_345;koska;1
1494;74/2023;2023_74_345;koskee;1
1494;74/2023;2023_74_345;koulutuksen;1
1494;74/2023;2023_74_345;koulutusmäärien;1
1494;74/2023;2023_74_345;kovaa;1
1494;74/2023;2023_74_345;kovassa;1
1494;74/2023;2023_74_345;kriisinhallintaan;1
1494;74/2023;2023_74_345;kuin;1
1494;74/2023;2023_74_345;kuitenkaan;1
1494;74/2023;2023_74_345;kun;1
1494;74/2023;2023_74_345;kunnollisella;1
1494;74/2023;2023_74_345;kunnon;1
1494;74/2023;2023_74_345;kunnossa;1
1494;74/2023;2023_74_345;kuolemaan;1
1494;74/2023;2023_74_345;kuvastaa;1
1494;74/2023;2023_74_345;kymmenes;1
1494;74/2023;2023_74_345;käsketään;1
1494;74/2023;2023_74_345;käyminen;1
1494;74/2023;2023_74_345;laskee;1
1494;74/2023;2023_74_345;laskemaan;1
1494;74/2023;2023_74_345;laskeminen;1
1494;74/2023;2023_74_345;laskemisen;1
1494;74/2023;2023_74_345;levotonta;1
1494;74/2023;2023_74_345;liian;1
1494;74/2023;2023_74_345;lopuksi;1
1494;74/2023;2023_74_345;luulla;1
1494;74/2023;2023_74_345;lähes;1
1494;74/2023;2023_74_345;lähettää;1
1494;74/2023;2023_74_345;läntisiä;1
1494;74/2023;2023_74_345;maailmansodan;1
1494;74/2023;2023_74_345;maan;1
1494;74/2023;2023_74_345;maana;1
1494;74/2023;2023_74_345;maata;1
1494;74/2023;2023_74_345;maavoimia;1
1494;74/2023;2023_74_345;mahdollistaisi;1
1494;74/2023;2023_74_345;maksaa;1
1494;74/2023;2023_74_345;materiaalia;1
1494;74/2023;2023_74_345;materiaalihankintoihin;1
1494;74/2023;2023_74_345;materiaalisen;1
1494;74/2023;2023_74_345;meille;2
1494;74/2023;2023_74_345;meillä;1
1494;74/2023;2023_74_345;menee;1
1494;74/2023;2023_74_345;merivoimien;1
1494;74/2023;2023_74_345;merkitystä;1
1494;74/2023;2023_74_345;mieltä;2
1494;74/2023;2023_74_345;mikä;2
1494;74/2023;2023_74_345;miljardia;1
1494;74/2023;2023_74_345;millä;1
1494;74/2023;2023_74_345;ministerin;1
1494;74/2023;2023_74_345;ministeriölle;1
1494;74/2023;2023_74_345;mittava;1
1494;74/2023;2023_74_345;mitä;1
1494;74/2023;2023_74_345;mitään;1
1494;74/2023;2023_74_345;muistavat;1
1494;74/2023;2023_74_345;muodossa;1
1494;74/2023;2023_74_345;mutta;2
1494;74/2023;2023_74_345;muu;1
1494;74/2023;2023_74_345;muutamaa;1
1494;74/2023;2023_74_345;myös;2
1494;74/2023;2023_74_345;määrä;1
1494;74/2023;2023_74_345;naapurimaistaan;1
1494;74/2023;2023_74_345;natossa;1
1494;74/2023;2023_74_345;niiden;1
1494;74/2023;2023_74_345;niin;1
1494;74/2023;2023_74_345;noin;3
1494;74/2023;2023_74_345;nostaa;1
1494;74/2023;2023_74_345;nähneet;1
1494;74/2023;2023_74_345;nähty;1
1494;74/2023;2023_74_345;näiden;1
1494;74/2023;2023_74_345;näitä;1
1494;74/2023;2023_74_345;oikeuden;1
1494;74/2023;2023_74_345;ole;4
1494;74/2023;2023_74_345;olemme;3
1494;74/2023;2023_74_345;olen;2
1494;74/2023;2023_74_345;olisi;1
1494;74/2023;2023_74_345;oltaessa;1
1494;74/2023;2023_74_345;on;16
1494;74/2023;2023_74_345;operatiivista;1
1494;74/2023;2023_74_345;osaamattomat;1
1494;74/2023;2023_74_345;osaamisella;1
1494;74/2023;2023_74_345;osuus;1
1494;74/2023;2023_74_345;ottamaan;1
1494;74/2023;2023_74_345;ottanut;1
1494;74/2023;2023_74_345;ovat;3
1494;74/2023;2023_74_345;pakkaavat;1
1494;74/2023;2023_74_345;pelote;1
1494;74/2023;2023_74_345;pelotteen;1
1494;74/2023;2023_74_345;perusrakenteet;1
1494;74/2023;2023_74_345;pettämistä;1
1494;74/2023;2023_74_345;pidä;1
1494;74/2023;2023_74_345;pitkäjänteistä;1
1494;74/2023;2023_74_345;pitkän;1
1494;74/2023;2023_74_345;poikkeuksellinen;1
1494;74/2023;2023_74_345;prosenttia;2
1494;74/2023;2023_74_345;puhemies;3
1494;74/2023;2023_74_345;puolustamaan;2
1494;74/2023;2023_74_345;puolustuksen;1
1494;74/2023;2023_74_345;puolustus;1
1494;74/2023;2023_74_345;puolustusbudjetin;1
1494;74/2023;2023_74_345;puolustusbudjetti;3
1494;74/2023;2023_74_345;puolustushaaraamme;1
1494;74/2023;2023_74_345;puolustuskykymme;1
1494;74/2023;2023_74_345;puolustuskyvyn;1
1494;74/2023;2023_74_345;puolustusliiton;1
1494;74/2023;2023_74_345;puolustusliitossa;1
1494;74/2023;2023_74_345;puolustusministerille;1
1494;74/2023;2023_74_345;puolustusta;1
1494;74/2023;2023_74_345;puolustusvaliokuntien;1
1494;74/2023;2023_74_345;puolustusvoimien;2
1494;74/2023;2023_74_345;puolustusvoimilla;1
1494;74/2023;2023_74_345;puutteellisen;1
1494;74/2023;2023_74_345;puutteiden;1
1494;74/2023;2023_74_345;puutteita;1
1494;74/2023;2023_74_345;päivittäminen;1
1494;74/2023;2023_74_345;reserviläinen;1
1494;74/2023;2023_74_345;reserviläisillemme;2
1494;74/2023;2023_74_345;reservin;1
1494;74/2023;2023_74_345;reservistä;1
1494;74/2023;2023_74_345;resursoitava;1
1494;74/2023;2023_74_345;riittävä;1
1494;74/2023;2023_74_345;riittävän;1
1494;74/2023;2023_74_345;riittävästi;1
1494;74/2023;2023_74_345;rikkaana;1
1494;74/2023;2023_74_345;riskiä;1
1494;74/2023;2023_74_345;roolia;1
1494;74/2023;2023_74_345;rouva;1
1494;74/2023;2023_74_345;saavat;1
1494;74/2023;2023_74_345;samaa;2
1494;74/2023;2023_74_345;sataa;1
1494;74/2023;2023_74_345;satsata;1
1494;74/2023;2023_74_345;satsauksia;1
1494;74/2023;2023_74_345;se;3
1494;74/2023;2023_74_345;seikkaa;1
1494;74/2023;2023_74_345;sekoittaa;1
1494;74/2023;2023_74_345;sekä;1
1494;74/2023;2023_74_345;selvästi;1
1494;74/2023;2023_74_345;sen;2
1494;74/2023;2023_74_345;seuraavakin;1
1494;74/2023;2023_74_345;siihen;1
1494;74/2023;2023_74_345;siitä;2
1494;74/2023;2023_74_345;sijoitettu;1
1494;74/2023;2023_74_345;sitä;1
1494;74/2023;2023_74_345;sodan;1
1494;74/2023;2023_74_345;sodanajan;1
1494;74/2023;2023_74_345;sodassa;1
1494;74/2023;2023_74_345;sotilaallisen;1
1494;74/2023;2023_74_345;sotilaallisilla;1
1494;74/2023;2023_74_345;sta;1
1494;74/2023;2023_74_345;strategiset;1
1494;74/2023;2023_74_345;suhteen;1
1494;74/2023;2023_74_345;summa;1
1494;74/2023;2023_74_345;suomea;1
1494;74/2023;2023_74_345;suomen;1
1494;74/2023;2023_74_345;suomi;1
1494;74/2023;2023_74_345;suorituskyvyn;1
1494;74/2023;2023_74_345;suuntaviivaa;1
1494;74/2023;2023_74_345;suuri;1
1494;74/2023;2023_74_345;suuria;1
1494;74/2023;2023_74_345;suurinta;1
1494;74/2023;2023_74_345;suurvaltapolitiikan;1
1494;74/2023;2023_74_345;syy;1
1494;74/2023;2023_74_345;syytä;2
1494;74/2023;2023_74_345;tai;1
1494;74/2023;2023_74_345;talouden;1
1494;74/2023;2023_74_345;tarkastella;1
1494;74/2023;2023_74_345;tarkoita;2
1494;74/2023;2023_74_345;tarkoittaa;1
1494;74/2023;2023_74_345;tarpeellinen;1
1494;74/2023;2023_74_345;tarvitaan;1
1494;74/2023;2023_74_345;tasolla;1
1494;74/2023;2023_74_345;tehtäviä;1
1494;74/2023;2023_74_345;tehtäväänsä;1
1494;74/2023;2023_74_345;tietenkin;1
1494;74/2023;2023_74_345;tilanteesta;1
1494;74/2023;2023_74_345;tiukkuudesta;1
1494;74/2023;2023_74_345;todennäköisesti;1
1494;74/2023;2023_74_345;toimintaa;1
1494;74/2023;2023_74_345;toinen;1
1494;74/2023;2023_74_345;toisen;1
1494;74/2023;2023_74_345;toisiinsa;1
1494;74/2023;2023_74_345;toivon;1
1494;74/2023;2023_74_345;torjuntaan;1
1494;74/2023;2023_74_345;tosiasian;1
1494;74/2023;2023_74_345;tuhat;1
1494;74/2023;2023_74_345;tulee;1
1494;74/2023;2023_74_345;tulevaisuudessa;1
1494;74/2023;2023_74_345;tulevatkin;1
1494;74/2023;2023_74_345;tulevina;1
1494;74/2023;2023_74_345;turvallisuusrakenteita;1
1494;74/2023;2023_74_345;työpaineessa;1
1494;74/2023;2023_74_345;työstä;1
1494;74/2023;2023_74_345;työtä;1
1494;74/2023;2023_74_345;tähän;1
1494;74/2023;2023_74_345;tällä;2
1494;74/2023;2023_74_345;tämä;6
1494;74/2023;2023_74_345;tämän;3
1494;74/2023;2023_74_345;tämänkin;1
1494;74/2023;2023_74_345;tässä;1
1494;74/2023;2023_74_345;täysin;1
1494;74/2023;2023_74_345;uhka;1
1494;74/2023;2023_74_345;ukrainassa;2
1494;74/2023;2023_74_345;ulkoasiain;1
1494;74/2023;2023_74_345;ulkopolitiikkaa;1
1494;74/2023;2023_74_345;useampi;1
1494;74/2023;2023_74_345;uudelleen;1
1494;74/2023;2023_74_345;vaan;2
1494;74/2023;2023_74_345;vaatii;1
1494;74/2023;2023_74_345;vaikeasta;1
1494;74/2023;2023_74_345;vain;1
1494;74/2023;2023_74_345;valitettavasti;1
1494;74/2023;2023_74_345;vallata;1
1494;74/2023;2023_74_345;valmiuden;1
1494;74/2023;2023_74_345;valtiontalouden;1
1494;74/2023;2023_74_345;vanhalla;1
1494;74/2023;2023_74_345;vanhenevan;1
1494;74/2023;2023_74_345;varustuksella;1
1494;74/2023;2023_74_345;vastaa;1
1494;74/2023;2023_74_345;velkaa;2
1494;74/2023;2023_74_345;venäjä;2
1494;74/2023;2023_74_345;verrattavaa;1
1494;74/2023;2023_74_345;voidaan;1
1494;74/2023;2023_74_345;vuoden;4
1494;74/2023;2023_74_345;vuosi;1
1494;74/2023;2023_74_345;vuosikymmen;1
1494;74/2023;2023_74_345;vuosikymmenellä;2
1494;74/2023;2023_74_345;vuosikymmenen;1
1494;74/2023;2023_74_345;vuosina;1
1494;74/2023;2023_74_345;vuosituhannen;1
1494;74/2023;2023_74_345;vähäisyys;1
1494;74/2023;2023_74_345;vähän;1
1494;74/2023;2023_74_345;yhteinen;1
1494;74/2023;2023_74_345;yksinkertaisesti;1
1494;74/2023;2023_74_345;yli;1
1494;74/2023;2023_74_345;ylläpito;1
1494;74/2023;2023_74_345;ylläpitäminen;1
1494;77/2023;2023_77_90;aikana;1
1494;77/2023;2023_77_90;ajan;2
1494;77/2023;2023_77_90;ajasta;1
1494;77/2023;2023_77_90;annetuista;1
1494;77/2023;2023_77_90;arvoisa;2
1494;77/2023;2023_77_90;arvoyhteisöönsä;1
1494;77/2023;2023_77_90;asia;4
1494;77/2023;2023_77_90;asiaa;1
1494;77/2023;2023_77_90;asiaan;1
1494;77/2023;2023_77_90;asiat;1
1494;77/2023;2023_77_90;demokraattisiin;1
1494;77/2023;2023_77_90;edellisten;1
1494;77/2023;2023_77_90;eduskunnassa;2
1494;77/2023;2023_77_90;eduskunta;1
1494;77/2023;2023_77_90;edustaja;1
1494;77/2023;2023_77_90;edustajakollegoille;1
1494;77/2023;2023_77_90;edustajien;1
1494;77/2023;2023_77_90;ei;2
1494;77/2023;2023_77_90;enemmistöllä;1
1494;77/2023;2023_77_90;entistä;1
1494;77/2023;2023_77_90;eri;3
1494;77/2023;2023_77_90;erinomainen;1
1494;77/2023;2023_77_90;erinomaisesta;1
1494;77/2023;2023_77_90;erioikeuksien;1
1494;77/2023;2023_77_90;esiintynyt;1
1494;77/2023;2023_77_90;esittää;1
1494;77/2023;2023_77_90;etenkin;1
1494;77/2023;2023_77_90;etsitään;1
1494;77/2023;2023_77_90;että;9
1494;77/2023;2023_77_90;eurooppaa;1
1494;77/2023;2023_77_90;hallituksemme;1
1494;77/2023;2023_77_90;hallitus;1
1494;77/2023;2023_77_90;haluan;1
1494;77/2023;2023_77_90;harkittu;1
1494;77/2023;2023_77_90;heidän;2
1494;77/2023;2023_77_90;heikentäisi;1
1494;77/2023;2023_77_90;heistä;1
1494;77/2023;2023_77_90;herra;1
1494;77/2023;2023_77_90;hieman;1
1494;77/2023;2023_77_90;huippuvuosina;1
1494;77/2023;2023_77_90;huolella;1
1494;77/2023;2023_77_90;huolestumista;1
1494;77/2023;2023_77_90;huolet;1
1494;77/2023;2023_77_90;hyvin;2
1494;77/2023;2023_77_90;hyvä;1
1494;77/2023;2023_77_90;hyväksymisestä;1
1494;77/2023;2023_77_90;hyväksyä;1
1494;77/2023;2023_77_90;hyvää;1
1494;77/2023;2023_77_90;hyökkäyskynnystä;1
1494;77/2023;2023_77_90;ilman;1
1494;77/2023;2023_77_90;ilo;1
1494;77/2023;2023_77_90;intressejä;1
1494;77/2023;2023_77_90;iske;1
1494;77/2023;2023_77_90;isäntämaiden;1
1494;77/2023;2023_77_90;itsemääräämisoikeutta;1
1494;77/2023;2023_77_90;itsenäisyyttä;1
1494;77/2023;2023_77_90;ja;15
1494;77/2023;2023_77_90;joka;2
1494;77/2023;2023_77_90;jokapäiväistymään;1
1494;77/2023;2023_77_90;jonkin;1
1494;77/2023;2023_77_90;jossa;1
1494;77/2023;2023_77_90;jotenkin;1
1494;77/2023;2023_77_90;joukkoja;4
1494;77/2023;2023_77_90;joukkojen;1
1494;77/2023;2023_77_90;joulua;1
1494;77/2023;2023_77_90;jäsenmaiden;1
1494;77/2023;2023_77_90;jäsenmaissa;1
1494;77/2023;2023_77_90;kahden;1
1494;77/2023;2023_77_90;kaikille;1
1494;77/2023;2023_77_90;kaikkien;1
1494;77/2023;2023_77_90;kaksipuolinen;1
1494;77/2023;2023_77_90;kannattaa;1
1494;77/2023;2023_77_90;kansainvälinen;1
1494;77/2023;2023_77_90;kansalaiset;1
1494;77/2023;2023_77_90;kansalaistemme;1
1494;77/2023;2023_77_90;kansallisen;2
1494;77/2023;2023_77_90;kansallisesta;1
1494;77/2023;2023_77_90;kanssa;1
1494;77/2023;2023_77_90;kasvamaan;1
1494;77/2023;2023_77_90;kehitelty;1
1494;77/2023;2023_77_90;kiinteämmin;1
1494;77/2023;2023_77_90;kiitos;1
1494;77/2023;2023_77_90;kiittää;1
1494;77/2023;2023_77_90;kokemus;1
1494;77/2023;2023_77_90;koko;1
1494;77/2023;2023_77_90;kolmasosan;1
1494;77/2023;2023_77_90;kopraa;1
1494;77/2023;2023_77_90;koska;2
1494;77/2023;2023_77_90;koskee;1
1494;77/2023;2023_77_90;kuin;2
1494;77/2023;2023_77_90;kun;1
1494;77/2023;2023_77_90;kunnioittaminen;1
1494;77/2023;2023_77_90;kuuluu;1
1494;77/2023;2023_77_90;kylmän;1
1494;77/2023;2023_77_90;kyseessä;2
1494;77/2023;2023_77_90;kysymyksissä;1
1494;77/2023;2023_77_90;käsiteltäisiin;1
1494;77/2023;2023_77_90;käytännössä;1
1494;77/2023;2023_77_90;käytön;1
1494;77/2023;2023_77_90;laaja;1
1494;77/2023;2023_77_90;laaja-alaisesti;1
1494;77/2023;2023_77_90;lainsäädännön;1
1494;77/2023;2023_77_90;lakiasiantuntijoiden;1
1494;77/2023;2023_77_90;liittolaismaan;1
1494;77/2023;2023_77_90;liittolaismaissa;1
1494;77/2023;2023_77_90;liittolaistemme;1
1494;77/2023;2023_77_90;liittolaisten;1
1494;77/2023;2023_77_90;liittouman;1
1494;77/2023;2023_77_90;liittyi;1
1494;77/2023;2023_77_90;liittyminen;2
1494;77/2023;2023_77_90;liittynyt;1
1494;77/2023;2023_77_90;liitymme;1
1494;77/2023;2023_77_90;luoman;1
1494;77/2023;2023_77_90;lähettävien;1
1494;77/2023;2023_77_90;läntisiin;1
1494;77/2023;2023_77_90;maallaan;1
1494;77/2023;2023_77_90;mahdolliset;1
1494;77/2023;2023_77_90;mahdollisimman;1
1494;77/2023;2023_77_90;maiden;1
1494;77/2023;2023_77_90;maihin;1
1494;77/2023;2023_77_90;mainittavampia;1
1494;77/2023;2023_77_90;meidän;1
1494;77/2023;2023_77_90;merkittävä;1
1494;77/2023;2023_77_90;merkittävästi;2
1494;77/2023;2023_77_90;mikä;1
1494;77/2023;2023_77_90;millä;1
1494;77/2023;2023_77_90;millään;1
1494;77/2023;2023_77_90;ministeriöissä;1
1494;77/2023;2023_77_90;mitä;1
1494;77/2023;2023_77_90;mitään;1
1494;77/2023;2023_77_90;muassa;1
1494;77/2023;2023_77_90;muille;1
1494;77/2023;2023_77_90;muistaa;3
1494;77/2023;2023_77_90;murra;1
1494;77/2023;2023_77_90;muun;1
1494;77/2023;2023_77_90;myös;4
1494;77/2023;2023_77_90;nato;1
1494;77/2023;2023_77_90;nato-sofa;2
1494;77/2023;2023_77_90;nato-sofaa;1
1494;77/2023;2023_77_90;nato-sofan;3
1494;77/2023;2023_77_90;naton;1
1494;77/2023;2023_77_90;natoon;3
1494;77/2023;2023_77_90;niin;3
1494;77/2023;2023_77_90;norjalla;1
1494;77/2023;2023_77_90;nostava;1
1494;77/2023;2023_77_90;näkemystä;1
1494;77/2023;2023_77_90;näkökulmia;1
1494;77/2023;2023_77_90;nämä;1
1494;77/2023;2023_77_90;näyttää;1
1494;77/2023;2023_77_90;oikein;1
1494;77/2023;2023_77_90;oikeudellisia;1
1494;77/2023;2023_77_90;oikeutensa;1
1494;77/2023;2023_77_90;olemassa;1
1494;77/2023;2023_77_90;olemassaolon;1
1494;77/2023;2023_77_90;olevan;1
1494;77/2023;2023_77_90;oli;2
1494;77/2023;2023_77_90;olla;1
1494;77/2023;2023_77_90;ollut;2
1494;77/2023;2023_77_90;omalla;1
1494;77/2023;2023_77_90;on;14
1494;77/2023;2023_77_90;ongelmia;1
1494;77/2023;2023_77_90;onkin;1
1494;77/2023;2023_77_90;osa;1
1494;77/2023;2023_77_90;osoitus;1
1494;77/2023;2023_77_90;ovat;1
1494;77/2023;2023_77_90;palvelee;1
1494;77/2023;2023_77_90;palvelevia;1
1494;77/2023;2023_77_90;palvella;1
1494;77/2023;2023_77_90;palvellut;1
1494;77/2023;2023_77_90;paranneltu;1
1494;77/2023;2023_77_90;parantava;1
1494;77/2023;2023_77_90;parhaimmillaan;1
1494;77/2023;2023_77_90;parissa;1
1494;77/2023;2023_77_90;pelkästään;1
1494;77/2023;2023_77_90;pelotteen;1
1494;77/2023;2023_77_90;perheineen;1
1494;77/2023;2023_77_90;perusperiaatteisiin;1
1494;77/2023;2023_77_90;perustuslakivaliokunnassa;1
1494;77/2023;2023_77_90;pitkä;1
1494;77/2023;2023_77_90;pitää;2
1494;77/2023;2023_77_90;pohdittaessa;1
1494;77/2023;2023_77_90;pohdittu;1
1494;77/2023;2023_77_90;poikkeuksellinen;1
1494;77/2023;2023_77_90;prosessin;1
1494;77/2023;2023_77_90;puhemiehistölle;1
1494;77/2023;2023_77_90;puhemies;2
1494;77/2023;2023_77_90;puolilla;1
1494;77/2023;2023_77_90;puolustusliiton;1
1494;77/2023;2023_77_90;puolustusvaliokunnassa;1
1494;77/2023;2023_77_90;puolustusvoimat;1
1494;77/2023;2023_77_90;puolustusvoimien;1
1494;77/2023;2023_77_90;pyydän;1
1494;77/2023;2023_77_90;päättänyt;1
1494;77/2023;2023_77_90;päätöksenteko-oikeutta;1
1494;77/2023;2023_77_90;päätös;1
1494;77/2023;2023_77_90;rajoittaisi;1
1494;77/2023;2023_77_90;rauhallista;1
1494;77/2023;2023_77_90;rinnalla;1
1494;77/2023;2023_77_90;samalla;2
1494;77/2023;2023_77_90;se;3
1494;77/2023;2023_77_90;sekä;2
1494;77/2023;2023_77_90;siinä;1
1494;77/2023;2023_77_90;siis;1
1494;77/2023;2023_77_90;siitä;5
1494;77/2023;2023_77_90;sodan;1
1494;77/2023;2023_77_90;sopimus;4
1494;77/2023;2023_77_90;sotilaallisen;1
1494;77/2023;2023_77_90;sotilaita;1
1494;77/2023;2023_77_90;sotilasta;1
1494;77/2023;2023_77_90;suhtautuvat;1
1494;77/2023;2023_77_90;suhteen;1
1494;77/2023;2023_77_90;suomalaisia;1
1494;77/2023;2023_77_90;suomen;3
1494;77/2023;2023_77_90;suomessa;1
1494;77/2023;2023_77_90;suomi;1
1494;77/2023;2023_77_90;suurella;1
1494;77/2023;2023_77_90;suuri;1
1494;77/2023;2023_77_90;taaten;2
1494;77/2023;2023_77_90;tai;1
1494;77/2023;2023_77_90;tanskalla;1
1494;77/2023;2023_77_90;tapana;1
1494;77/2023;2023_77_90;tarkoittavat;1
1494;77/2023;2023_77_90;tasapainoa;1
1494;77/2023;2023_77_90;tavoin;2
1494;77/2023;2023_77_90;tehty;1
1494;77/2023;2023_77_90;toimesta;1
1494;77/2023;2023_77_90;toiminta;1
1494;77/2023;2023_77_90;toimintaan;1
1494;77/2023;2023_77_90;toivottaa;1
1494;77/2023;2023_77_90;toteuttamisesta;1
1494;77/2023;2023_77_90;tulee;1
1494;77/2023;2023_77_90;tulisi;1
1494;77/2023;2023_77_90;tuomiovallan;1
1494;77/2023;2023_77_90;turhia;1
1494;77/2023;2023_77_90;turvaamme;1
1494;77/2023;2023_77_90;turvallisuuden;3
1494;77/2023;2023_77_90;turvallisuutta;1
1494;77/2023;2023_77_90;tämä;1
1494;77/2023;2023_77_90;tämän;1
1494;77/2023;2023_77_90;ulkopuolellakin;1
1494;77/2023;2023_77_90;usan;1
1494;77/2023;2023_77_90;uutta;1
1494;77/2023;2023_77_90;vahvistaa;1
1494;77/2023;2023_77_90;vaikuttaa;1
1494;77/2023;2023_77_90;vain;1
1494;77/2023;2023_77_90;vakavuudella;1
1494;77/2023;2023_77_90;vallitsee;1
1494;77/2023;2023_77_90;vapauden;1
1494;77/2023;2023_77_90;vapauksien;1
1494;77/2023;2023_77_90;varmoja;1
1494;77/2023;2023_77_90;vastaanottajamaan;1
1494;77/2023;2023_77_90;venäjän;1
1494;77/2023;2023_77_90;verran;1
1494;77/2023;2023_77_90;viranomaisten;1
1494;77/2023;2023_77_90;voivat;1
1494;77/2023;2023_77_90;vuosikymmenien;1
1494;77/2023;2023_77_90;vuotta;2
1494;77/2023;2023_77_90;vähennä;1
1494;77/2023;2023_77_90;yhdessä;1
1494;77/2023;2023_77_90;yksimielisyydellä;1
1494;77/2023;2023_77_90;yksimielisyydestä;1
1494;77/2023;2023_77_90;yksimielisyys;1
1494;77/2023;2023_77_90;yli;2
1494;77/2023;2023_77_90;äänistä;1
1494;9/2024;2024_9_5;aikavälin;1
1494;9/2024;2024_9_5;aikoina;1
1494;9/2024;2024_9_5;ajaa;1
1494;9/2024;2024_9_5;ajankohtaiskeskustelu;1
1494;9/2024;2024_9_5;areenoilla;1
1494;9/2024;2024_9_5;arvoisa;3
1494;9/2024;2024_9_5;arvoisat;1
1494;9/2024;2024_9_5;asema;1
1494;9/2024;2024_9_5;asia;2
1494;9/2024;2024_9_5;asiaansa;1
1494;9/2024;2024_9_5;edistetä;1
1494;9/2024;2024_9_5;eduskunnan;1
1494;9/2024;2024_9_5;eduskuntaryhmä;1
1494;9/2024;2024_9_5;edustajakollegat;1
1494;9/2024;2024_9_5;edustajat;1
1494;9/2024;2024_9_5;ei;2
1494;9/2024;2024_9_5;elinehto;1
1494;9/2024;2024_9_5;emme;1
1494;9/2024;2024_9_5;enemmän;2
1494;9/2024;2024_9_5;enempää;1
1494;9/2024;2024_9_5;ennustaa;1
1494;9/2024;2024_9_5;ensi;1
1494;9/2024;2024_9_5;ensiksi;1
1494;9/2024;2024_9_5;entistä;1
1494;9/2024;2024_9_5;esillä;1
1494;9/2024;2024_9_5;estämistä;1
1494;9/2024;2024_9_5;että;3
1494;9/2024;2024_9_5;eu;1
1494;9/2024;2024_9_5;eun;1
1494;9/2024;2024_9_5;euroopan;4
1494;9/2024;2024_9_5;eurooppalaista;1
1494;9/2024;2024_9_5;eussa;1
1494;9/2024;2024_9_5;haminan;1
1494;9/2024;2024_9_5;haminassa;1
1494;9/2024;2024_9_5;hankitun;1
1494;9/2024;2024_9_5;harras;1
1494;9/2024;2024_9_5;harvoin;1
1494;9/2024;2024_9_5;heidän;1
1494;9/2024;2024_9_5;hiipumista;1
1494;9/2024;2024_9_5;horjumaton;1
1494;9/2024;2024_9_5;hyökkäyksen;1
1494;9/2024;2024_9_5;hyökkäyssodan;1
1494;9/2024;2024_9_5;hyökkääjä;1
1494;9/2024;2024_9_5;hänellekin;1
1494;9/2024;2024_9_5;itsenäinen;1
1494;9/2024;2024_9_5;ja;18
1494;9/2024;2024_9_5;jaksavat;1
1494;9/2024;2024_9_5;jaksettava;1
1494;9/2024;2024_9_5;jatkumisesta;1
1494;9/2024;2024_9_5;jatkuu;1
1494;9/2024;2024_9_5;jatkuvasti;1
1494;9/2024;2024_9_5;jo;1
1494;9/2024;2024_9_5;jos;1
1494;9/2024;2024_9_5;jossa;1
1494;9/2024;2024_9_5;juhlapuheilla;1
1494;9/2024;2024_9_5;julkisuudessa;1
1494;9/2024;2024_9_5;jälleenrakentamiseen;1
1494;9/2024;2024_9_5;järjestöjen;1
1494;9/2024;2024_9_5;jättilipputankoon;1
1494;9/2024;2024_9_5;kaikki;1
1494;9/2024;2024_9_5;kaikkien;2
1494;9/2024;2024_9_5;kalustoa;2
1494;9/2024;2024_9_5;kannalta;1
1494;9/2024;2024_9_5;kansainvälisillä;1
1494;9/2024;2024_9_5;kansanedustajien;1
1494;9/2024;2024_9_5;kapasiteettia;1
1494;9/2024;2024_9_5;kapasiteettiaan;1
1494;9/2024;2024_9_5;kauan;1
1494;9/2024;2024_9_5;kehittynyt;1
1494;9/2024;2024_9_5;kerrottava;1
1494;9/2024;2024_9_5;keskeinen;1
1494;9/2024;2024_9_5;keskitymme;1
1494;9/2024;2024_9_5;kiertämisen;1
1494;9/2024;2024_9_5;kohta;1
1494;9/2024;2024_9_5;kohtalokas;1
1494;9/2024;2024_9_5;kohtalonyhteydestä;1
1494;9/2024;2024_9_5;kohti;1
1494;9/2024;2024_9_5;kokoomuksen;1
1494;9/2024;2024_9_5;kolmanneksi;1
1494;9/2024;2024_9_5;kolmatta;1
1494;9/2024;2024_9_5;kolmella;1
1494;9/2024;2024_9_5;konkreettisilla;1
1494;9/2024;2024_9_5;kovilla;1
1494;9/2024;2024_9_5;kuin;4
1494;9/2024;2024_9_5;kuitenkaan;1
1494;9/2024;2024_9_5;kulutussodan;1
1494;9/2024;2024_9_5;kunnia;1
1494;9/2024;2024_9_5;kuten;1
1494;9/2024;2024_9_5;kuukausitolkulla;1
1494;9/2024;2024_9_5;käynnisti;1
1494;9/2024;2024_9_5;käytettävä;1
1494;9/2024;2024_9_5;laittoman;1
1494;9/2024;2024_9_5;lauantaina;1
1494;9/2024;2024_9_5;liian;3
1494;9/2024;2024_9_5;liittolaisillemme;1
1494;9/2024;2024_9_5;liittymään;1
1494;9/2024;2024_9_5;loppua;1
1494;9/2024;2024_9_5;luottaen;1
1494;9/2024;2024_9_5;lähes;1
1494;9/2024;2024_9_5;lähivuosina;1
1494;9/2024;2024_9_5;lännen;4
1494;9/2024;2024_9_5;mahdollistamme;1
1494;9/2024;2024_9_5;materiaalia;1
1494;9/2024;2024_9_5;mediaa;1
1494;9/2024;2024_9_5;meidän;3
1494;9/2024;2024_9_5;merkityksestä;1
1494;9/2024;2024_9_5;miltä;1
1494;9/2024;2024_9_5;modernimpaa;1
1494;9/2024;2024_9_5;muistaaksemme;1
1494;9/2024;2024_9_5;muistutettava;1
1494;9/2024;2024_9_5;mutta;1
1494;9/2024;2024_9_5;muutos;1
1494;9/2024;2024_9_5;muuttumattomina;1
1494;9/2024;2024_9_5;myöhään;1
1494;9/2024;2024_9_5;myös;2
1494;9/2024;2024_9_5;määrätietoisemmin;1
1494;9/2024;2024_9_5;määrätietoisilla;1
1494;9/2024;2024_9_5;nato-jäsenyyttä;1
1494;9/2024;2024_9_5;naton;1
1494;9/2024;2024_9_5;natossa;1
1494;9/2024;2024_9_5;niin;3
1494;9/2024;2024_9_5;nopeammin;1
1494;9/2024;2024_9_5;nostamme;1
1494;9/2024;2024_9_5;nostettava;1
1494;9/2024;2024_9_5;näyttää;1
1494;9/2024;2024_9_5;näyttöä;1
1494;9/2024;2024_9_5;ole;1
1494;9/2024;2024_9_5;olla;1
1494;9/2024;2024_9_5;ollut;2
1494;9/2024;2024_9_5;oltava;1
1494;9/2024;2024_9_5;omaa;1
1494;9/2024;2024_9_5;on;25
1494;9/2024;2024_9_5;onneksi;1
1494;9/2024;2024_9_5;osa;1
1494;9/2024;2024_9_5;osa-alueella;1
1494;9/2024;2024_9_5;osin;1
1494;9/2024;2024_9_5;ovat;2
1494;9/2024;2024_9_5;pakotteiden;1
1494;9/2024;2024_9_5;pelätty;1
1494;9/2024;2024_9_5;perheeseen;1
1494;9/2024;2024_9_5;perhettämme;1
1494;9/2024;2024_9_5;peräänkuuluttaa;1
1494;9/2024;2024_9_5;pitkä;1
1494;9/2024;2024_9_5;pitkäaikaisen;1
1494;9/2024;2024_9_5;pitkän;1
1494;9/2024;2024_9_5;pitkää;1
1494;9/2024;2024_9_5;pitää;1
1494;9/2024;2024_9_5;pohjoismaidenkin;1
1494;9/2024;2024_9_5;poliittisesta;1
1494;9/2024;2024_9_5;puhemies;3
1494;9/2024;2024_9_5;puolueiden;1
1494;9/2024;2024_9_5;puolustajan;1
1494;9/2024;2024_9_5;puolustautua;1
1494;9/2024;2024_9_5;puolustuskykyä;1
1494;9/2024;2024_9_5;puolustusteollisuuden;1
1494;9/2024;2024_9_5;putin;1
1494;9/2024;2024_9_5;putinin;1
1494;9/2024;2024_9_5;pysyneet;1
1494;9/2024;2024_9_5;päivää;1
1494;9/2024;2024_9_5;päämäärästämme;1
1494;9/2024;2024_9_5;päästä;1
1494;9/2024;2024_9_5;rintamalinjat;1
1494;9/2024;2024_9_5;saatu;1
1494;9/2024;2024_9_5;saksan;1
1494;9/2024;2024_9_5;salissa;1
1494;9/2024;2024_9_5;samalla;1
1494;9/2024;2024_9_5;se;2
1494;9/2024;2024_9_5;siihen;1
1494;9/2024;2024_9_5;sijasta;1
1494;9/2024;2024_9_5;siksi;1
1494;9/2024;2024_9_5;sitoutuminen;1
1494;9/2024;2024_9_5;sitoutumisen;1
1494;9/2024;2024_9_5;sitten;1
1494;9/2024;2024_9_5;slava;1
1494;9/2024;2024_9_5;sodan;3
1494;9/2024;2024_9_5;sodasta;1
1494;9/2024;2024_9_5;sodissa;1
1494;9/2024;2024_9_5;sota;3
1494;9/2024;2024_9_5;sotaa;1
1494;9/2024;2024_9_5;sotilaallinen;1
1494;9/2024;2024_9_5;suomen;3
1494;9/2024;2024_9_5;suomi;3
1494;9/2024;2024_9_5;suuntaan;1
1494;9/2024;2024_9_5;suurlipun;1
1494;9/2024;2024_9_5;synkkä;1
1494;9/2024;2024_9_5;taholta;1
1494;9/2024;2024_9_5;tai;1
1494;9/2024;2024_9_5;tarpeen;1
1494;9/2024;2024_9_5;tarvitaan;1
1494;9/2024;2024_9_5;tavoin;1
1494;9/2024;2024_9_5;tavoite;2
1494;9/2024;2024_9_5;tervetulleita;1
1494;9/2024;2024_9_5;tietä;1
1494;9/2024;2024_9_5;tilaisuuteen;1
1494;9/2024;2024_9_5;tilanne;1
1494;9/2024;2024_9_5;tiukentamista;1
1494;9/2024;2024_9_5;toimia;1
1494;9/2024;2024_9_5;toimilla;1
1494;9/2024;2024_9_5;toiseksi;1
1494;9/2024;2024_9_5;toisena;1
1494;9/2024;2024_9_5;toiveeni;1
1494;9/2024;2024_9_5;toivonut;1
1494;9/2024;2024_9_5;tuella;1
1494;9/2024;2024_9_5;tuen;2
1494;9/2024;2024_9_5;tuettava;2
1494;9/2024;2024_9_5;tukee;2
1494;9/2024;2024_9_5;tukemiseen;3
1494;9/2024;2024_9_5;tukemista;1
1494;9/2024;2024_9_5;tuki;2
1494;9/2024;2024_9_5;tulee;1
1494;9/2024;2024_9_5;tullut;1
1494;9/2024;2024_9_5;turvallisuudelle;1
1494;9/2024;2024_9_5;turvallisuus;1
1494;9/2024;2024_9_5;turvallisuuteen;1
1494;9/2024;2024_9_5;tähän;1
1494;9/2024;2024_9_5;tällä;1
1494;9/2024;2024_9_5;tämä;1
1494;9/2024;2024_9_5;tätä;1
1494;9/2024;2024_9_5;uhotaksemme;1
1494;9/2024;2024_9_5;uhrauksia;1
1494;9/2024;2024_9_5;ukraina;2
1494;9/2024;2024_9_5;ukrainaa;3
1494;9/2024;2024_9_5;ukrainalaiset;1
1494;9/2024;2024_9_5;ukrainalaisten;1
1494;9/2024;2024_9_5;ukrainalle;4
1494;9/2024;2024_9_5;ukrainan;13
1494;9/2024;2024_9_5;ukraini;1
1494;9/2024;2024_9_5;vaan;2
1494;9/2024;2024_9_5;vahvistamme;1
1494;9/2024;2024_9_5;vaikea;1
1494;9/2024;2024_9_5;vallitsee;1
1494;9/2024;2024_9_5;valtaamiseksi;1
1494;9/2024;2024_9_5;vanhentunutta;1
1494;9/2024;2024_9_5;vankkumaton;1
1494;9/2024;2024_9_5;vapaa;1
1494;9/2024;2024_9_5;vapaan;1
1494;9/2024;2024_9_5;venäjä;1
1494;9/2024;2024_9_5;venäjä-sanktioiden;1
1494;9/2024;2024_9_5;venäjälle;1
1494;9/2024;2024_9_5;venäjän;1
1494;9/2024;2024_9_5;viestimme;2
1494;9/2024;2024_9_5;viime;1
1494;9/2024;2024_9_5;viimeinen;1
1494;9/2024;2024_9_5;voi;1
1494;9/2024;2024_9_5;voittoa;1
1494;9/2024;2024_9_5;vuoden;1
1494;9/2024;2024_9_5;vuosipäivänä;1
1494;9/2024;2024_9_5;vuotta;1
1494;9/2024;2024_9_5;vähempää;1
1494;9/2024;2024_9_5;vähäistä;1
1494;9/2024;2024_9_5;yhtenäisyys;1
1494;9/2024;2024_9_5;yhä;1
1494;9/2024;2024_9_5;yksimielisyys;1
1494;9/2024;2024_9_5;yksinkertainen;2
1494;9/2024;2024_9_5;yleensä;1
1494;9/2024;2024_9_5;äänestäjillemme;1
