speaker_id;session;speech_id;word;word_n
1328;10/2020;2020_10_56;ajan;1
1328;10/2020;2020_10_56;ajat;1
1328;10/2020;2020_10_56;arvoisa;1
1328;10/2020;2020_10_56;ei;1
1328;10/2020;2020_10_56;esimerkiksi;1
1328;10/2020;2020_10_56;esitti;1
1328;10/2020;2020_10_56;että;4
1328;10/2020;2020_10_56;euroa;1
1328;10/2020;2020_10_56;haatainen;1
1328;10/2020;2020_10_56;hallitus;1
1328;10/2020;2020_10_56;heidän;1
1328;10/2020;2020_10_56;heinonen;1
1328;10/2020;2020_10_56;hollannissa;1
1328;10/2020;2020_10_56;ihmisiä;1
1328;10/2020;2020_10_56;ilmoitettiin;1
1328;10/2020;2020_10_56;ja;2
1328;10/2020;2020_10_56;johtuu;2
1328;10/2020;2020_10_56;joihin;1
1328;10/2020;2020_10_56;kestää;1
1328;10/2020;2020_10_56;kilpailijamaissa;1
1328;10/2020;2020_10_56;koko;1
1328;10/2020;2020_10_56;kokoomus;1
1328;10/2020;2020_10_56;koputtaa;1
1328;10/2020;2020_10_56;korkeakoulutettuja;1
1328;10/2020;2020_10_56;kuinka;1
1328;10/2020;2020_10_56;kun;2
1328;10/2020;2020_10_56;kuukautta;3
1328;10/2020;2020_10_56;kuusi;2
1328;10/2020;2020_10_56;kuvitteletteko;1
1328;10/2020;2020_10_56;kysyin;1
1328;10/2020;2020_10_56;kärkihankkeensa;1
1328;10/2020;2020_10_56;käsitellään;1
1328;10/2020;2020_10_56;kävin;1
1328;10/2020;2020_10_56;maahanmuutosta;1
1328;10/2020;2020_10_56;maahanmuuttovirastossa;1
1328;10/2020;2020_10_56;meidän;1
1328;10/2020;2020_10_56;menee;1
1328;10/2020;2020_10_56;mennä;1
1328;10/2020;2020_10_56;miljoonaa;1
1328;10/2020;2020_10_56;minimi;1
1328;10/2020;2020_10_56;ministeri;1
1328;10/2020;2020_10_56;minulle;1
1328;10/2020;2020_10_56;missä;1
1328;10/2020;2020_10_56;mistä;1
1328;10/2020;2020_10_56;mutta;1
1328;10/2020;2020_10_56;ne;2
1328;10/2020;2020_10_56;neljä;1
1328;10/2020;2020_10_56;näitä;1
1328;10/2020;2020_10_56;odottamaan;1
1328;10/2020;2020_10_56;on;3
1328;10/2020;2020_10_56;ovat;1
1328;10/2020;2020_10_56;pitkät;1
1328;10/2020;2020_10_56;puhemies;2
1328;10/2020;2020_10_56;puhuu;1
1328;10/2020;2020_10_56;puuttuu;1
1328;10/2020;2020_10_56;pystyy;1
1328;10/2020;2020_10_56;päivänä;1
1328;10/2020;2020_10_56;päivässä;1
1328;10/2020;2020_10_56;päästä;1
1328;10/2020;2020_10_56;rekisteröity;1
1328;10/2020;2020_10_56;resurssipulasta;1
1328;10/2020;2020_10_56;saa;2
1328;10/2020;2020_10_56;saadaan;1
1328;10/2020;2020_10_56;se;1
1328;10/2020;2020_10_56;sieltä;1
1328;10/2020;2020_10_56;siihen;1
1328;10/2020;2020_10_56;sitä;1
1328;10/2020;2020_10_56;suomeen;1
1328;10/2020;2020_10_56;tai;2
1328;10/2020;2020_10_56;te;1
1328;10/2020;2020_10_56;timo;1
1328;10/2020;2020_10_56;työlupia;1
1328;10/2020;2020_10_56;työluvan;1
1328;10/2020;2020_10_56;työnantaja;2
1328;10/2020;2020_10_56;työntekijä;2
1328;10/2020;2020_10_56;työntekijän;1
1328;10/2020;2020_10_56;työperäisestä;1
1328;10/2020;2020_10_56;tällä;1
1328;10/2020;2020_10_56;tämä;2
1328;10/2020;2020_10_56;tänä;1
1328;10/2020;2020_10_56;töihin;3
1328;10/2020;2020_10_56;vaan;1
1328;10/2020;2020_10_56;viikolla;1
1328;10/2020;2020_10_56;voi;1
1328;10/2020;2020_10_56;yrityk-set;1
1328;10/2022;2022_10_24;agenda;1
1328;10/2022;2022_10_24;aiempaa;1
1328;10/2022;2022_10_24;apua;1
1328;10/2022;2022_10_24;arvioida;1
1328;10/2022;2022_10_24;arvoisa;4
1328;10/2022;2022_10_24;arvokas;1
1328;10/2022;2022_10_24;asemassa;2
1328;10/2022;2022_10_24;asenteet;1
1328;10/2022;2022_10_24;asioita;1
1328;10/2022;2022_10_24;auttaa;1
1328;10/2022;2022_10_24;biaudet;1
1328;10/2022;2022_10_24;demokratiamme;1
1328;10/2022;2022_10_24;demokratian;2
1328;10/2022;2022_10_24;digitalisaation;1
1328;10/2022;2022_10_24;edelleen;1
1328;10/2022;2022_10_24;edetessä;1
1328;10/2022;2022_10_24;edistämisessä;1
1328;10/2022;2022_10_24;ei;2
1328;10/2022;2022_10_24;eikä;1
1328;10/2022;2022_10_24;eli;1
1328;10/2022;2022_10_24;elämässä;1
1328;10/2022;2022_10_24;elämäänsä;1
1328;10/2022;2022_10_24;ensin;1
1328;10/2022;2022_10_24;ensisijaisesti;1
1328;10/2022;2022_10_24;epäonnistua;1
1328;10/2022;2022_10_24;eriarvoisuutta;1
1328;10/2022;2022_10_24;erityistä;1
1328;10/2022;2022_10_24;esimerkiksi;3
1328;10/2022;2022_10_24;eteen;1
1328;10/2022;2022_10_24;eteenpäin;1
1328;10/2022;2022_10_24;ettei;1
1328;10/2022;2022_10_24;että;4
1328;10/2022;2022_10_24;eu-tasolla;1
1328;10/2022;2022_10_24;eva;1
1328;10/2022;2022_10_24;harvinaisen;1
1328;10/2022;2022_10_24;heikkoina;1
1328;10/2022;2022_10_24;hetkinä;1
1328;10/2022;2022_10_24;huomioitava;1
1328;10/2022;2022_10_24;huomioon;1
1328;10/2022;2022_10_24;huomiota;1
1328;10/2022;2022_10_24;hyvin;1
1328;10/2022;2022_10_24;hyvinvointiyhteiskunta;1
1328;10/2022;2022_10_24;hyvä;1
1328;10/2022;2022_10_24;hyväksytty;1
1328;10/2022;2022_10_24;hyvästä;1
1328;10/2022;2022_10_24;ihmisarvon;1
1328;10/2022;2022_10_24;ihmisillä;1
1328;10/2022;2022_10_24;ihmisoikeudet;2
1328;10/2022;2022_10_24;ihmisoikeuksia;1
1328;10/2022;2022_10_24;ihmisoikeuksien;5
1328;10/2022;2022_10_24;ihmisoikeus;2
1328;10/2022;2022_10_24;ihmisoikeuspolitiikkamme;1
1328;10/2022;2022_10_24;ihmisoikeussopimusten;1
1328;10/2022;2022_10_24;ihmisoikeustoiminnan;1
1328;10/2022;2022_10_24;itselleen;1
1328;10/2022;2022_10_24;ja;23
1328;10/2022;2022_10_24;jaloillaan;1
1328;10/2022;2022_10_24;jokainen;1
1328;10/2022;2022_10_24;jokaisella;2
1328;10/2022;2022_10_24;jokaisen;1
1328;10/2022;2022_10_24;jonka;1
1328;10/2022;2022_10_24;jos;1
1328;10/2022;2022_10_24;jossa;1
1328;10/2022;2022_10_24;jotka;1
1328;10/2022;2022_10_24;jotta;2
1328;10/2022;2022_10_24;julkisen;1
1328;10/2022;2022_10_24;jälkeen;1
1328;10/2022;2022_10_24;jäsen;1
1328;10/2022;2022_10_24;jättää;1
1328;10/2022;2022_10_24;kaikilla;2
1328;10/2022;2022_10_24;kannateltava;1
1328;10/2022;2022_10_24;kansainvälisen;1
1328;10/2022;2022_10_24;kansainvälisestikin;1
1328;10/2022;2022_10_24;kansainvälisten;1
1328;10/2022;2022_10_24;kansalaisten;1
1328;10/2022;2022_10_24;kansallisesti;1
1328;10/2022;2022_10_24;kehittyvä;1
1328;10/2022;2022_10_24;kehityksen;2
1328;10/2022;2022_10_24;kehityksestä;1
1328;10/2022;2022_10_24;kehitystä;1
1328;10/2022;2022_10_24;keskeinen;2
1328;10/2022;2022_10_24;keskeisiä;1
1328;10/2022;2022_10_24;kestot;1
1328;10/2022;2022_10_24;kestävän;2
1328;10/2022;2022_10_24;kestävää;1
1328;10/2022;2022_10_24;ketään;1
1328;10/2022;2022_10_24;kiinnitettävä;1
1328;10/2022;2022_10_24;kiitos;1
1328;10/2022;2022_10_24;kohdistuu;1
1328;10/2022;2022_10_24;kohdistuvan;1
1328;10/2022;2022_10_24;kohdistuvat;1
1328;10/2022;2022_10_24;kokea;1
1328;10/2022;2022_10_24;kootusta;1
1328;10/2022;2022_10_24;korostaa;2
1328;10/2022;2022_10_24;koventuneet;1
1328;10/2022;2022_10_24;kuin;2
1328;10/2022;2022_10_24;kuitenkin;1
1328;10/2022;2022_10_24;kukin;2
1328;10/2022;2022_10_24;kunnioittamiseen;1
1328;10/2022;2022_10_24;kykyjemme;1
1328;10/2022;2022_10_24;laajemmin;1
1328;10/2022;2022_10_24;lainsäädäntöön;1
1328;10/2022;2022_10_24;lisääntyneet;1
1328;10/2022;2022_10_24;loukkaamalla;1
1328;10/2022;2022_10_24;loukkaamisen;1
1328;10/2022;2022_10_24;luottamus;1
1328;10/2022;2022_10_24;lähisuhdeväkivallan;1
1328;10/2022;2022_10_24;maalittaminen;1
1328;10/2022;2022_10_24;mahdollisimman;1
1328;10/2022;2022_10_24;mahdollistaa;1
1328;10/2022;2022_10_24;mahdollisuudet;1
1328;10/2022;2022_10_24;mahdollisuuksiemme;1
1328;10/2022;2022_10_24;mahdollisuus;2
1328;10/2022;2022_10_24;me;1
1328;10/2022;2022_10_24;meillä;1
1328;10/2022;2022_10_24;meistä;1
1328;10/2022;2022_10_24;menestyä;1
1328;10/2022;2022_10_24;merkityksellinen;1
1328;10/2022;2022_10_24;mieluisia;1
1328;10/2022;2022_10_24;mitä;1
1328;10/2022;2022_10_24;muassa;1
1328;10/2022;2022_10_24;muihin;1
1328;10/2022;2022_10_24;mukaan;2
1328;10/2022;2022_10_24;mukaisesti;1
1328;10/2022;2022_10_24;mutta;1
1328;10/2022;2022_10_24;muun;1
1328;10/2022;2022_10_24;muuttuvassa;1
1328;10/2022;2022_10_24;myös;5
1328;10/2022;2022_10_24;määräysten;1
1328;10/2022;2022_10_24;määrään;1
1328;10/2022;2022_10_24;naisiin;1
1328;10/2022;2022_10_24;niiden;2
1328;10/2022;2022_10_24;niin;2
1328;10/2022;2022_10_24;niitä;1
1328;10/2022;2022_10_24;nojaa;1
1328;10/2022;2022_10_24;noudattamista;1
1328;10/2022;2022_10_24;näiden;1
1328;10/2022;2022_10_24;nämä;1
1328;10/2022;2022_10_24;ohjelman;1
1328;10/2022;2022_10_24;oikeudenkäyntien;1
1328;10/2022;2022_10_24;oikeudet;2
1328;10/2022;2022_10_24;oikeuksia;2
1328;10/2022;2022_10_24;oikeuksien;1
1328;10/2022;2022_10_24;oikeuksiin;1
1328;10/2022;2022_10_24;oikeus;2
1328;10/2022;2022_10_24;oikeusvaltio;1
1328;10/2022;2022_10_24;oikeusvaltiokehitys;1
1328;10/2022;2022_10_24;oikeusvaltion;1
1328;10/2022;2022_10_24;oikeusvaltioon;1
1328;10/2022;2022_10_24;oikeusvaltioperiaatteen;1
1328;10/2022;2022_10_24;ole;1
1328;10/2022;2022_10_24;olemme;1
1328;10/2022;2022_10_24;olennainen;1
1328;10/2022;2022_10_24;olevansa;1
1328;10/2022;2022_10_24;olisi;1
1328;10/2022;2022_10_24;olla;2
1328;10/2022;2022_10_24;oltava;1
1328;10/2022;2022_10_24;omaa;1
1328;10/2022;2022_10_24;omien;2
1328;10/2022;2022_10_24;omilla;1
1328;10/2022;2022_10_24;on;16
1328;10/2022;2022_10_24;onnistua;1
1328;10/2022;2022_10_24;osa;1
1328;10/2022;2022_10_24;osallistumisoikeutta;1
1328;10/2022;2022_10_24;osallistuttava;1
1328;10/2022;2022_10_24;ottaa;1
1328;10/2022;2022_10_24;ottaisi;1
1328;10/2022;2022_10_24;ovat;4
1328;10/2022;2022_10_24;paineita;1
1328;10/2022;2022_10_24;painopiste;1
1328;10/2022;2022_10_24;paitsi;1
1328;10/2022;2022_10_24;perus;8
1328;10/2022;2022_10_24;perusoikeudet;1
1328;10/2022;2022_10_24;perusta;2
1328;10/2022;2022_10_24;perustavanlaatuiset;1
1328;10/2022;2022_10_24;perustuslain;1
1328;10/2022;2022_10_24;perustuslaki;1
1328;10/2022;2022_10_24;perustuu;1
1328;10/2022;2022_10_24;pidentyneet;1
1328;10/2022;2022_10_24;puhe;1
1328;10/2022;2022_10_24;puhemies;4
1328;10/2022;2022_10_24;puitteissa;1
1328;10/2022;2022_10_24;puolustamisessa;1
1328;10/2022;2022_10_24;puutteita;1
1328;10/2022;2022_10_24;pysyneet;1
1328;10/2022;2022_10_24;pyörittämiseen;1
1328;10/2022;2022_10_24;rajoittamaton;1
1328;10/2022;2022_10_24;rajoja;1
1328;10/2022;2022_10_24;rakentaa;1
1328;10/2022;2022_10_24;rakentamiseen;1
1328;10/2022;2022_10_24;rakentuu;1
1328;10/2022;2022_10_24;samanaikaisesti;1
1328;10/2022;2022_10_24;sananvapauden;2
1328;10/2022;2022_10_24;sananvapaus;2
1328;10/2022;2022_10_24;se;1
1328;10/2022;2022_10_24;seisoisi;1
1328;10/2022;2022_10_24;sekä;5
1328;10/2022;2022_10_24;sen;2
1328;10/2022;2022_10_24;siltä;1
1328;10/2022;2022_10_24;sitten;1
1328;10/2022;2022_10_24;suhteen;1
1328;10/2022;2022_10_24;suhteessa;1
1328;10/2022;2022_10_24;sukupuolivähemmistöjen;1
1328;10/2022;2022_10_24;sukupuolten;2
1328;10/2022;2022_10_24;suomalaisen;1
1328;10/2022;2022_10_24;suomen;1
1328;10/2022;2022_10_24;suomessa;3
1328;10/2022;2022_10_24;suomi;2
1328;10/2022;2022_10_24;syrjäytymistä;1
1328;10/2022;2022_10_24;syrjäytyneimpien;1
1328;10/2022;2022_10_24;tai;1
1328;10/2022;2022_10_24;talman;4
1328;10/2022;2022_10_24;talouskehitys;1
1328;10/2022;2022_10_24;tarvitsevat;1
1328;10/2022;2022_10_24;tasa-arvoa;1
1328;10/2022;2022_10_24;tasa-arvon;1
1328;10/2022;2022_10_24;tavoite;1
1328;10/2022;2022_10_24;tavoitteiden;1
1328;10/2022;2022_10_24;tehtävä;1
1328;10/2022;2022_10_24;tekee;1
1328;10/2022;2022_10_24;teknologia;1
1328;10/2022;2022_10_24;tietoon;1
1328;10/2022;2022_10_24;tietosuoja;1
1328;10/2022;2022_10_24;tiettyjen;1
1328;10/2022;2022_10_24;tila;1
1328;10/2022;2022_10_24;toimeenpanossa;2
1328;10/2022;2022_10_24;toimimme;1
1328;10/2022;2022_10_24;toimisi;1
1328;10/2022;2022_10_24;toimivuuteen;1
1328;10/2022;2022_10_24;toisiaan;1
1328;10/2022;2022_10_24;toteuttaminen;1
1328;10/2022;2022_10_24;toteuttamista;1
1328;10/2022;2022_10_24;toteutuminen;2
1328;10/2022;2022_10_24;toteutuvat;1
1328;10/2022;2022_10_24;tuettava;1
1328;10/2022;2022_10_24;tukevasti;1
1328;10/2022;2022_10_24;tule;1
1328;10/2022;2022_10_24;tulee;6
1328;10/2022;2022_10_24;turvaa;1
1328;10/2022;2022_10_24;turvaamiseen;1
1328;10/2022;2022_10_24;turvaavat;1
1328;10/2022;2022_10_24;turvallinen;1
1328;10/2022;2022_10_24;turvata;2
1328;10/2022;2022_10_24;turvattomuutta;1
1328;10/2022;2022_10_24;turvaverkkojen;1
1328;10/2022;2022_10_24;työtä;1
1328;10/2022;2022_10_24;tärkeä;1
1328;10/2022;2022_10_24;tärkeässä;1
1328;10/2022;2022_10_24;täydentävästi;1
1328;10/2022;2022_10_24;uhrien;1
1328;10/2022;2022_10_24;vaatisi;1
1328;10/2022;2022_10_24;vahvistaa;1
1328;10/2022;2022_10_24;vahvistettava;1
1328;10/2022;2022_10_24;vahvoina;1
1328;10/2022;2022_10_24;vaikka;1
1328;10/2022;2022_10_24;vaikuttaa;1
1328;10/2022;2022_10_24;vain;1
1328;10/2022;2022_10_24;vallan;1
1328;10/2022;2022_10_24;vammaisten;1
1328;10/2022;2022_10_24;vanhusten;1
1328;10/2022;2022_10_24;vapauksia;1
1328;10/2022;2022_10_24;vastuita;1
1328;10/2022;2022_10_24;vihapuhe;1
1328;10/2022;2022_10_24;voidaan;1
1328;10/2022;2022_10_24;väestöryhmien;2
1328;10/2022;2022_10_24;vähemmistöihin;1
1328;10/2022;2022_10_24;väkivallan;1
1328;10/2022;2022_10_24;yhdenvertaisia;1
1328;10/2022;2022_10_24;yhdenvertaisuuden;1
1328;10/2022;2022_10_24;yhdenvertaisuutta;1
1328;10/2022;2022_10_24;yhteisesti;1
1328;10/2022;2022_10_24;yhteiskunnallista;1
1328;10/2022;2022_10_24;yhteiskunnan;4
1328;10/2022;2022_10_24;yhteiskunnassa;3
1328;10/2022;2022_10_24;yhteiskunta;1
1328;10/2022;2022_10_24;yhtäläiset;1
1328;10/2022;2022_10_24;ykn;1
1328;10/2022;2022_10_24;yksilöiden;1
1328;10/2022;2022_10_24;yksilön;1
1328;10/2022;2022_10_24;yksilönsuoja;1
1328;10/2022;2022_10_24;yksityisyydensuojaa;1
1328;10/2022;2022_10_24;yleismaailmallisuuden;1
1328;10/2022;2022_10_24;ympäristön;1
1328;10/2022;2022_10_24;ärade;4
1328;10/2024;2024_10_78;aikaa;1
1328;10/2024;2024_10_78;andersson;1
1328;10/2024;2024_10_78;arvoisa;1
1328;10/2024;2024_10_78;ei;3
1328;10/2024;2024_10_78;erittäin;1
1328;10/2024;2024_10_78;hallituksella;1
1328;10/2024;2024_10_78;he;1
1328;10/2024;2024_10_78;heilläkään;1
1328;10/2024;2024_10_78;henkilöpulan;1
1328;10/2024;2024_10_78;hetkellä;1
1328;10/2024;2024_10_78;hoitaa;1
1328;10/2024;2024_10_78;hoitajamitoitus;1
1328;10/2024;2024_10_78;hoitajia;1
1328;10/2024;2024_10_78;hoitamaan;1
1328;10/2024;2024_10_78;hoitopaikkoja;1
1328;10/2024;2024_10_78;hyvin;1
1328;10/2024;2024_10_78;ihmettelen;1
1328;10/2024;2024_10_78;ihmisiä;1
1328;10/2024;2024_10_78;ihmistä;1
1328;10/2024;2024_10_78;ja;5
1328;10/2024;2024_10_78;joka;1
1328;10/2024;2024_10_78;kiitos;1
1328;10/2024;2024_10_78;koulutusta;1
1328;10/2024;2024_10_78;kuinka;1
1328;10/2024;2024_10_78;kuka;1
1328;10/2024;2024_10_78;li;1
1328;10/2024;2024_10_78;miettikää;1
1328;10/2024;2024_10_78;miksei;1
1328;10/2024;2024_10_78;miksi;2
1328;10/2024;2024_10_78;minun;1
1328;10/2024;2024_10_78;mitkä;1
1328;10/2024;2024_10_78;mitoituksia;1
1328;10/2024;2024_10_78;mitään;1
1328;10/2024;2024_10_78;muita;1
1328;10/2024;2024_10_78;mutta;1
1328;10/2024;2024_10_78;muutosta;1
1328;10/2024;2024_10_78;muuttaa;1
1328;10/2024;2024_10_78;niitä;1
1328;10/2024;2024_10_78;näitä;1
1328;10/2024;2024_10_78;ole;1
1328;10/2024;2024_10_78;oli;1
1328;10/2024;2024_10_78;olla;1
1328;10/2024;2024_10_78;omaishoitajia;1
1328;10/2024;2024_10_78;on;4
1328;10/2024;2024_10_78;osaa;1
1328;10/2024;2024_10_78;ottaa;1
1328;10/2024;2024_10_78;paljon;1
1328;10/2024;2024_10_78;pitkän;1
1328;10/2024;2024_10_78;pitää;1
1328;10/2024;2024_10_78;puhemies;1
1328;10/2024;2024_10_78;pystyvät;1
1328;10/2024;2024_10_78;pystyy;1
1328;10/2024;2024_10_78;sairaanhoitajia;1
1328;10/2024;2024_10_78;semmoisia;1
1328;10/2024;2024_10_78;seurasin;1
1328;10/2024;2024_10_78;siellä;1
1328;10/2024;2024_10_78;siihen;2
1328;10/2024;2024_10_78;siihenhän;1
1328;10/2024;2024_10_78;sinne;1
1328;10/2024;2024_10_78;sitä;2
1328;10/2024;2024_10_78;suljetaan;1
1328;10/2024;2024_10_78;suomessa;1
1328;10/2024;2024_10_78;tehdä;1
1328;10/2024;2024_10_78;tehty;1
1328;10/2024;2024_10_78;tehtävään;1
1328;10/2024;2024_10_78;tekemään;1
1328;10/2024;2024_10_78;tilannetta;1
1328;10/2024;2024_10_78;tuhansia;1
1328;10/2024;2024_10_78;tuossa;1
1328;10/2024;2024_10_78;työryhmä;1
1328;10/2024;2024_10_78;tällä;1
1328;10/2024;2024_10_78;töihin;1
1328;10/2024;2024_10_78;töitä;1
1328;10/2024;2024_10_78;vaan;1
1328;10/2024;2024_10_78;vanhukset;1
1328;10/2024;2024_10_78;vanhusten;1
1328;10/2024;2024_10_78;vanhustenhoidossa;1
1328;10/2024;2024_10_78;voida;3
1328;10/2024;2024_10_78;vuoksi;1
1328;10/2024;2024_10_78;äitini;1
1328;100/2022;2022_100_19;aikaisintaan;1
1328;100/2022;2022_100_19;aikana;1
1328;100/2022;2022_100_19;aito;1
1328;100/2022;2022_100_19;aivan;2
1328;100/2022;2022_100_19;ajaa;1
1328;100/2022;2022_100_19;ajassa;1
1328;100/2022;2022_100_19;ajattelee;1
1328;100/2022;2022_100_19;ajetaan;1
1328;100/2022;2022_100_19;ajettiin;1
1328;100/2022;2022_100_19;aletaan;1
1328;100/2022;2022_100_19;alkusoittoa;1
1328;100/2022;2022_100_19;ambulanssissa;1
1328;100/2022;2022_100_19;antamaan;1
1328;100/2022;2022_100_19;apua;3
1328;100/2022;2022_100_19;arvoisa;3
1328;100/2022;2022_100_19;auta;1
1328;100/2022;2022_100_19;auttamaan;1
1328;100/2022;2022_100_19;avata;1
1328;100/2022;2022_100_19;budjettiin;1
1328;100/2022;2022_100_19;byrokratiaa;1
1328;100/2022;2022_100_19;ei;6
1328;100/2022;2022_100_19;eihän;1
1328;100/2022;2022_100_19;eikä;1
1328;100/2022;2022_100_19;eivät;3
1328;100/2022;2022_100_19;eli;2
1328;100/2022;2022_100_19;eläkkeelle;1
1328;100/2022;2022_100_19;ennennäkemättöminä;1
1328;100/2022;2022_100_19;ensi;3
1328;100/2022;2022_100_19;entisestään;1
1328;100/2022;2022_100_19;eri;1
1328;100/2022;2022_100_19;erikoislääkäriin;1
1328;100/2022;2022_100_19;erinomaisia;2
1328;100/2022;2022_100_19;esimerkiksi;1
1328;100/2022;2022_100_19;että;5
1328;100/2022;2022_100_19;etävastaanottojen;1
1328;100/2022;2022_100_19;eu-maissa;1
1328;100/2022;2022_100_19;euroa;2
1328;100/2022;2022_100_19;euron;1
1328;100/2022;2022_100_19;guzenina;1
1328;100/2022;2022_100_19;hakevat;1
1328;100/2022;2022_100_19;hallintoa;1
1328;100/2022;2022_100_19;hallintohimmeli-sote;1
1328;100/2022;2022_100_19;hallintohimmelistä;1
1328;100/2022;2022_100_19;hallintoon;1
1328;100/2022;2022_100_19;hallitsematon;1
1328;100/2022;2022_100_19;hallituksen;2
1328;100/2022;2022_100_19;hallitus;1
1328;100/2022;2022_100_19;harmonisointiin;1
1328;100/2022;2022_100_19;he;3
1328;100/2022;2022_100_19;heidän;1
1328;100/2022;2022_100_19;heillä;1
1328;100/2022;2022_100_19;heitä;2
1328;100/2022;2022_100_19;helpottaisivat;1
1328;100/2022;2022_100_19;hiventäkään;1
1328;100/2022;2022_100_19;hoidettu;1
1328;100/2022;2022_100_19;hoitaa;1
1328;100/2022;2022_100_19;hoitajamitoitus;3
1328;100/2022;2022_100_19;hoitajat;2
1328;100/2022;2022_100_19;hoitajia;2
1328;100/2022;2022_100_19;hoito;2
1328;100/2022;2022_100_19;hoitoa;3
1328;100/2022;2022_100_19;hoitoalalla;1
1328;100/2022;2022_100_19;hoitohenkilökunnan;1
1328;100/2022;2022_100_19;hoitojonossa;1
1328;100/2022;2022_100_19;hoitoketju;1
1328;100/2022;2022_100_19;hoitoketjussa;1
1328;100/2022;2022_100_19;hoitoon;1
1328;100/2022;2022_100_19;hoitopaikkoja;1
1328;100/2022;2022_100_19;hoitotakuu;1
1328;100/2022;2022_100_19;hoiva;1
1328;100/2022;2022_100_19;hommat;1
1328;100/2022;2022_100_19;houkutella;1
1328;100/2022;2022_100_19;huomiolle;1
1328;100/2022;2022_100_19;hyvinvointialueet;1
1328;100/2022;2022_100_19;hyvinvointialueille;1
1328;100/2022;2022_100_19;hyvänsä;1
1328;100/2022;2022_100_19;hädissään;1
1328;100/2022;2022_100_19;hätä;1
1328;100/2022;2022_100_19;ict-kustannuksia;1
1328;100/2022;2022_100_19;ideologisesta;1
1328;100/2022;2022_100_19;ihmiset;3
1328;100/2022;2022_100_19;ihmisiä;2
1328;100/2022;2022_100_19;ihmisten;1
1328;100/2022;2022_100_19;investointeihin;1
1328;100/2022;2022_100_19;itse;1
1328;100/2022;2022_100_19;ja;22
1328;100/2022;2022_100_19;jo;2
1328;100/2022;2022_100_19;joissain;1
1328;100/2022;2022_100_19;joka;3
1328;100/2022;2022_100_19;jonoissa;1
1328;100/2022;2022_100_19;jos;1
1328;100/2022;2022_100_19;jotain;1
1328;100/2022;2022_100_19;jotka;1
1328;100/2022;2022_100_19;julkiseen;1
1328;100/2022;2022_100_19;julkista;1
1328;100/2022;2022_100_19;järjen;1
1328;100/2022;2022_100_19;jää;1
1328;100/2022;2022_100_19;jäänyt;1
1328;100/2022;2022_100_19;kaaos;1
1328;100/2022;2022_100_19;kaikissa;1
1328;100/2022;2022_100_19;kaikki;1
1328;100/2022;2022_100_19;kannattaa;1
1328;100/2022;2022_100_19;kaupungeissa;1
1328;100/2022;2022_100_19;kautta;1
1328;100/2022;2022_100_19;kehitetty;1
1328;100/2022;2022_100_19;keinolla;1
1328;100/2022;2022_100_19;kela-korvauksia;1
1328;100/2022;2022_100_19;kerran;1
1328;100/2022;2022_100_19;keskeneräinen;1
1328;100/2022;2022_100_19;ketju;1
1328;100/2022;2022_100_19;ketjureaktio;1
1328;100/2022;2022_100_19;kiertävistä;1
1328;100/2022;2022_100_19;kohdistaa;1
1328;100/2022;2022_100_19;kokemuksia;1
1328;100/2022;2022_100_19;koko;4
1328;100/2022;2022_100_19;kokoomuksen;1
1328;100/2022;2022_100_19;kolmen;1
1328;100/2022;2022_100_19;konkurssia;1
1328;100/2022;2022_100_19;korkoa;1
1328;100/2022;2022_100_19;korottaa;1
1328;100/2022;2022_100_19;korvataan;1
1328;100/2022;2022_100_19;korvaukset;1
1328;100/2022;2022_100_19;koska;1
1328;100/2022;2022_100_19;kotimaassa;1
1328;100/2022;2022_100_19;koulutettuja;1
1328;100/2022;2022_100_19;koulutusta;2
1328;100/2022;2022_100_19;kovin;1
1328;100/2022;2022_100_19;kriisi;1
1328;100/2022;2022_100_19;kriisille;1
1328;100/2022;2022_100_19;kriisissä;2
1328;100/2022;2022_100_19;kuinka;1
1328;100/2022;2022_100_19;kun;5
1328;100/2022;2022_100_19;kunkin;1
1328;100/2022;2022_100_19;kunnat;1
1328;100/2022;2022_100_19;kunnioiteta;1
1328;100/2022;2022_100_19;kunnissa;1
1328;100/2022;2022_100_19;kunnossa;1
1328;100/2022;2022_100_19;kuntoon;2
1328;100/2022;2022_100_19;kuunteli;1
1328;100/2022;2022_100_19;kyllä;1
1328;100/2022;2022_100_19;kyse;2
1328;100/2022;2022_100_19;käsityksen;1
1328;100/2022;2022_100_19;käyttöön;1
1328;100/2022;2022_100_19;käyttöönotto;1
1328;100/2022;2022_100_19;käytäntöjä;1
1328;100/2022;2022_100_19;käytävillä;2
1328;100/2022;2022_100_19;laajemmin;1
1328;100/2022;2022_100_19;laittaa;2
1328;100/2022;2022_100_19;lakisääteistä;1
1328;100/2022;2022_100_19;lieventää;1
1328;100/2022;2022_100_19;liian;2
1328;100/2022;2022_100_19;lisäkustannuksesta;1
1328;100/2022;2022_100_19;lisää;4
1328;100/2022;2022_100_19;lisääminen;1
1328;100/2022;2022_100_19;loputkin;1
1328;100/2022;2022_100_19;lottoa;1
1328;100/2022;2022_100_19;luottamus;1
1328;100/2022;2022_100_19;luvassa;1
1328;100/2022;2022_100_19;lyhyessä;1
1328;100/2022;2022_100_19;lähelle;1
1328;100/2022;2022_100_19;läpi;1
1328;100/2022;2022_100_19;lääkäreistä;1
1328;100/2022;2022_100_19;löytyy;1
1328;100/2022;2022_100_19;makaavat;1
1328;100/2022;2022_100_19;maksaa;1
1328;100/2022;2022_100_19;maksaisi;1
1328;100/2022;2022_100_19;maksetaan;1
1328;100/2022;2022_100_19;makuuttaa;1
1328;100/2022;2022_100_19;maria;1
1328;100/2022;2022_100_19;mene;1
1328;100/2022;2022_100_19;mennä;1
1328;100/2022;2022_100_19;menolla;1
1328;100/2022;2022_100_19;miksei;1
1328;100/2022;2022_100_19;miljardi;1
1328;100/2022;2022_100_19;miljardia;1
1328;100/2022;2022_100_19;miljardin;1
1328;100/2022;2022_100_19;millä;1
1328;100/2022;2022_100_19;ministerin;1
1328;100/2022;2022_100_19;minua;1
1328;100/2022;2022_100_19;mitoituksia;1
1328;100/2022;2022_100_19;mitä;1
1328;100/2022;2022_100_19;molemmat;1
1328;100/2022;2022_100_19;muissa;1
1328;100/2022;2022_100_19;muistomerkki;1
1328;100/2022;2022_100_19;mukaan;2
1328;100/2022;2022_100_19;mutta;4
1328;100/2022;2022_100_19;muuta;1
1328;100/2022;2022_100_19;muutamaksi;1
1328;100/2022;2022_100_19;myöntämässä;1
1328;100/2022;2022_100_19;myös;1
1328;100/2022;2022_100_19;määräaikaisesti;1
1328;100/2022;2022_100_19;ne;1
1328;100/2022;2022_100_19;neljän;1
1328;100/2022;2022_100_19;niillä;1
1328;100/2022;2022_100_19;niin;4
1328;100/2022;2022_100_19;nopeaa;1
1328;100/2022;2022_100_19;nopeasti;4
1328;100/2022;2022_100_19;nykyisistä;1
1328;100/2022;2022_100_19;nyt;4
1328;100/2022;2022_100_19;näkyy;1
1328;100/2022;2022_100_19;odottamassa;1
1328;100/2022;2022_100_19;ohhoh;1
1328;100/2022;2022_100_19;oikealta;1
1328;100/2022;2022_100_19;oikeassa;1
1328;100/2022;2022_100_19;ole;2
1328;100/2022;2022_100_19;ollaan;1
1328;100/2022;2022_100_19;on;22
1328;100/2022;2022_100_19;otetaan;1
1328;100/2022;2022_100_19;otettu;1
1328;100/2022;2022_100_19;ottaa;2
1328;100/2022;2022_100_19;ovat;1
1328;100/2022;2022_100_19;pahenee;1
1328;100/2022;2022_100_19;paikassa;1
1328;100/2022;2022_100_19;paikoissa;2
1328;100/2022;2022_100_19;pakkomielteellä;1
1328;100/2022;2022_100_19;pakottanut;1
1328;100/2022;2022_100_19;palaavat;1
1328;100/2022;2022_100_19;paljon;2
1328;100/2022;2022_100_19;palkat;1
1328;100/2022;2022_100_19;palkkojen;1
1328;100/2022;2022_100_19;palveluita;1
1328;100/2022;2022_100_19;palvelut;2
1328;100/2022;2022_100_19;panna;1
1328;100/2022;2022_100_19;parane;1
1328;100/2022;2022_100_19;parannusta;1
1328;100/2022;2022_100_19;pelkkä;1
1328;100/2022;2022_100_19;pelkkää;1
1328;100/2022;2022_100_19;pelkästään;2
1328;100/2022;2022_100_19;perhelääkärimallin;1
1328;100/2022;2022_100_19;pitäisi;3
1328;100/2022;2022_100_19;pitää;7
1328;100/2022;2022_100_19;pois;1
1328;100/2022;2022_100_19;puhemies;3
1328;100/2022;2022_100_19;puhetta;1
1328;100/2022;2022_100_19;puolitoista;1
1328;100/2022;2022_100_19;puuttuvat;3
1328;100/2022;2022_100_19;pystyä;2
1328;100/2022;2022_100_19;pysyvästä;1
1328;100/2022;2022_100_19;päivystyksissä;2
1328;100/2022;2022_100_19;päivystysten;1
1328;100/2022;2022_100_19;päiväkausia;1
1328;100/2022;2022_100_19;päästävä;1
1328;100/2022;2022_100_19;rahaa;2
1328;100/2022;2022_100_19;rahat;3
1328;100/2022;2022_100_19;rahoituksen;1
1328;100/2022;2022_100_19;rapautuu;1
1328;100/2022;2022_100_19;reippaasti;1
1328;100/2022;2022_100_19;riittävän;1
1328;100/2022;2022_100_19;riittävästi;2
1328;100/2022;2022_100_19;riutuvat;1
1328;100/2022;2022_100_19;ruuhkia;1
1328;100/2022;2022_100_19;ruuhkina;1
1328;100/2022;2022_100_19;saada;1
1328;100/2022;2022_100_19;saatu;1
1328;100/2022;2022_100_19;sai;1
1328;100/2022;2022_100_19;sairaaloiden;5
1328;100/2022;2022_100_19;sairaanhoitopiireissä;1
1328;100/2022;2022_100_19;samoin;1
1328;100/2022;2022_100_19;se;1
1328;100/2022;2022_100_19;seiniin;1
1328;100/2022;2022_100_19;sekaisin;1
1328;100/2022;2022_100_19;sekasotku;1
1328;100/2022;2022_100_19;sekä;1
1328;100/2022;2022_100_19;selviää;1
1328;100/2022;2022_100_19;semmoisen;1
1328;100/2022;2022_100_19;sen;2
1328;100/2022;2022_100_19;seuraavan;2
1328;100/2022;2022_100_19;siellä;1
1328;100/2022;2022_100_19;siihen;2
1328;100/2022;2022_100_19;siirtyneitä;1
1328;100/2022;2022_100_19;siirtyville;1
1328;100/2022;2022_100_19;siivottavaksi;1
1328;100/2022;2022_100_19;sijaan;1
1328;100/2022;2022_100_19;sitä;2
1328;100/2022;2022_100_19;sosialismiin;1
1328;100/2022;2022_100_19;sote;1
1328;100/2022;2022_100_19;sote-uudistus;2
1328;100/2022;2022_100_19;suhteen;1
1328;100/2022;2022_100_19;sulkemaan;1
1328;100/2022;2022_100_19;suomen;1
1328;100/2022;2022_100_19;suomessa;2
1328;100/2022;2022_100_19;syntyessään;1
1328;100/2022;2022_100_19;syntynyt;1
1328;100/2022;2022_100_19;säädetään;1
1328;100/2022;2022_100_19;säätää;1
1328;100/2022;2022_100_19;takuita;1
1328;100/2022;2022_100_19;tallinnaan;1
1328;100/2022;2022_100_19;talman;3
1328;100/2022;2022_100_19;talouskriisiin;1
1328;100/2022;2022_100_19;tarve;1
1328;100/2022;2022_100_19;tarvita;1
1328;100/2022;2022_100_19;tarvitaan;1
1328;100/2022;2022_100_19;tarvitsevat;2
1328;100/2022;2022_100_19;tarvitsevia;1
1328;100/2022;2022_100_19;tee;1
1328;100/2022;2022_100_19;tehdä;2
1328;100/2022;2022_100_19;tehtävissä;1
1328;100/2022;2022_100_19;tehtävä;1
1328;100/2022;2022_100_19;tehtävää;1
1328;100/2022;2022_100_19;tekee;1
1328;100/2022;2022_100_19;terveydenhoidon;1
1328;100/2022;2022_100_19;terveydenhuollon;1
1328;100/2022;2022_100_19;terveydenhuolto;1
1328;100/2022;2022_100_19;terveydenhuoltoon;1
1328;100/2022;2022_100_19;todellinen;1
1328;100/2022;2022_100_19;toisi;1
1328;100/2022;2022_100_19;torso;1
1328;100/2022;2022_100_19;tuhansia;1
1328;100/2022;2022_100_19;tunteja;1
1328;100/2022;2022_100_19;tuo;1
1328;100/2022;2022_100_19;työhön;1
1328;100/2022;2022_100_19;työolot;1
1328;100/2022;2022_100_19;tälle;1
1328;100/2022;2022_100_19;tällä;1
1328;100/2022;2022_100_19;tämä;4
1328;100/2022;2022_100_19;tämän;1
1328;100/2022;2022_100_19;tässä;3
1328;100/2022;2022_100_19;täydellinen;1
1328;100/2022;2022_100_19;täysin;2
1328;100/2022;2022_100_19;täyttä;1
1328;100/2022;2022_100_19;töihin;1
1328;100/2022;2022_100_19;töitä;1
1328;100/2022;2022_100_19;uudet;1
1328;100/2022;2022_100_19;uudistukset;1
1328;100/2022;2022_100_19;uudistus;2
1328;100/2022;2022_100_19;uusiksi;1
1328;100/2022;2022_100_19;vaatimusta;1
1328;100/2022;2022_100_19;vaikka;1
1328;100/2022;2022_100_19;vaikkapa;1
1328;100/2022;2022_100_19;vaikkei;1
1328;100/2022;2022_100_19;vain;1
1328;100/2022;2022_100_19;valtion;2
1328;100/2022;2022_100_19;valtuudet;1
1328;100/2022;2022_100_19;vanhustenhoidon;2
1328;100/2022;2022_100_19;vanhustenhoidossa;1
1328;100/2022;2022_100_19;varata;1
1328;100/2022;2022_100_19;vasemmalta;1
1328;100/2022;2022_100_19;vasemmistohallitus;2
1328;100/2022;2022_100_19;vasta;1
1328;100/2022;2022_100_19;vastaava;1
1328;100/2022;2022_100_19;vastaavaan;1
1328;100/2022;2022_100_19;velkaa;2
1328;100/2022;2022_100_19;veloista;1
1328;100/2022;2022_100_19;veroporkkanalla;1
1328;100/2022;2022_100_19;voi;3
1328;100/2022;2022_100_19;vuodeksi;1
1328;100/2022;2022_100_19;vuoden;2
1328;100/2022;2022_100_19;vuodenvaihteessa;1
1328;100/2022;2022_100_19;vuodessa;1
1328;100/2022;2022_100_19;vuonna;3
1328;100/2022;2022_100_19;vuorokausia;1
1328;100/2022;2022_100_19;vähälle;1
1328;100/2022;2022_100_19;välikysymykseen;1
1328;100/2022;2022_100_19;välittömästi;1
1328;100/2022;2022_100_19;yhdyn;1
1328;100/2022;2022_100_19;yhteiskunta;1
1328;100/2022;2022_100_19;yksityinen;1
1328;100/2022;2022_100_19;yksityisiä;1
1328;100/2022;2022_100_19;yksityislääkärin;1
1328;100/2022;2022_100_19;yli;1
1328;100/2022;2022_100_19;ymmärtää;1
1328;100/2022;2022_100_19;yritetään;1
1328;100/2022;2022_100_19;ärade;3
1328;100/2024;2024_100_43;arvoisa;2
1328;100/2024;2024_100_43;asia;1
1328;100/2024;2024_100_43;budjetti;1
1328;100/2024;2024_100_43;ei;2
1328;100/2024;2024_100_43;että;3
1328;100/2024;2024_100_43;grahn-laasoselta;1
1328;100/2024;2024_100_43;he;1
1328;100/2024;2024_100_43;hyvä;1
1328;100/2024;2024_100_43;ihmiset;1
1328;100/2024;2024_100_43;ja;3
1328;100/2024;2024_100_43;jälkeen;1
1328;100/2024;2024_100_43;kaikki;1
1328;100/2024;2024_100_43;kiuru;1
1328;100/2024;2024_100_43;koputtaa;1
1328;100/2024;2024_100_43;koska;1
1328;100/2024;2024_100_43;kuinka;1
1328;100/2024;2024_100_43;kulut;1
1328;100/2024;2024_100_43;kun;3
1328;100/2024;2024_100_43;kyse;1
1328;100/2024;2024_100_43;kysyisin;1
1328;100/2024;2024_100_43;kysymys;1
1328;100/2024;2024_100_43;kysyn;1
1328;100/2024;2024_100_43;lopettanut;1
1328;100/2024;2024_100_43;lääkäriin;1
1328;100/2024;2024_100_43;lääkärille;1
1328;100/2024;2024_100_43;lääkärin;1
1328;100/2024;2024_100_43;maksamaan;1
1328;100/2024;2024_100_43;miljoonasta;1
1328;100/2024;2024_100_43;millä;1
1328;100/2024;2024_100_43;ministeri;1
1328;100/2024;2024_100_43;minä;1
1328;100/2024;2024_100_43;mitään;1
1328;100/2024;2024_100_43;mutta;1
1328;100/2024;2024_100_43;muut;1
1328;100/2024;2024_100_43;naurua;1
1328;100/2024;2024_100_43;niin;1
1328;100/2024;2024_100_43;näihinhän;1
1328;100/2024;2024_100_43;nämä;2
1328;100/2024;2024_100_43;ole;2
1328;100/2024;2024_100_43;olette;1
1328;100/2024;2024_100_43;on;5
1328;100/2024;2024_100_43;otetaan;1
1328;100/2024;2024_100_43;pelkästään;1
1328;100/2024;2024_100_43;puhemies;3
1328;100/2024;2024_100_43;pystyvät;1
1328;100/2024;2024_100_43;pääsevät;1
1328;100/2024;2024_100_43;pääsisivät;1
1328;100/2024;2024_100_43;rahaa;1
1328;100/2024;2024_100_43;röntgenit;1
1328;100/2024;2024_100_43;se;3
1328;100/2024;2024_100_43;sehän;1
1328;100/2024;2024_100_43;sen;1
1328;100/2024;2024_100_43;sinne;1
1328;100/2024;2024_100_43;sitten;1
1328;100/2024;2024_100_43;suunnitellut;1
1328;100/2024;2024_100_43;suuri;1
1328;100/2024;2024_100_43;talman;1
1328;100/2024;2024_100_43;tavalla;1
1328;100/2024;2024_100_43;te;1
1328;100/2024;2024_100_43;terveyskeskukseen;1
1328;100/2024;2024_100_43;terveyskeskusmaksuilla;1
1328;100/2024;2024_100_43;tietysti;1
1328;100/2024;2024_100_43;toinen;1
1328;100/2024;2024_100_43;tässä;1
1328;100/2024;2024_100_43;vaan;1
1328;100/2024;2024_100_43;varattu;1
1328;100/2024;2024_100_43;vastaanotto;1
1328;100/2024;2024_100_43;verikokeet;1
1328;100/2024;2024_100_43;vuotiaasta;1
1328;100/2024;2024_100_43;vuotiaat;1
1328;100/2024;2024_100_43;välihuutoja;1
1328;100/2024;2024_100_43;yksityiselle;1
1328;100/2024;2024_100_43;yli;3
1328;100/2024;2024_100_43;ärade;1
1328;101/2021;2021_101_19;aina;1
1328;101/2021;2021_101_19;aivan;1
1328;101/2021;2021_101_19;ajalta;1
1328;101/2021;2021_101_19;ajoissa;2
1328;101/2021;2021_101_19;ala-arvoista;1
1328;101/2021;2021_101_19;alaikäistä;1
1328;101/2021;2021_101_19;alakouluikäisistä;1
1328;101/2021;2021_101_19;alkaa;1
1328;101/2021;2021_101_19;alle;1
1328;101/2021;2021_101_19;alleviivaa;1
1328;101/2021;2021_101_19;antaa;1
1328;101/2021;2021_101_19;arkaluontoisia;1
1328;101/2021;2021_101_19;arvoisa;3
1328;101/2021;2021_101_19;askeleen;1
1328;101/2021;2021_101_19;auktoriteetti;1
1328;101/2021;2021_101_19;auta;1
1328;101/2021;2021_101_19;avoimeen;1
1328;101/2021;2021_101_19;avoimuuden;1
1328;101/2021;2021_101_19;avustajista;1
1328;101/2021;2021_101_19;digitaalisten;1
1328;101/2021;2021_101_19;edellä;1
1328;101/2021;2021_101_19;edes;3
1328;101/2021;2021_101_19;ei;8
1328;101/2021;2021_101_19;eivät;2
1328;101/2021;2021_101_19;eivätkä;1
1328;101/2021;2021_101_19;ellei;1
1328;101/2021;2021_101_19;enemmän;3
1328;101/2021;2021_101_19;ennaltaehkäisyssä;1
1328;101/2021;2021_101_19;ensi;1
1328;101/2021;2021_101_19;ensimmäinen;1
1328;101/2021;2021_101_19;epäonnistuneet;1
1328;101/2021;2021_101_19;epäonnistunut;1
1328;101/2021;2021_101_19;eriarvoistumiseen;1
1328;101/2021;2021_101_19;esimerkiksi;1
1328;101/2021;2021_101_19;esimerkki;3
1328;101/2021;2021_101_19;eteen;1
1328;101/2021;2021_101_19;että;4
1328;101/2021;2021_101_19;etäkouluaikana;1
1328;101/2021;2021_101_19;foorumi;1
1328;101/2021;2021_101_19;göteborgissa;1
1328;101/2021;2021_101_19;hallituksen;1
1328;101/2021;2021_101_19;hallituspuolueet;1
1328;101/2021;2021_101_19;haluavat;1
1328;101/2021;2021_101_19;hankkineet;1
1328;101/2021;2021_101_19;helsingin;1
1328;101/2021;2021_101_19;helsingissä;1
1328;101/2021;2021_101_19;huijauksista;1
1328;101/2021;2021_101_19;huumekauppaa;1
1328;101/2021;2021_101_19;hybridi;1
1328;101/2021;2021_101_19;hyvin;1
1328;101/2021;2021_101_19;hyvän;1
1328;101/2021;2021_101_19;hyväuskoisuudesta;1
1328;101/2021;2021_101_19;hyvää;1
1328;101/2021;2021_101_19;hyötyä;1
1328;101/2021;2021_101_19;hölmöydestä;1
1328;101/2021;2021_101_19;ihmisen;1
1328;101/2021;2021_101_19;ihmisille;1
1328;101/2021;2021_101_19;ihmisten;1
1328;101/2021;2021_101_19;ikätoverinsa;1
1328;101/2021;2021_101_19;ikävämpi;1
1328;101/2021;2021_101_19;ilman;1
1328;101/2021;2021_101_19;iltalypsyä;1
1328;101/2021;2021_101_19;informaatiovaikuttamiselle;1
1328;101/2021;2021_101_19;internetin;2
1328;101/2021;2021_101_19;ja;21
1328;101/2021;2021_101_19;jatkossa;2
1328;101/2021;2021_101_19;jatkuvasti;1
1328;101/2021;2021_101_19;jo;2
1328;101/2021;2021_101_19;johtaa;1
1328;101/2021;2021_101_19;johtuu;1
1328;101/2021;2021_101_19;joissa;1
1328;101/2021;2021_101_19;jokavuotista;1
1328;101/2021;2021_101_19;jonka;1
1328;101/2021;2021_101_19;jos;2
1328;101/2021;2021_101_19;jossa;2
1328;101/2021;2021_101_19;jotain;1
1328;101/2021;2021_101_19;järkyttäviä;1
1328;101/2021;2021_101_19;kadoksissa;1
1328;101/2021;2021_101_19;kaikissa;1
1328;101/2021;2021_101_19;kaikki;4
1328;101/2021;2021_101_19;karkein;1
1328;101/2021;2021_101_19;karu;1
1328;101/2021;2021_101_19;kasautuvat;1
1328;101/2021;2021_101_19;kehitys;1
1328;101/2021;2021_101_19;kerrottu;1
1328;101/2021;2021_101_19;keräämään;1
1328;101/2021;2021_101_19;keskinäiseen;1
1328;101/2021;2021_101_19;keskusteluun;1
1328;101/2021;2021_101_19;kidutti;1
1328;101/2021;2021_101_19;kiinnostaa;1
1328;101/2021;2021_101_19;kiinteäksi;1
1328;101/2021;2021_101_19;kiristämään;1
1328;101/2021;2021_101_19;koettiin;1
1328;101/2021;2021_101_19;kohdistuva;1
1328;101/2021;2021_101_19;kohteena;1
1328;101/2021;2021_101_19;kokonaan;1
1328;101/2021;2021_101_19;kolme;1
1328;101/2021;2021_101_19;koronan;1
1328;101/2021;2021_101_19;koska;1
1328;101/2021;2021_101_19;koskaan;1
1328;101/2021;2021_101_19;koskelassa;1
1328;101/2021;2021_101_19;kotona;1
1328;101/2021;2021_101_19;koulumaailmasta;1
1328;101/2021;2021_101_19;koulupsykologeista;1
1328;101/2021;2021_101_19;koulussa;1
1328;101/2021;2021_101_19;kouluun;1
1328;101/2021;2021_101_19;kuin;5
1328;101/2021;2021_101_19;kuitattu;1
1328;101/2021;2021_101_19;kun;2
1328;101/2021;2021_101_19;kuoliaaksi;1
1328;101/2021;2021_101_19;kuten;1
1328;101/2021;2021_101_19;kuuluu;1
1328;101/2021;2021_101_19;käräjätuomari;1
1328;101/2021;2021_101_19;laajalle;1
1328;101/2021;2021_101_19;lait;1
1328;101/2021;2021_101_19;lapsiin;1
1328;101/2021;2021_101_19;lapsista;1
1328;101/2021;2021_101_19;liene;1
1328;101/2021;2021_101_19;liian;1
1328;101/2021;2021_101_19;lisäbudjetista;1
1328;101/2021;2021_101_19;lisäksi;1
1328;101/2021;2021_101_19;lisätä;1
1328;101/2021;2021_101_19;lisävelkaa;1
1328;101/2021;2021_101_19;lunnasrahoja;1
1328;101/2021;2021_101_19;luottamukseen;1
1328;101/2021;2021_101_19;luottamusta;1
1328;101/2021;2021_101_19;lähipiirissä;1
1328;101/2021;2021_101_19;maa;1
1328;101/2021;2021_101_19;maahanmuuttajien;1
1328;101/2021;2021_101_19;maailma;1
1328;101/2021;2021_101_19;maailman;2
1328;101/2021;2021_101_19;maalittaminen;1
1328;101/2021;2021_101_19;maana;1
1328;101/2021;2021_101_19;mahdollisuuden;1
1328;101/2021;2021_101_19;mahdoton;1
1328;101/2021;2021_101_19;malmössa;1
1328;101/2021;2021_101_19;media;1
1328;101/2021;2021_101_19;meidän;2
1328;101/2021;2021_101_19;meillä;1
1328;101/2021;2021_101_19;mene;1
1328;101/2021;2021_101_19;mennä;1
1328;101/2021;2021_101_19;miljardia;1
1328;101/2021;2021_101_19;miljoonaa;1
1328;101/2021;2021_101_19;missään;1
1328;101/2021;2021_101_19;murentavat;1
1328;101/2021;2021_101_19;mutta;3
1328;101/2021;2021_101_19;muussakin;1
1328;101/2021;2021_101_19;muut;1
1328;101/2021;2021_101_19;muuttunut;1
1328;101/2021;2021_101_19;muuttuu;1
1328;101/2021;2021_101_19;myöhässä;1
1328;101/2021;2021_101_19;myös;3
1328;101/2021;2021_101_19;määräraha;1
1328;101/2021;2021_101_19;määrärahoilla;1
1328;101/2021;2021_101_19;määrää;1
1328;101/2021;2021_101_19;naisiin;1
1328;101/2021;2021_101_19;naurua;1
1328;101/2021;2021_101_19;ne;3
1328;101/2021;2021_101_19;niiden;1
1328;101/2021;2021_101_19;niillä;1
1328;101/2021;2021_101_19;niin;6
1328;101/2021;2021_101_19;niissä;1
1328;101/2021;2021_101_19;niistä;1
1328;101/2021;2021_101_19;nimessä;1
1328;101/2021;2021_101_19;nopeammin;1
1328;101/2021;2021_101_19;nuoren;1
1328;101/2021;2021_101_19;nuorisojengit;1
1328;101/2021;2021_101_19;nuorta;1
1328;101/2021;2021_101_19;nyt;1
1328;101/2021;2021_101_19;nytkin;1
1328;101/2021;2021_101_19;nähty;1
1328;101/2021;2021_101_19;oikein;1
1328;101/2021;2021_101_19;ole;2
1328;101/2021;2021_101_19;olemme;2
1328;101/2021;2021_101_19;olla;2
1328;101/2021;2021_101_19;ollut;1
1328;101/2021;2021_101_19;on;19
1328;101/2021;2021_101_19;ongelmalähiöitä;1
1328;101/2021;2021_101_19;ongelmat;1
1328;101/2021;2021_101_19;ongelmiin;1
1328;101/2021;2021_101_19;opettajista;1
1328;101/2021;2021_101_19;opiksi;1
1328;101/2021;2021_101_19;oppivelvollisuuden;1
1328;101/2021;2021_101_19;osa;2
1328;101/2021;2021_101_19;osaan;1
1328;101/2021;2021_101_19;otetaan;1
1328;101/2021;2021_101_19;otettava;1
1328;101/2021;2021_101_19;ottein;1
1328;101/2021;2021_101_19;ovat;5
1328;101/2021;2021_101_19;pahaakin;1
1328;101/2021;2021_101_19;painajainen;1
1328;101/2021;2021_101_19;paljon;2
1328;101/2021;2021_101_19;palveluiden;1
1328;101/2021;2021_101_19;panostaa;1
1328;101/2021;2021_101_19;parempaan;1
1328;101/2021;2021_101_19;peli;1
1328;101/2021;2021_101_19;pelkästään;1
1328;101/2021;2021_101_19;perheväkivalta;2
1328;101/2021;2021_101_19;perustuu;1
1328;101/2021;2021_101_19;pidentäminen;1
1328;101/2021;2021_101_19;pidetään;1
1328;101/2021;2021_101_19;pidä;1
1328;101/2021;2021_101_19;pitää;7
1328;101/2021;2021_101_19;poliisi;1
1328;101/2021;2021_101_19;poliisien;3
1328;101/2021;2021_101_19;poliisin;1
1328;101/2021;2021_101_19;poliisit;1
1328;101/2021;2021_101_19;poliitikot;1
1328;101/2021;2021_101_19;potilastietoja;1
1328;101/2021;2021_101_19;puheissa;1
1328;101/2021;2021_101_19;puhemies;3
1328;101/2021;2021_101_19;puhutaan;1
1328;101/2021;2021_101_19;puuttua;2
1328;101/2021;2021_101_19;puuttuva;1
1328;101/2021;2021_101_19;pyrkinyt;1
1328;101/2021;2021_101_19;pyrkivät;1
1328;101/2021;2021_101_19;pystynyt;1
1328;101/2021;2021_101_19;pyörittävät;1
1328;101/2021;2021_101_19;päätellä;1
1328;101/2021;2021_101_19;rahaa;1
1328;101/2021;2021_101_19;rahat;1
1328;101/2021;2021_101_19;rakentaa;1
1328;101/2021;2021_101_19;rakentavaan;1
1328;101/2021;2021_101_19;rakentunut;1
1328;101/2021;2021_101_19;resurssit;1
1328;101/2021;2021_101_19;riittävän;2
1328;101/2021;2021_101_19;rikoksiin;1
1328;101/2021;2021_101_19;rikollinen;1
1328;101/2021;2021_101_19;rikolliset;1
1328;101/2021;2021_101_19;rikollisia;1
1328;101/2021;2021_101_19;ruotsissa;1
1328;101/2021;2021_101_19;samoille;1
1328;101/2021;2021_101_19;samoja;1
1328;101/2021;2021_101_19;sanottu;1
1328;101/2021;2021_101_19;se;2
1328;101/2021;2021_101_19;siinä;1
1328;101/2021;2021_101_19;siitä;2
1328;101/2021;2021_101_19;siksi;1
1328;101/2021;2021_101_19;silloin;1
1328;101/2021;2021_101_19;silti;1
1328;101/2021;2021_101_19;sisäministeriä;1
1328;101/2021;2021_101_19;sitoutuminen;1
1328;101/2021;2021_101_19;sitä;1
1328;101/2021;2021_101_19;somesta;1
1328;101/2021;2021_101_19;sosiaalinen;1
1328;101/2021;2021_101_19;sosiaaliset;1
1328;101/2021;2021_101_19;sujuvammassa;1
1328;101/2021;2021_101_19;suomessa;1
1328;101/2021;2021_101_19;suomessakin;1
1328;101/2021;2021_101_19;suomi;2
1328;101/2021;2021_101_19;suurin;2
1328;101/2021;2021_101_19;syrjäytyminen;1
1328;101/2021;2021_101_19;syyllistyvät;1
1328;101/2021;2021_101_19;taata;1
1328;101/2021;2021_101_19;tai;3
1328;101/2021;2021_101_19;talman;3
1328;101/2021;2021_101_19;tapaukset;1
1328;101/2021;2021_101_19;tapaus;1
1328;101/2021;2021_101_19;tapoja;1
1328;101/2021;2021_101_19;tarjoaa;1
1328;101/2021;2021_101_19;tarvitaan;1
1328;101/2021;2021_101_19;tarvittavat;1
1328;101/2021;2021_101_19;tavoiteta;1
1328;101/2021;2021_101_19;tehdä;2
1328;101/2021;2021_101_19;tehokkain;1
1328;101/2021;2021_101_19;termistä;1
1328;101/2021;2021_101_19;tiedonkulkuun;1
1328;101/2021;2021_101_19;tietoon;1
1328;101/2021;2021_101_19;tilastoista;1
1328;101/2021;2021_101_19;todella;1
1328;101/2021;2021_101_19;todettu;1
1328;101/2021;2021_101_19;toimia;1
1328;101/2021;2021_101_19;toimijat;1
1328;101/2021;2021_101_19;toiminta;1
1328;101/2021;2021_101_19;toimintaan;1
1328;101/2021;2021_101_19;toimivat;1
1328;101/2021;2021_101_19;toivomisen;1
1328;101/2021;2021_101_19;tukholmassa;1
1328;101/2021;2021_101_19;tule;2
1328;101/2021;2021_101_19;tulee;1
1328;101/2021;2021_101_19;tulevaisuus;1
1328;101/2021;2021_101_19;tullut;1
1328;101/2021;2021_101_19;tulossa;1
1328;101/2021;2021_101_19;tuomittavia;1
1328;101/2021;2021_101_19;tuorein;1
1328;101/2021;2021_101_19;turhaa;1
1328;101/2021;2021_101_19;turvallisia;1
1328;101/2021;2021_101_19;turvallisimpana;1
1328;101/2021;2021_101_19;turvallisin;1
1328;101/2021;2021_101_19;turvallisuudelle;1
1328;101/2021;2021_101_19;turvallisuus;1
1328;101/2021;2021_101_19;turve;1
1328;101/2021;2021_101_19;tutkijat;1
1328;101/2021;2021_101_19;tähän;1
1328;101/2021;2021_101_19;tällainen;1
1328;101/2021;2021_101_19;tämän;1
1328;101/2021;2021_101_19;tässä;1
1328;101/2021;2021_101_19;tästä;1
1328;101/2021;2021_101_19;tätä;1
1328;101/2021;2021_101_19;täysin;1
1328;101/2021;2021_101_19;täytyy;1
1328;101/2021;2021_101_19;töitä;1
1328;101/2021;2021_101_19;uhka;1
1328;101/2021;2021_101_19;uhkia;1
1328;101/2021;2021_101_19;ulkopuolisten;1
1328;101/2021;2021_101_19;unelmasta;1
1328;101/2021;2021_101_19;usein;1
1328;101/2021;2021_101_19;uskalla;1
1328;101/2021;2021_101_19;uusia;1
1328;101/2021;2021_101_19;uutisia;1
1328;101/2021;2021_101_19;vaaleissa;1
1328;101/2021;2021_101_19;vaikuttamaan;1
1328;101/2021;2021_101_19;valitettavia;1
1328;101/2021;2021_101_19;vallitsevat;1
1328;101/2021;2021_101_19;valtapuolueen;1
1328;101/2021;2021_101_19;valtio;1
1328;101/2021;2021_101_19;varaa;1
1328;101/2021;2021_101_19;varhain;1
1328;101/2021;2021_101_19;varsinkin;1
1328;101/2021;2021_101_19;vastaamon;1
1328;101/2021;2021_101_19;venäjän;1
1328;101/2021;2021_101_19;verkkohuijaukset;1
1328;101/2021;2021_101_19;verkossa;2
1328;101/2021;2021_101_19;vielä;3
1328;101/2021;2021_101_19;vihreää;1
1328;101/2021;2021_101_19;viidakon;1
1328;101/2021;2021_101_19;viikkoja;1
1328;101/2021;2021_101_19;viranhaltijat;1
1328;101/2021;2021_101_19;viranomaisille;1
1328;101/2021;2021_101_19;viranomaisten;4
1328;101/2021;2021_101_19;virheitä;1
1328;101/2021;2021_101_19;voisi;1
1328;101/2021;2021_101_19;vuonna;1
1328;101/2021;2021_101_19;vuosittain;1
1328;101/2021;2021_101_19;vuotiaat;1
1328;101/2021;2021_101_19;vähemmän;1
1328;101/2021;2021_101_19;yhteiskunnalliset;1
1328;101/2021;2021_101_19;yhteiskunnan;1
1328;101/2021;2021_101_19;yhteiskuntaan;1
1328;101/2021;2021_101_19;yhteistoimintaan;1
1328;101/2021;2021_101_19;yhteistyössäkin;1
1328;101/2021;2021_101_19;yhä;2
1328;101/2021;2021_101_19;yksiin;1
1328;101/2021;2021_101_19;yleistä;1
1328;101/2021;2021_101_19;ärade;3
1328;101/2021;2021_101_19;äsken;1
1328;101/2021;2021_101_19;äärimmäisen;2
1328;101/2021;2021_101_19;öisin;1
1328;101/2022;2022_101_47;aidan;3
1328;101/2022;2022_101_47;arvoisa;1
1328;101/2022;2022_101_47;avulla;1
1328;101/2022;2022_101_47;ei;2
1328;101/2022;2022_101_47;eikä;1
1328;101/2022;2022_101_47;esitti;1
1328;101/2022;2022_101_47;että;2
1328;101/2022;2022_101_47;euroa;1
1328;101/2022;2022_101_47;euroopan;1
1328;101/2022;2022_101_47;hallitus;1
1328;101/2022;2022_101_47;haluavia;1
1328;101/2022;2022_101_47;hoitajia;1
1328;101/2022;2022_101_47;isompaa;1
1328;101/2022;2022_101_47;itämerellä;1
1328;101/2022;2022_101_47;itärajaa;1
1328;101/2022;2022_101_47;itärajan;1
1328;101/2022;2022_101_47;ja;4
1328;101/2022;2022_101_47;jo;1
1328;101/2022;2022_101_47;johto;1
1328;101/2022;2022_101_47;joiden;1
1328;101/2022;2022_101_47;julistanut;1
1328;101/2022;2022_101_47;jää;1
1328;101/2022;2022_101_47;kaasuputkia;1
1328;101/2022;2022_101_47;kanssa;1
1328;101/2022;2022_101_47;kieltää;1
1328;101/2022;2022_101_47;kiinni;1
1328;101/2022;2022_101_47;kiinteistöille;1
1328;101/2022;2022_101_47;kilometri;1
1328;101/2022;2022_101_47;kohtiin;1
1328;101/2022;2022_101_47;kriittisiin;1
1328;101/2022;2022_101_47;kulunut;1
1328;101/2022;2022_101_47;kuukausi;2
1328;101/2022;2022_101_47;kyllä;1
1328;101/2022;2022_101_47;kymmenen;1
1328;101/2022;2022_101_47;kysymys;1
1328;101/2022;2022_101_47;leikistä;1
1328;101/2022;2022_101_47;liikekannallepanon;1
1328;101/2022;2022_101_47;lännelle;1
1328;101/2022;2022_101_47;maaraja;1
1328;101/2022;2022_101_47;mahtaa;1
1328;101/2022;2022_101_47;maksaa;1
1328;101/2022;2022_101_47;meinaatte;1
1328;101/2022;2022_101_47;miljoona;1
1328;101/2022;2022_101_47;minkälaisen;1
1328;101/2022;2022_101_47;mistään;1
1328;101/2022;2022_101_47;mitä;1
1328;101/2022;2022_101_47;mutta;1
1328;101/2022;2022_101_47;nyt;2
1328;101/2022;2022_101_47;ole;1
1328;101/2022;2022_101_47;on;3
1328;101/2022;2022_101_47;opiskelemaan;1
1328;101/2022;2022_101_47;pienen;1
1328;101/2022;2022_101_47;pisin;1
1328;101/2022;2022_101_47;pitää;1
1328;101/2022;2022_101_47;poikkeusta;1
1328;101/2022;2022_101_47;puhemies;1
1328;101/2022;2022_101_47;pääsevät;1
1328;101/2022;2022_101_47;pääsykokeisiin;1
1328;101/2022;2022_101_47;rajavartiolaitoksen;1
1328;101/2022;2022_101_47;rakentaa;3
1328;101/2022;2022_101_47;rakentamista;1
1328;101/2022;2022_101_47;riittää;1
1328;101/2022;2022_101_47;räjäytellään;1
1328;101/2022;2022_101_47;saa;1
1328;101/2022;2022_101_47;sanoimme;1
1328;101/2022;2022_101_47;sanoitte;1
1328;101/2022;2022_101_47;se;1
1328;101/2022;2022_101_47;selvittää;1
1328;101/2022;2022_101_47;sillä;1
1328;101/2022;2022_101_47;sitten;1
1328;101/2022;2022_101_47;sodan;1
1328;101/2022;2022_101_47;suomeen;1
1328;101/2022;2022_101_47;suomella;1
1328;101/2022;2022_101_47;talman;1
1328;101/2022;2022_101_47;tehdä;1
1328;101/2022;2022_101_47;venäjä;1
1328;101/2022;2022_101_47;venäjän;1
1328;101/2022;2022_101_47;venäläiset;1
1328;101/2022;2022_101_47;vielä;1
1328;101/2022;2022_101_47;vieläkään;1
1328;101/2022;2022_101_47;viisumit;1
1328;101/2022;2022_101_47;voi;2
1328;101/2022;2022_101_47;voimaan;1
1328;101/2022;2022_101_47;voisi;1
1328;101/2022;2022_101_47;voitteko;1
1328;101/2022;2022_101_47;vähän;1
1328;101/2022;2022_101_47;välillä;1
1328;101/2022;2022_101_47;välittömästi;1
1328;101/2022;2022_101_47;ärade;1
1328;101/2022;2022_101_47;äsken;1
1328;102/2024;2024_102_20;aikaiseksi;1
1328;102/2024;2024_102_20;aikoja;1
1328;102/2024;2024_102_20;alas;1
1328;102/2024;2024_102_20;antaa;1
1328;102/2024;2024_102_20;arvoisa;4
1328;102/2024;2024_102_20;asiantuntijoiden;1
1328;102/2024;2024_102_20;asiat;1
1328;102/2024;2024_102_20;asti;1
1328;102/2024;2024_102_20;edustus;1
1328;102/2024;2024_102_20;ei;4
1328;102/2024;2024_102_20;eikä;3
1328;102/2024;2024_102_20;ek;1
1328;102/2024;2024_102_20;elintaso;1
1328;102/2024;2024_102_20;enemmän;2
1328;102/2024;2024_102_20;energia;1
1328;102/2024;2024_102_20;ensin;1
1328;102/2024;2024_102_20;entä;1
1328;102/2024;2024_102_20;erityisellä;1
1328;102/2024;2024_102_20;esittää;1
1328;102/2024;2024_102_20;esitystä;1
1328;102/2024;2024_102_20;estää;1
1328;102/2024;2024_102_20;että;3
1328;102/2024;2024_102_20;etu;1
1328;102/2024;2024_102_20;euroa;2
1328;102/2024;2024_102_20;euroista;1
1328;102/2024;2024_102_20;euron;1
1328;102/2024;2024_102_20;hallituksen;1
1328;102/2024;2024_102_20;hallituksissa;1
1328;102/2024;2024_102_20;haluavat;1
1328;102/2024;2024_102_20;he;1
1328;102/2024;2024_102_20;heistä;1
1328;102/2024;2024_102_20;hoitoa;1
1328;102/2024;2024_102_20;hoivaa;1
1328;102/2024;2024_102_20;hyvinvoinnin;1
1328;102/2024;2024_102_20;hyvässä;1
1328;102/2024;2024_102_20;ihmisillä;1
1328;102/2024;2024_102_20;ihmisiä;1
1328;102/2024;2024_102_20;itsekin;1
1328;102/2024;2024_102_20;itsenäisesti;1
1328;102/2024;2024_102_20;ja;22
1328;102/2024;2024_102_20;jatketaan;1
1328;102/2024;2024_102_20;jo;2
1328;102/2024;2024_102_20;jos;1
1328;102/2024;2024_102_20;joutuu;1
1328;102/2024;2024_102_20;julkinen;3
1328;102/2024;2024_102_20;järkevää;1
1328;102/2024;2024_102_20;järkeä;1
1328;102/2024;2024_102_20;jää;1
1328;102/2024;2024_102_20;kaikki;1
1328;102/2024;2024_102_20;kaikkien;1
1328;102/2024;2024_102_20;kannattaa;1
1328;102/2024;2024_102_20;kannustetaan;1
1328;102/2024;2024_102_20;kanssa;1
1328;102/2024;2024_102_20;kantaa;1
1328;102/2024;2024_102_20;kasvaa;1
1328;102/2024;2024_102_20;kasvavat;2
1328;102/2024;2024_102_20;kasvu;3
1328;102/2024;2024_102_20;kasvuun;1
1328;102/2024;2024_102_20;katsokaa;2
1328;102/2024;2024_102_20;katsottava;1
1328;102/2024;2024_102_20;kautta;1
1328;102/2024;2024_102_20;kerran;1
1328;102/2024;2024_102_20;kohtuutonta;1
1328;102/2024;2024_102_20;koko;2
1328;102/2024;2024_102_20;kokoomus;1
1328;102/2024;2024_102_20;kokoomuslaiset;1
1328;102/2024;2024_102_20;kolme;1
1328;102/2024;2024_102_20;korkeampaa;1
1328;102/2024;2024_102_20;korkeampi;1
1328;102/2024;2024_102_20;korotettiin;1
1328;102/2024;2024_102_20;koska;3
1328;102/2024;2024_102_20;koskisi;1
1328;102/2024;2024_102_20;kotitalousvähennystä;1
1328;102/2024;2024_102_20;kriisissä;1
1328;102/2024;2024_102_20;kuin;6
1328;102/2024;2024_102_20;kuitenkin;1
1328;102/2024;2024_102_20;kukaan;1
1328;102/2024;2024_102_20;kun;2
1328;102/2024;2024_102_20;kunnossa;2
1328;102/2024;2024_102_20;kuntoon;2
1328;102/2024;2024_102_20;kuten;1
1328;102/2024;2024_102_20;kyllä;2
1328;102/2024;2024_102_20;kymmenien;1
1328;102/2024;2024_102_20;kysymyksiin;1
1328;102/2024;2024_102_20;kysynkin;1
1328;102/2024;2024_102_20;kävin;1
1328;102/2024;2024_102_20;käytössä;1
1328;102/2024;2024_102_20;laittaa;1
1328;102/2024;2024_102_20;laittoivat;1
1328;102/2024;2024_102_20;laki;2
1328;102/2024;2024_102_20;lakia;1
1328;102/2024;2024_102_20;lakiesityksellä;1
1328;102/2024;2024_102_20;lakiesityksiin;1
1328;102/2024;2024_102_20;lakiesitys;1
1328;102/2024;2024_102_20;lakiesitystä;1
1328;102/2024;2024_102_20;lasketaanko;1
1328;102/2024;2024_102_20;laskettiin;1
1328;102/2024;2024_102_20;liike;1
1328;102/2024;2024_102_20;lukuun;1
1328;102/2024;2024_102_20;luvulta;1
1328;102/2024;2024_102_20;läpi;1
1328;102/2024;2024_102_20;maan;1
1328;102/2024;2024_102_20;maksaneiden;1
1328;102/2024;2024_102_20;malli;1
1328;102/2024;2024_102_20;mallia;1
1328;102/2024;2024_102_20;meillä;4
1328;102/2024;2024_102_20;meilläkin;1
1328;102/2024;2024_102_20;mihin;1
1328;102/2024;2024_102_20;mihinkään;1
1328;102/2024;2024_102_20;miksi;2
1328;102/2024;2024_102_20;miljardia;2
1328;102/2024;2024_102_20;miljardin;1
1328;102/2024;2024_102_20;ministeri;2
1328;102/2024;2024_102_20;mitä;3
1328;102/2024;2024_102_20;mitään;2
1328;102/2024;2024_102_20;monet;1
1328;102/2024;2024_102_20;muidenkin;1
1328;102/2024;2024_102_20;mukana;1
1328;102/2024;2024_102_20;muuttaisi;1
1328;102/2024;2024_102_20;myös;3
1328;102/2024;2024_102_20;neuvottelijoiden;1
1328;102/2024;2024_102_20;neuvotteluissa;1
1328;102/2024;2024_102_20;niin;2
1328;102/2024;2024_102_20;niitä;1
1328;102/2024;2024_102_20;nyt;3
1328;102/2024;2024_102_20;näiden;1
1328;102/2024;2024_102_20;näihin;1
1328;102/2024;2024_102_20;näin;1
1328;102/2024;2024_102_20;nämä;1
1328;102/2024;2024_102_20;oikeastaan;1
1328;102/2024;2024_102_20;oikeasti;1
1328;102/2024;2024_102_20;oikein;1
1328;102/2024;2024_102_20;ole;1
1328;102/2024;2024_102_20;olisi;1
1328;102/2024;2024_102_20;ollaan;1
1328;102/2024;2024_102_20;olleet;1
1328;102/2024;2024_102_20;ollut;1
1328;102/2024;2024_102_20;on;21
1328;102/2024;2024_102_20;osannut;1
1328;102/2024;2024_102_20;osapuolilla;1
1328;102/2024;2024_102_20;otetaan;1
1328;102/2024;2024_102_20;ottaa;2
1328;102/2024;2024_102_20;ottamatta;1
1328;102/2024;2024_102_20;otteeseen;1
1328;102/2024;2024_102_20;ovat;4
1328;102/2024;2024_102_20;paljon;3
1328;102/2024;2024_102_20;palkankorotuksissa;1
1328;102/2024;2024_102_20;palkat;1
1328;102/2024;2024_102_20;palkkaa;1
1328;102/2024;2024_102_20;palkkamallin;1
1328;102/2024;2024_102_20;palkkamallista;1
1328;102/2024;2024_102_20;palkkojaan;1
1328;102/2024;2024_102_20;panostaa;1
1328;102/2024;2024_102_20;paremmin;3
1328;102/2024;2024_102_20;parempi;1
1328;102/2024;2024_102_20;parempia;1
1328;102/2024;2024_102_20;paria;1
1328;102/2024;2024_102_20;peiliin;1
1328;102/2024;2024_102_20;pelastaa;1
1328;102/2024;2024_102_20;perusteellisen;1
1328;102/2024;2024_102_20;perustetta;1
1328;102/2024;2024_102_20;pienennettiin;1
1328;102/2024;2024_102_20;pitkäjänteisiä;1
1328;102/2024;2024_102_20;pitäisi;1
1328;102/2024;2024_102_20;pitänyt;1
1328;102/2024;2024_102_20;pitää;3
1328;102/2024;2024_102_20;poikkeukset;1
1328;102/2024;2024_102_20;poikkeuksia;1
1328;102/2024;2024_102_20;poikkeusta;1
1328;102/2024;2024_102_20;poliisiin;1
1328;102/2024;2024_102_20;prosenteista;1
1328;102/2024;2024_102_20;puhemies;4
1328;102/2024;2024_102_20;puhutaanko;1
1328;102/2024;2024_102_20;puolustellut;1
1328;102/2024;2024_102_20;puolustukseen;1
1328;102/2024;2024_102_20;pääministeri;1
1328;102/2024;2024_102_20;päätöksiä;1
1328;102/2024;2024_102_20;päätösten;1
1328;102/2024;2024_102_20;rakenneuudistuksia;1
1328;102/2024;2024_102_20;rakentamassa;1
1328;102/2024;2024_102_20;romuttaa;1
1328;102/2024;2024_102_20;ruotsia;1
1328;102/2024;2024_102_20;ruotsiin;1
1328;102/2024;2024_102_20;ruotsin;2
1328;102/2024;2024_102_20;ruotsissa;3
1328;102/2024;2024_102_20;saa;1
1328;102/2024;2024_102_20;saada;2
1328;102/2024;2024_102_20;saatava;2
1328;102/2024;2024_102_20;samalle;1
1328;102/2024;2024_102_20;samanlaisessa;1
1328;102/2024;2024_102_20;satonen;2
1328;102/2024;2024_102_20;se;2
1328;102/2024;2024_102_20;sektorien;1
1328;102/2024;2024_102_20;sen;1
1328;102/2024;2024_102_20;siellä;5
1328;102/2024;2024_102_20;siitä;1
1328;102/2024;2024_102_20;siksi;1
1328;102/2024;2024_102_20;silloin;1
1328;102/2024;2024_102_20;sitten;3
1328;102/2024;2024_102_20;sitä;2
1328;102/2024;2024_102_20;sopimus;1
1328;102/2024;2024_102_20;sosiaalidemokraatit;2
1328;102/2024;2024_102_20;sote;1
1328;102/2024;2024_102_20;sote-menot;1
1328;102/2024;2024_102_20;sovittu;1
1328;102/2024;2024_102_20;sujuvampaa;1
1328;102/2024;2024_102_20;suomalaisten;1
1328;102/2024;2024_102_20;suomen;3
1328;102/2024;2024_102_20;supistamaan;1
1328;102/2024;2024_102_20;suuremmin;1
1328;102/2024;2024_102_20;suuri;1
1328;102/2024;2024_102_20;syntyy;1
1328;102/2024;2024_102_20;syystä;1
1328;102/2024;2024_102_20;säätämässä;1
1328;102/2024;2024_102_20;taas;1
1328;102/2024;2024_102_20;talman;3
1328;102/2024;2024_102_20;talouden;2
1328;102/2024;2024_102_20;taloudesta;1
1328;102/2024;2024_102_20;talous;4
1328;102/2024;2024_102_20;taloustilanteessa;1
1328;102/2024;2024_102_20;tapahtuu;2
1328;102/2024;2024_102_20;tarvitaan;1
1328;102/2024;2024_102_20;tarvitsemme;2
1328;102/2024;2024_102_20;tasapainotus;1
1328;102/2024;2024_102_20;tasolle;1
1328;102/2024;2024_102_20;tehdä;1
1328;102/2024;2024_102_20;tehdään;2
1328;102/2024;2024_102_20;tekemään;1
1328;102/2024;2024_102_20;tekijät;1
1328;102/2024;2024_102_20;tekojen;1
1328;102/2024;2024_102_20;tienaamaan;1
1328;102/2024;2024_102_20;tienaavat;1
1328;102/2024;2024_102_20;toiminut;1
1328;102/2024;2024_102_20;toimivat;1
1328;102/2024;2024_102_20;toimivuutta;1
1328;102/2024;2024_102_20;toivomalla;1
1328;102/2024;2024_102_20;tule;1
1328;102/2024;2024_102_20;tuloksia;1
1328;102/2024;2024_102_20;turhanpäiväinen;1
1328;102/2024;2024_102_20;turhiin;1
1328;102/2024;2024_102_20;turvallisuus;1
1328;102/2024;2024_102_20;työmarkkinajohtaja;1
1328;102/2024;2024_102_20;työmarkkinat;2
1328;102/2024;2024_102_20;työmarkkinoiden;1
1328;102/2024;2024_102_20;työmarkkinoilla;1
1328;102/2024;2024_102_20;työnantajienkin;1
1328;102/2024;2024_102_20;työntekijöiden;2
1328;102/2024;2024_102_20;työntekijöillä;2
1328;102/2024;2024_102_20;työttömyysmenot;1
1328;102/2024;2024_102_20;tällainen;1
1328;102/2024;2024_102_20;tällaisiin;1
1328;102/2024;2024_102_20;tällöin;1
1328;102/2024;2024_102_20;tämä;1
1328;102/2024;2024_102_20;tämäkin;1
1328;102/2024;2024_102_20;tässä;2
1328;102/2024;2024_102_20;tätä;2
1328;102/2024;2024_102_20;täysin;3
1328;102/2024;2024_102_20;täällä;1
1328;102/2024;2024_102_20;töitä;2
1328;102/2024;2024_102_20;useaan;1
1328;102/2024;2024_102_20;uudistus;1
1328;102/2024;2024_102_20;vai;1
1328;102/2024;2024_102_20;vaikuttaisi;1
1328;102/2024;2024_102_20;vain;3
1328;102/2024;2024_102_20;vajavaiseksi;1
1328;102/2024;2024_102_20;valtakunnansovittelija;1
1328;102/2024;2024_102_20;valtakunnansovittelijan;1
1328;102/2024;2024_102_20;vastauksessaan;1
1328;102/2024;2024_102_20;vastuu;1
1328;102/2024;2024_102_20;vastuulla;1
1328;102/2024;2024_102_20;velkaa;1
1328;102/2024;2024_102_20;veroja;1
1328;102/2024;2024_102_20;veronsa;1
1328;102/2024;2024_102_20;veroremontin;1
1328;102/2024;2024_102_20;verrata;1
1328;102/2024;2024_102_20;vetämään;1
1328;102/2024;2024_102_20;vetää;1
1328;102/2024;2024_102_20;vielä;1
1328;102/2024;2024_102_20;vienti;2
1328;102/2024;2024_102_20;vientiteollisuus;2
1328;102/2024;2024_102_20;vientivetoinen;1
1328;102/2024;2024_102_20;vientivetoisen;1
1328;102/2024;2024_102_20;vientivetoisesta;1
1328;102/2024;2024_102_20;vientiyrityksiä;1
1328;102/2024;2024_102_20;viran;1
1328;102/2024;2024_102_20;voi;1
1328;102/2024;2024_102_20;voimassa;1
1328;102/2024;2024_102_20;voisi;1
1328;102/2024;2024_102_20;vuosina;1
1328;102/2024;2024_102_20;vuotta;1
1328;102/2024;2024_102_20;vähintään;1
1328;102/2024;2024_102_20;välikysymyksessä;1
1328;102/2024;2024_102_20;yhdeksän;1
1328;102/2024;2024_102_20;yhteensä;2
1328;102/2024;2024_102_20;yhteispeli;1
1328;102/2024;2024_102_20;yhteisymmärryksessä;1
1328;102/2024;2024_102_20;ykkösasia;1
1328;102/2024;2024_102_20;ymmärrys;1
1328;102/2024;2024_102_20;yritysten;1
1328;102/2024;2024_102_20;ärade;3
1328;103/2020;2020_103_186;aiheuttamassa;1
1328;103/2020;2020_103_186;aikoo;1
1328;103/2020;2020_103_186;ainoa;1
1328;103/2020;2020_103_186;alalta;1
1328;103/2020;2020_103_186;alan;1
1328;103/2020;2020_103_186;alkaen;1
1328;103/2020;2020_103_186;arvoisa;1
1328;103/2020;2020_103_186;ei;1
1328;103/2020;2020_103_186;eikä;1
1328;103/2020;2020_103_186;epävarmuuden;1
1328;103/2020;2020_103_186;esimerkin;1
1328;103/2020;2020_103_186;hallituksen;1
1328;103/2020;2020_103_186;hallitus;1
1328;103/2020;2020_103_186;haluan;1
1328;103/2020;2020_103_186;ison;1
1328;103/2020;2020_103_186;ja;4
1328;103/2020;2020_103_186;jatkuessa;1
1328;103/2020;2020_103_186;jopa;1
1328;103/2020;2020_103_186;jotain;1
1328;103/2020;2020_103_186;kansantaloudelle;2
1328;103/2020;2020_103_186;kassat;1
1328;103/2020;2020_103_186;kasvaa;1
1328;103/2020;2020_103_186;kasvamassa;1
1328;103/2020;2020_103_186;konkurssit;1
1328;103/2020;2020_103_186;korostetun;1
1328;103/2020;2020_103_186;kustannustuki;1
1328;103/2020;2020_103_186;käyntiin;1
1328;103/2020;2020_103_186;lomautettu;1
1328;103/2020;2020_103_186;malli;1
1328;103/2020;2020_103_186;matkailualan;1
1328;103/2020;2020_103_186;matkailuelinkeinon;1
1328;103/2020;2020_103_186;matkailun;1
1328;103/2020;2020_103_186;matkailuyritysten;1
1328;103/2020;2020_103_186;matkojen;1
1328;103/2020;2020_103_186;matkustusrajoitukset;2
1328;103/2020;2020_103_186;meinaatte;1
1328;103/2020;2020_103_186;menetyksen;1
1328;103/2020;2020_103_186;merkitys;1
1328;103/2020;2020_103_186;miljardia;2
1328;103/2020;2020_103_186;milloin;1
1328;103/2020;2020_103_186;missä;1
1328;103/2020;2020_103_186;mitä;1
1328;103/2020;2020_103_186;monia;1
1328;103/2020;2020_103_186;nyt;1
1328;103/2020;2020_103_186;oikea;1
1328;103/2020;2020_103_186;oli;1
1328;103/2020;2020_103_186;olisi;1
1328;103/2020;2020_103_186;ollut;1
1328;103/2020;2020_103_186;on;3
1328;103/2020;2020_103_186;ottaa;1
1328;103/2020;2020_103_186;ovat;1
1328;103/2020;2020_103_186;palautuksien;1
1328;103/2020;2020_103_186;pelastamiseksi;1
1328;103/2020;2020_103_186;peruutettujen;1
1328;103/2020;2020_103_186;poistaa;2
1328;103/2020;2020_103_186;poistamiseksi;1
1328;103/2020;2020_103_186;prosenttia;1
1328;103/2020;2020_103_186;puhemies;1
1328;103/2020;2020_103_186;päätös;1
1328;103/2020;2020_103_186;rahojen;1
1328;103/2020;2020_103_186;riitä;1
1328;103/2020;2020_103_186;saada;1
1328;103/2020;2020_103_186;siihen;1
1328;103/2020;2020_103_186;suomen;2
1328;103/2020;2020_103_186;taloudellisen;1
1328;103/2020;2020_103_186;tapa;1
1328;103/2020;2020_103_186;tehdä;2
1328;103/2020;2020_103_186;toimintaa;1
1328;103/2020;2020_103_186;tulevien;1
1328;103/2020;2020_103_186;tuotto;1
1328;103/2020;2020_103_186;tyhjiä;1
1328;103/2020;2020_103_186;työntekijöistä;1
1328;103/2020;2020_103_186;työttömyys;2
1328;103/2020;2020_103_186;työttömyysuhan;1
1328;103/2020;2020_103_186;tämä;1
1328;103/2020;2020_103_186;uhkaavat;1
1328;103/2020;2020_103_186;ulkomailta;1
1328;103/2020;2020_103_186;uusi;2
1328;103/2020;2020_103_186;varovaisesti;1
1328;103/2020;2020_103_186;vauhdilla;1
1328;103/2020;2020_103_186;viimeinen;1
1328;103/2020;2020_103_186;vuoksi;1
1328;103/2020;2020_103_186;vuonna;1
1328;103/2020;2020_103_186;yrityksiä;1
1328;103/2021;2021_103_102;arvioidaan;1
1328;103/2021;2021_103_102;arviot;1
1328;103/2021;2021_103_102;arvoisa;3
1328;103/2021;2021_103_102;edestä;1
1328;103/2021;2021_103_102;ei;1
1328;103/2021;2021_103_102;enemmänkin;1
1328;103/2021;2021_103_102;ette;1
1328;103/2021;2021_103_102;että;1
1328;103/2021;2021_103_102;euron;1
1328;103/2021;2021_103_102;hallitus;2
1328;103/2021;2021_103_102;ja;6
1328;103/2021;2021_103_102;joitakin;1
1328;103/2021;2021_103_102;joka;1
1328;103/2021;2021_103_102;joku;1
1328;103/2021;2021_103_102;julkinen;1
1328;103/2021;2021_103_102;julkiseen;1
1328;103/2021;2021_103_102;julkista;1
1328;103/2021;2021_103_102;kahteen;1
1328;103/2021;2021_103_102;kaiken;1
1328;103/2021;2021_103_102;kaksi;1
1328;103/2021;2021_103_102;kertaa;1
1328;103/2021;2021_103_102;kertokaa;1
1328;103/2021;2021_103_102;koskea;1
1328;103/2021;2021_103_102;liikkuvat;1
1328;103/2021;2021_103_102;lopulla;1
1328;103/2021;2021_103_102;lupasi;1
1328;103/2021;2021_103_102;matkaa;1
1328;103/2021;2021_103_102;mikä;3
1328;103/2021;2021_103_102;miljardia;1
1328;103/2021;2021_103_102;miljardiin;1
1328;103/2021;2021_103_102;miljardin;1
1328;103/2021;2021_103_102;miljoonan;1
1328;103/2021;2021_103_102;mistä;1
1328;103/2021;2021_103_102;mitä;1
1328;103/2021;2021_103_102;monta;1
1328;103/2021;2021_103_102;mättää;1
1328;103/2021;2021_103_102;niiden;1
1328;103/2021;2021_103_102;niistä;1
1328;103/2021;2021_103_102;nyt;1
1328;103/2021;2021_103_102;näin;1
1328;103/2021;2021_103_102;ohjelmassaan;1
1328;103/2021;2021_103_102;olette;1
1328;103/2021;2021_103_102;oli;2
1328;103/2021;2021_103_102;oliko;1
1328;103/2021;2021_103_102;on;5
1328;103/2021;2021_103_102;osassa;2
1328;103/2021;2021_103_102;paljon;1
1328;103/2021;2021_103_102;parane;1
1328;103/2021;2021_103_102;parantavia;1
1328;103/2021;2021_103_102;parhaat;1
1328;103/2021;2021_103_102;puhemies;1
1328;103/2021;2021_103_102;päinvastoin;1
1328;103/2021;2021_103_102;pääministeri;3
1328;103/2021;2021_103_102;rinne;1
1328;103/2021;2021_103_102;sanoi;1
1328;103/2021;2021_103_102;sanonut;1
1328;103/2021;2021_103_102;se;1
1328;103/2021;2021_103_102;silloinen;1
1328;103/2021;2021_103_102;sosiaaliturvaan;1
1328;103/2021;2021_103_102;sovitun;1
1328;103/2021;2021_103_102;suuremmassa;1
1328;103/2021;2021_103_102;talman;1
1328;103/2021;2021_103_102;talous;1
1328;103/2021;2021_103_102;talouteen;1
1328;103/2021;2021_103_102;taloutta;1
1328;103/2021;2021_103_102;tapauksessa;1
1328;103/2021;2021_103_102;tavoite;1
1328;103/2021;2021_103_102;tavoitteenne;1
1328;103/2021;2021_103_102;tehnyt;1
1328;103/2021;2021_103_102;tehty;2
1328;103/2021;2021_103_102;tehtyjen;1
1328;103/2021;2021_103_102;teidän;1
1328;103/2021;2021_103_102;todella;1
1328;103/2021;2021_103_102;toimia;1
1328;103/2021;2021_103_102;toimien;1
1328;103/2021;2021_103_102;työllisyystoimia;2
1328;103/2021;2021_103_102;työttömyys;1
1328;103/2021;2021_103_102;tämä;1
1328;103/2021;2021_103_102;tämän;1
1328;103/2021;2021_103_102;tässä;1
1328;103/2021;2021_103_102;uskalla;1
1328;103/2021;2021_103_102;vaan;1
1328;103/2021;2021_103_102;vai;1
1328;103/2021;2021_103_102;vaikutukset;1
1328;103/2021;2021_103_102;vaikutuksista;1
1328;103/2021;2021_103_102;vaikutus;1
1328;103/2021;2021_103_102;vielä;1
1328;103/2021;2021_103_102;vuosikymmenen;1
1328;103/2021;2021_103_102;vähän;1
1328;103/2021;2021_103_102;välillä;1
1328;103/2021;2021_103_102;ärade;1
1328;104/2022;2022_104_20;aiemmin;1
1328;104/2022;2022_104_20;aikanaan;1
1328;104/2022;2022_104_20;aikojaan;1
1328;104/2022;2022_104_20;ainakaan;1
1328;104/2022;2022_104_20;ajat;1
1328;104/2022;2022_104_20;alusta;1
1328;104/2022;2022_104_20;arvoisa;4
1328;104/2022;2022_104_20;arvostelin;1
1328;104/2022;2022_104_20;asti;1
1328;104/2022;2022_104_20;auki;1
1328;104/2022;2022_104_20;aurinkovoiman;1
1328;104/2022;2022_104_20;auta;1
1328;104/2022;2022_104_20;bloginkin;1
1328;104/2022;2022_104_20;bonukset;1
1328;104/2022;2022_104_20;carunalle;1
1328;104/2022;2022_104_20;eduskunnassa;1
1328;104/2022;2022_104_20;ei;11
1328;104/2022;2022_104_20;eihän;1
1328;104/2022;2022_104_20;eikä;3
1328;104/2022;2022_104_20;eli;3
1328;104/2022;2022_104_20;enemmistöomistusta;2
1328;104/2022;2022_104_20;energiakriisi;1
1328;104/2022;2022_104_20;energiasta;1
1328;104/2022;2022_104_20;ennallaan;1
1328;104/2022;2022_104_20;ennen;2
1328;104/2022;2022_104_20;ensin;1
1328;104/2022;2022_104_20;enää;1
1328;104/2022;2022_104_20;erittäin;1
1328;104/2022;2022_104_20;erityisesti;1
1328;104/2022;2022_104_20;esimerkiksi;2
1328;104/2022;2022_104_20;ettei;1
1328;104/2022;2022_104_20;että;5
1328;104/2022;2022_104_20;eu;1
1328;104/2022;2022_104_20;eun;1
1328;104/2022;2022_104_20;euroa;1
1328;104/2022;2022_104_20;euron;2
1328;104/2022;2022_104_20;fortum;2
1328;104/2022;2022_104_20;fortumille;1
1328;104/2022;2022_104_20;fortumin;5
1328;104/2022;2022_104_20;hallituksen;1
1328;104/2022;2022_104_20;hallitus;1
1328;104/2022;2022_104_20;halmeilla;1
1328;104/2022;2022_104_20;hankinta;1
1328;104/2022;2022_104_20;hetkessä;1
1328;104/2022;2022_104_20;hinnan;2
1328;104/2022;2022_104_20;hintoja;1
1328;104/2022;2022_104_20;huolimatta;1
1328;104/2022;2022_104_20;huoltovarmuuden;1
1328;104/2022;2022_104_20;huonona;1
1328;104/2022;2022_104_20;hyvin;1
1328;104/2022;2022_104_20;hyvä;1
1328;104/2022;2022_104_20;hyvästä;1
1328;104/2022;2022_104_20;hänelle;1
1328;104/2022;2022_104_20;häntä;1
1328;104/2022;2022_104_20;hätiköi;1
1328;104/2022;2022_104_20;ikinä;1
1328;104/2022;2022_104_20;ikuiset;1
1328;104/2022;2022_104_20;ilkkua;1
1328;104/2022;2022_104_20;ilmaiseksi;1
1328;104/2022;2022_104_20;ilmaston;1
1328;104/2022;2022_104_20;ilmastotavoitteet;1
1328;104/2022;2022_104_20;informoitiinko;1
1328;104/2022;2022_104_20;ja;23
1328;104/2022;2022_104_20;johto;1
1328;104/2022;2022_104_20;joko;1
1328;104/2022;2022_104_20;jonka;1
1328;104/2022;2022_104_20;jota;1
1328;104/2022;2022_104_20;julkisesti;1
1328;104/2022;2022_104_20;jälkeen;1
1328;104/2022;2022_104_20;järjestelmä;1
1328;104/2022;2022_104_20;järkeä;1
1328;104/2022;2022_104_20;kaasua;1
1328;104/2022;2022_104_20;kaasulaskuja;1
1328;104/2022;2022_104_20;kaasun;1
1328;104/2022;2022_104_20;kaasuputkiin;1
1328;104/2022;2022_104_20;kaasusta;1
1328;104/2022;2022_104_20;kahdeksan;1
1328;104/2022;2022_104_20;kai;1
1328;104/2022;2022_104_20;kaiken;1
1328;104/2022;2022_104_20;kaikissa;1
1328;104/2022;2022_104_20;kaikki;1
1328;104/2022;2022_104_20;kalliilla;1
1328;104/2022;2022_104_20;kannalta;1
1328;104/2022;2022_104_20;kanssa;1
1328;104/2022;2022_104_20;kantavat;1
1328;104/2022;2022_104_20;kauppa;1
1328;104/2022;2022_104_20;kauppaa;1
1328;104/2022;2022_104_20;kauppalehdessä;1
1328;104/2022;2022_104_20;kauppana;1
1328;104/2022;2022_104_20;kelpaisivat;1
1328;104/2022;2022_104_20;kertonut;1
1328;104/2022;2022_104_20;keskeinen;1
1328;104/2022;2022_104_20;kesken;1
1328;104/2022;2022_104_20;keski-euroopan;1
1328;104/2022;2022_104_20;kestää;1
1328;104/2022;2022_104_20;ketkä;1
1328;104/2022;2022_104_20;kirjoitin;1
1328;104/2022;2022_104_20;kohdalla;1
1328;104/2022;2022_104_20;kohtalo;1
1328;104/2022;2022_104_20;koko;1
1328;104/2022;2022_104_20;kokonaan;1
1328;104/2022;2022_104_20;kolmessa;1
1328;104/2022;2022_104_20;koonnut;1
1328;104/2022;2022_104_20;korkealla;1
1328;104/2022;2022_104_20;korkean;1
1328;104/2022;2022_104_20;korkeimman;1
1328;104/2022;2022_104_20;kovimmat;1
1328;104/2022;2022_104_20;kovin;1
1328;104/2022;2022_104_20;kritisoin;1
1328;104/2022;2022_104_20;kuin;2
1328;104/2022;2022_104_20;kuitenkaan;1
1328;104/2022;2022_104_20;kuka;1
1328;104/2022;2022_104_20;kukaan;1
1328;104/2022;2022_104_20;kuluttajien;1
1328;104/2022;2022_104_20;kuluttajille;1
1328;104/2022;2022_104_20;kulutushuippujen;1
1328;104/2022;2022_104_20;kumileimasin;1
1328;104/2022;2022_104_20;kun;4
1328;104/2022;2022_104_20;kunnes;1
1328;104/2022;2022_104_20;kuulu;1
1328;104/2022;2022_104_20;kuuluu;1
1328;104/2022;2022_104_20;kuunnellut;1
1328;104/2022;2022_104_20;kyllä;1
1328;104/2022;2022_104_20;kymmenet;1
1328;104/2022;2022_104_20;käyttivät;1
1328;104/2022;2022_104_20;käänteissä;1
1328;104/2022;2022_104_20;liian;2
1328;104/2022;2022_104_20;liikaa;1
1328;104/2022;2022_104_20;liike;1
1328;104/2022;2022_104_20;lisärakentaminen;1
1328;104/2022;2022_104_20;lisäsi;1
1328;104/2022;2022_104_20;lisäävän;1
1328;104/2022;2022_104_20;lupakäytäntöjämme;1
1328;104/2022;2022_104_20;lyötyä;1
1328;104/2022;2022_104_20;lähelle;1
1328;104/2022;2022_104_20;lämmityksen;1
1328;104/2022;2022_104_20;lämpöä;1
1328;104/2022;2022_104_20;löisi;1
1328;104/2022;2022_104_20;maat;1
1328;104/2022;2022_104_20;mailla;1
1328;104/2022;2022_104_20;maksaa;2
1328;104/2022;2022_104_20;maksamme;1
1328;104/2022;2022_104_20;maksavat;1
1328;104/2022;2022_104_20;maksetaan;1
1328;104/2022;2022_104_20;maksettu;1
1328;104/2022;2022_104_20;maksoi;1
1328;104/2022;2022_104_20;malli;1
1328;104/2022;2022_104_20;markus;1
1328;104/2022;2022_104_20;me;1
1328;104/2022;2022_104_20;meidän;2
1328;104/2022;2022_104_20;meille;2
1328;104/2022;2022_104_20;meillä;1
1328;104/2022;2022_104_20;melkein;1
1328;104/2022;2022_104_20;menivät;1
1328;104/2022;2022_104_20;menneitä;1
1328;104/2022;2022_104_20;merkittävänä;1
1328;104/2022;2022_104_20;merkitystä;1
1328;104/2022;2022_104_20;mielestä;1
1328;104/2022;2022_104_20;mieltä;1
1328;104/2022;2022_104_20;miljardia;1
1328;104/2022;2022_104_20;miljardikaupat;1
1328;104/2022;2022_104_20;miljardin;2
1328;104/2022;2022_104_20;miljardiseikkailusta;1
1328;104/2022;2022_104_20;miljarditappiot;1
1328;104/2022;2022_104_20;miljoonat;1
1328;104/2022;2022_104_20;ministeri;1
1328;104/2022;2022_104_20;miten;2
1328;104/2022;2022_104_20;mitään;3
1328;104/2022;2022_104_20;muiden;1
1328;104/2022;2022_104_20;muistaa;1
1328;104/2022;2022_104_20;mutta;3
1328;104/2022;2022_104_20;muussa;1
1328;104/2022;2022_104_20;muut;1
1328;104/2022;2022_104_20;myi;1
1328;104/2022;2022_104_20;myyntiesitettä;1
1328;104/2022;2022_104_20;myös;4
1328;104/2022;2022_104_20;ne;3
1328;104/2022;2022_104_20;niiden;1
1328;104/2022;2022_104_20;nord;1
1328;104/2022;2022_104_20;nyt;5
1328;104/2022;2022_104_20;nytin;1
1328;104/2022;2022_104_20;näy;1
1328;104/2022;2022_104_20;ohi;1
1328;104/2022;2022_104_20;ole;4
1328;104/2022;2022_104_20;oli;3
1328;104/2022;2022_104_20;olimme;1
1328;104/2022;2022_104_20;olkiluoto;1
1328;104/2022;2022_104_20;olla;2
1328;104/2022;2022_104_20;ollut;4
1328;104/2022;2022_104_20;oltiin;1
1328;104/2022;2022_104_20;omavaraiseksi;1
1328;104/2022;2022_104_20;omistajan;1
1328;104/2022;2022_104_20;omistajana;1
1328;104/2022;2022_104_20;omistajaohjauksen;1
1328;104/2022;2022_104_20;omistajaohjaus;2
1328;104/2022;2022_104_20;omistukset;1
1328;104/2022;2022_104_20;omistusosuuttaan;1
1328;104/2022;2022_104_20;omistusten;1
1328;104/2022;2022_104_20;on;14
1328;104/2022;2022_104_20;opetus;1
1328;104/2022;2022_104_20;osakeantia;1
1328;104/2022;2022_104_20;osinkotuoton;1
1328;104/2022;2022_104_20;ostaa;1
1328;104/2022;2022_104_20;ostamassa;1
1328;104/2022;2022_104_20;ostetaan;1
1328;104/2022;2022_104_20;ovat;3
1328;104/2022;2022_104_20;painostuksessa;1
1328;104/2022;2022_104_20;parempi;1
1328;104/2022;2022_104_20;pelkkä;2
1328;104/2022;2022_104_20;pelkästään;1
1328;104/2022;2022_104_20;perussuomalaisten;1
1328;104/2022;2022_104_20;perusteella;1
1328;104/2022;2022_104_20;perustuu;1
1328;104/2022;2022_104_20;pidin;1
1328;104/2022;2022_104_20;pidä;1
1328;104/2022;2022_104_20;pienempää;1
1328;104/2022;2022_104_20;pientä;1
1328;104/2022;2022_104_20;pienydinvoimaloita;1
1328;104/2022;2022_104_20;pitäisi;1
1328;104/2022;2022_104_20;pitää;7
1328;104/2022;2022_104_20;pohjoismaiden;1
1328;104/2022;2022_104_20;prosenttiin;1
1328;104/2022;2022_104_20;puhemies;4
1328;104/2022;2022_104_20;puhetta;1
1328;104/2022;2022_104_20;puhuin;1
1328;104/2022;2022_104_20;purkaa;1
1328;104/2022;2022_104_20;pyhäjoelle;1
1328;104/2022;2022_104_20;pyrkiä;1
1328;104/2022;2022_104_20;päälle;1
1328;104/2022;2022_104_20;päästöjä;1
1328;104/2022;2022_104_20;päätöksen;1
1328;104/2022;2022_104_20;päätöksentekijä;1
1328;104/2022;2022_104_20;pörssiyhtiössä;2
1328;104/2022;2022_104_20;rahat;1
1328;104/2022;2022_104_20;rakenneta;1
1328;104/2022;2022_104_20;rakentaa;1
1328;104/2022;2022_104_20;rakentamassa;1
1328;104/2022;2022_104_20;rauramo;1
1328;104/2022;2022_104_20;reaktoria;1
1328;104/2022;2022_104_20;riippuvaisia;1
1328;104/2022;2022_104_20;riittävät;1
1328;104/2022;2022_104_20;riitä;1
1328;104/2022;2022_104_20;ruotsin;2
1328;104/2022;2022_104_20;sadat;1
1328;104/2022;2022_104_20;saksa;3
1328;104/2022;2022_104_20;saksalaiset;1
1328;104/2022;2022_104_20;saksalaisille;1
1328;104/2022;2022_104_20;saksalaisten;2
1328;104/2022;2022_104_20;saksan;1
1328;104/2022;2022_104_20;samalla;1
1328;104/2022;2022_104_20;samana;1
1328;104/2022;2022_104_20;se;4
1328;104/2022;2022_104_20;selvinnyt;1
1328;104/2022;2022_104_20;selvittää;1
1328;104/2022;2022_104_20;selvää;1
1328;104/2022;2022_104_20;semmoista;1
1328;104/2022;2022_104_20;sen;1
1328;104/2022;2022_104_20;seurauksin;1
1328;104/2022;2022_104_20;sieltä;1
1328;104/2022;2022_104_20;siihen;1
1328;104/2022;2022_104_20;siirtoverkot;3
1328;104/2022;2022_104_20;siitä;4
1328;104/2022;2022_104_20;sijoitetut;1
1328;104/2022;2022_104_20;sijoituksista;1
1328;104/2022;2022_104_20;sillä;1
1328;104/2022;2022_104_20;sinänsä;1
1328;104/2022;2022_104_20;sitä;2
1328;104/2022;2022_104_20;sotkussa;1
1328;104/2022;2022_104_20;spekulaatioille;1
1328;104/2022;2022_104_20;stream;1
1328;104/2022;2022_104_20;sulki;1
1328;104/2022;2022_104_20;suomalaiset;1
1328;104/2022;2022_104_20;suomalaisten;2
1328;104/2022;2022_104_20;suomeen;1
1328;104/2022;2022_104_20;suomen;2
1328;104/2022;2022_104_20;suoraviivaistaa;1
1328;104/2022;2022_104_20;suurimmassa;1
1328;104/2022;2022_104_20;suurta;1
1328;104/2022;2022_104_20;syntyy;1
1328;104/2022;2022_104_20;syytä;1
1328;104/2022;2022_104_20;sähkö;1
1328;104/2022;2022_104_20;sähkölaskuissaan;1
1328;104/2022;2022_104_20;sähkön;2
1328;104/2022;2022_104_20;sähkössä;2
1328;104/2022;2022_104_20;sähköä;1
1328;104/2022;2022_104_20;säilyneet;1
1328;104/2022;2022_104_20;säätövoimaa;2
1328;104/2022;2022_104_20;tai;1
1328;104/2022;2022_104_20;takaisin;1
1328;104/2022;2022_104_20;takia;3
1328;104/2022;2022_104_20;talman;4
1328;104/2022;2022_104_20;taloushistorian;1
1328;104/2022;2022_104_20;tapauksessa;1
1328;104/2022;2022_104_20;tarvitaan;1
1328;104/2022;2022_104_20;tarvitsevat;1
1328;104/2022;2022_104_20;tarvittavaa;1
1328;104/2022;2022_104_20;tasaamiseksi;1
1328;104/2022;2022_104_20;tehtiin;1
1328;104/2022;2022_104_20;tehtyä;1
1328;104/2022;2022_104_20;tekivät;1
1328;104/2022;2022_104_20;tiedettiin;1
1328;104/2022;2022_104_20;tiedolla;1
1328;104/2022;2022_104_20;tietolähteenään;1
1328;104/2022;2022_104_20;tiivistää;1
1328;104/2022;2022_104_20;toimi;1
1328;104/2022;2022_104_20;toimitusjohtaja;1
1328;104/2022;2022_104_20;toimiva;1
1328;104/2022;2022_104_20;toimivat;1
1328;104/2022;2022_104_20;toisaalta;1
1328;104/2022;2022_104_20;totta;1
1328;104/2022;2022_104_20;tuekseen;1
1328;104/2022;2022_104_20;tukipaketin;1
1328;104/2022;2022_104_20;tukipaketista;1
1328;104/2022;2022_104_20;tulevaisuudessa;1
1328;104/2022;2022_104_20;tulossa;1
1328;104/2022;2022_104_20;tunnetuin;1
1328;104/2022;2022_104_20;tuntuu;1
1328;104/2022;2022_104_20;tuntuvat;1
1328;104/2022;2022_104_20;tuotantokustannukset;1
1328;104/2022;2022_104_20;tuottavat;1
1328;104/2022;2022_104_20;tuotto;1
1328;104/2022;2022_104_20;tuovat;1
1328;104/2022;2022_104_20;tuppurainen;1
1328;104/2022;2022_104_20;turha;1
1328;104/2022;2022_104_20;tuuli;1
1328;104/2022;2022_104_20;tyhmimpänä;1
1328;104/2022;2022_104_20;tämä;1
1328;104/2022;2022_104_20;tänä;1
1328;104/2022;2022_104_20;tässä;3
1328;104/2022;2022_104_20;tästä;2
1328;104/2022;2022_104_20;uima-altaiden;1
1328;104/2022;2022_104_20;uniper;1
1328;104/2022;2022_104_20;uniper-kauppaa;1
1328;104/2022;2022_104_20;uniperiin;1
1328;104/2022;2022_104_20;uniperille;1
1328;104/2022;2022_104_20;uniperin;2
1328;104/2022;2022_104_20;uniperista;1
1328;104/2022;2022_104_20;vaadi;1
1328;104/2022;2022_104_20;vaan;2
1328;104/2022;2022_104_20;vai;1
1328;104/2022;2022_104_20;vaikka;1
1328;104/2022;2022_104_20;vain;1
1328;104/2022;2022_104_20;vakaan;1
1328;104/2022;2022_104_20;valtakunnan;1
1328;104/2022;2022_104_20;valtio;2
1328;104/2022;2022_104_20;valtiolla;1
1328;104/2022;2022_104_20;valtionyhtiössä;1
1328;104/2022;2022_104_20;vanhassa;1
1328;104/2022;2022_104_20;vara;1
1328;104/2022;2022_104_20;varmaa;1
1328;104/2022;2022_104_20;varten;3
1328;104/2022;2022_104_20;vastuun;1
1328;104/2022;2022_104_20;venäjän;2
1328;104/2022;2022_104_20;venäläistä;1
1328;104/2022;2022_104_20;verkkoon;1
1328;104/2022;2022_104_20;vesi;1
1328;104/2022;2022_104_20;vesivoimalat;1
1328;104/2022;2022_104_20;vielä;3
1328;104/2022;2022_104_20;vievät;1
1328;104/2022;2022_104_20;vihreiden;1
1328;104/2022;2022_104_20;vitsi;1
1328;104/2022;2022_104_20;voi;2
1328;104/2022;2022_104_20;vuonna;3
1328;104/2022;2022_104_20;vuotta;1
1328;104/2022;2022_104_20;vähän;1
1328;104/2022;2022_104_20;väliaikaisesti;1
1328;104/2022;2022_104_20;välikysymykseen;1
1328;104/2022;2022_104_20;ydinreaktoria;1
1328;104/2022;2022_104_20;ydinvoimalaa;1
1328;104/2022;2022_104_20;ydinvoimalansa;1
1328;104/2022;2022_104_20;ydinvoimalassa;1
1328;104/2022;2022_104_20;ydinvoimaloiden;1
1328;104/2022;2022_104_20;yhdyn;1
1328;104/2022;2022_104_20;yhteensä;1
1328;104/2022;2022_104_20;yhteistyötä;1
1328;104/2022;2022_104_20;yhtiö;1
1328;104/2022;2022_104_20;yhtiön;2
1328;104/2022;2022_104_20;yhtä;1
1328;104/2022;2022_104_20;yli;2
1328;104/2022;2022_104_20;yrityksille;1
1328;104/2022;2022_104_20;yritysten;1
1328;104/2022;2022_104_20;ärade;4
1328;104/2022;2022_104_20;ääni;2
1328;104/2024;2024_104_55;aina;1
1328;104/2024;2024_104_55;ajan;3
1328;104/2024;2024_104_55;alamäkeä;1
1328;104/2024;2024_104_55;arvoisa;1
1328;104/2024;2024_104_55;asiat;1
1328;104/2024;2024_104_55;autokauppa;1
1328;104/2024;2024_104_55;edellytykset;1
1328;104/2024;2024_104_55;ei;4
1328;104/2024;2024_104_55;eivät;1
1328;104/2024;2024_104_55;eli;1
1328;104/2024;2024_104_55;en;1
1328;104/2024;2024_104_55;ensi;1
1328;104/2024;2024_104_55;että;1
1328;104/2024;2024_104_55;fakta;2
1328;104/2024;2024_104_55;he;2
1328;104/2024;2024_104_55;heillä;1
1328;104/2024;2024_104_55;ilmoittaa;1
1328;104/2024;2024_104_55;ilmoittanut;1
1328;104/2024;2024_104_55;ilmoittivat;1
1328;104/2024;2024_104_55;ja;7
1328;104/2024;2024_104_55;jo;1
1328;104/2024;2024_104_55;joita;1
1328;104/2024;2024_104_55;kannalta;1
1328;104/2024;2024_104_55;kannata;1
1328;104/2024;2024_104_55;kanssa;1
1328;104/2024;2024_104_55;kantaa;1
1328;104/2024;2024_104_55;kasvuasiat;1
1328;104/2024;2024_104_55;kasvun;2
1328;104/2024;2024_104_55;katson;1
1328;104/2024;2024_104_55;kauheata;1
1328;104/2024;2024_104_55;kauppa;1
1328;104/2024;2024_104_55;keskiostos;1
1328;104/2024;2024_104_55;kiitos;1
1328;104/2024;2024_104_55;koko;3
1328;104/2024;2024_104_55;konkurssiin;2
1328;104/2024;2024_104_55;koputtaa;1
1328;104/2024;2024_104_55;kuukausikaupalla;1
1328;104/2024;2024_104_55;kuullut;1
1328;104/2024;2024_104_55;kuuluu;1
1328;104/2024;2024_104_55;kysymys;2
1328;104/2024;2024_104_55;käy;2
1328;104/2024;2024_104_55;lisääntyy;1
1328;104/2024;2024_104_55;lukuja;1
1328;104/2024;2024_104_55;lähimpänä;1
1328;104/2024;2024_104_55;menee;2
1328;104/2024;2024_104_55;menevät;1
1328;104/2024;2024_104_55;miinus;1
1328;104/2024;2024_104_55;minä;1
1328;104/2024;2024_104_55;mitkä;1
1328;104/2024;2024_104_55;mitä;2
1328;104/2024;2024_104_55;mutta;1
1328;104/2024;2024_104_55;ne;3
1328;104/2024;2024_104_55;niihin;1
1328;104/2024;2024_104_55;niin;1
1328;104/2024;2024_104_55;niitä;1
1328;104/2024;2024_104_55;noususta;1
1328;104/2024;2024_104_55;nämä;1
1328;104/2024;2024_104_55;olen;2
1328;104/2024;2024_104_55;olette;1
1328;104/2024;2024_104_55;olla;2
1328;104/2024;2024_104_55;ollut;1
1328;104/2024;2024_104_55;on;6
1328;104/2024;2024_104_55;ota;1
1328;104/2024;2024_104_55;ovat;2
1328;104/2024;2024_104_55;paljon;1
1328;104/2024;2024_104_55;pankki;1
1328;104/2024;2024_104_55;pienempi;1
1328;104/2024;2024_104_55;prosentin;1
1328;104/2024;2024_104_55;prosentista;1
1328;104/2024;2024_104_55;prosenttia;1
1328;104/2024;2024_104_55;puhemies;3
1328;104/2024;2024_104_55;puhunut;1
1328;104/2024;2024_104_55;päivänä;1
1328;104/2024;2024_104_55;ravintoloissa;1
1328;104/2024;2024_104_55;se;3
1328;104/2024;2024_104_55;sehän;1
1328;104/2024;2024_104_55;siihen;1
1328;104/2024;2024_104_55;suomen;1
1328;104/2024;2024_104_55;taitaa;1
1328;104/2024;2024_104_55;talous;1
1328;104/2024;2024_104_55;te;1
1328;104/2024;2024_104_55;tehneet;1
1328;104/2024;2024_104_55;teidän;1
1328;104/2024;2024_104_55;todistettu;1
1328;104/2024;2024_104_55;toimi;1
1328;104/2024;2024_104_55;totuutta;1
1328;104/2024;2024_104_55;tulossa;1
1328;104/2024;2024_104_55;tuudittautua;1
1328;104/2024;2024_104_55;työttömyys;1
1328;104/2024;2024_104_55;tällekin;1
1328;104/2024;2024_104_55;tänä;1
1328;104/2024;2024_104_55;täydellinen;1
1328;104/2024;2024_104_55;täällä;1
1328;104/2024;2024_104_55;vain;3
1328;104/2024;2024_104_55;valonpilkahdukset;1
1328;104/2024;2024_104_55;valtiovarainministeriö;1
1328;104/2024;2024_104_55;vauhtia;1
1328;104/2024;2024_104_55;voi;1
1328;104/2024;2024_104_55;vuodeksi;1
1328;104/2024;2024_104_55;vuodelle;1
1328;104/2024;2024_104_55;vuotta;1
1328;104/2024;2024_104_55;yksittäisiin;1
1328;104/2024;2024_104_55;yrittäjien;1
1328;104/2024;2024_104_55;yrittäjänä;1
1328;104/2024;2024_104_55;yritykset;1
1328;104/2024;2024_104_55;yrityksiä;1
1328;105/2021;2021_105_18;aika;2
1328;105/2021;2021_105_18;aikaiseksi;1
1328;105/2021;2021_105_18;aina;1
1328;105/2021;2021_105_18;ainakin;1
1328;105/2021;2021_105_18;aiotaan;1
1328;105/2021;2021_105_18;aivan;2
1328;105/2021;2021_105_18;ajan;1
1328;105/2021;2021_105_18;ajetaan;1
1328;105/2021;2021_105_18;aki;1
1328;105/2021;2021_105_18;alkaa;1
1328;105/2021;2021_105_18;alkanut;1
1328;105/2021;2021_105_18;alle;1
1328;105/2021;2021_105_18;aloitti;1
1328;105/2021;2021_105_18;aluksi;1
1328;105/2021;2021_105_18;ansiosidonnaiseen;1
1328;105/2021;2021_105_18;arvailujen;1
1328;105/2021;2021_105_18;arvoisa;4
1328;105/2021;2021_105_18;arvostelee;1
1328;105/2021;2021_105_18;arvostellut;1
1328;105/2021;2021_105_18;asumisen;1
1328;105/2021;2021_105_18;asumistukea;1
1328;105/2021;2021_105_18;asuntosijoittajille;1
1328;105/2021;2021_105_18;auki;1
1328;105/2021;2021_105_18;ay-liike;2
1328;105/2021;2021_105_18;budjetin;1
1328;105/2021;2021_105_18;budjetti;1
1328;105/2021;2021_105_18;budjettiesitys;1
1328;105/2021;2021_105_18;byrokratian;1
1328;105/2021;2021_105_18;demarit;1
1328;105/2021;2021_105_18;edellä;1
1328;105/2021;2021_105_18;eduista;1
1328;105/2021;2021_105_18;ehdottaa;1
1328;105/2021;2021_105_18;ei;12
1328;105/2021;2021_105_18;eikä;2
1328;105/2021;2021_105_18;eli;4
1328;105/2021;2021_105_18;elintarviketeollisuudet;1
1328;105/2021;2021_105_18;enemmän;3
1328;105/2021;2021_105_18;energiakriisi;1
1328;105/2021;2021_105_18;energiakriisissä;1
1328;105/2021;2021_105_18;ennemmin;1
1328;105/2021;2021_105_18;ennen;1
1328;105/2021;2021_105_18;ennustettavaa;1
1328;105/2021;2021_105_18;ensi;1
1328;105/2021;2021_105_18;enää;1
1328;105/2021;2021_105_18;erilaisilla;1
1328;105/2021;2021_105_18;erityisen;1
1328;105/2021;2021_105_18;erityisesti;1
1328;105/2021;2021_105_18;esiintyy;1
1328;105/2021;2021_105_18;esimerkiksi;2
1328;105/2021;2021_105_18;esimerkki;1
1328;105/2021;2021_105_18;ettei;4
1328;105/2021;2021_105_18;että;6
1328;105/2021;2021_105_18;etu;1
1328;105/2021;2021_105_18;eu;2
1328;105/2021;2021_105_18;eu-vero;1
1328;105/2021;2021_105_18;eun;1
1328;105/2021;2021_105_18;euroa;2
1328;105/2021;2021_105_18;euroja;1
1328;105/2021;2021_105_18;eurooppaa;1
1328;105/2021;2021_105_18;exit-vero;1
1328;105/2021;2021_105_18;haaveilee;1
1328;105/2021;2021_105_18;haetaan;1
1328;105/2021;2021_105_18;hallintoa;1
1328;105/2021;2021_105_18;hallitukselta;2
1328;105/2021;2021_105_18;hallituksen;4
1328;105/2021;2021_105_18;hallitus;6
1328;105/2021;2021_105_18;heillä;1
1328;105/2021;2021_105_18;heittelee;1
1328;105/2021;2021_105_18;helposti;1
1328;105/2021;2021_105_18;heti;1
1328;105/2021;2021_105_18;hidasta;1
1328;105/2021;2021_105_18;hiilikaivoksia;1
1328;105/2021;2021_105_18;hinta;1
1328;105/2021;2021_105_18;hintaa;1
1328;105/2021;2021_105_18;hoitaa;1
1328;105/2021;2021_105_18;hoitajia;1
1328;105/2021;2021_105_18;hoitamaan;1
1328;105/2021;2021_105_18;hoitoalalle;1
1328;105/2021;2021_105_18;hoitoonsa;1
1328;105/2021;2021_105_18;hokemat;1
1328;105/2021;2021_105_18;huolissaan;1
1328;105/2021;2021_105_18;hymy;1
1328;105/2021;2021_105_18;hyvin;1
1328;105/2021;2021_105_18;hyvinvointia;1
1328;105/2021;2021_105_18;hyvinvointiinsa;1
1328;105/2021;2021_105_18;hyvä;1
1328;105/2021;2021_105_18;hyvää;1
1328;105/2021;2021_105_18;hyytyy;2
1328;105/2021;2021_105_18;härskiä;1
1328;105/2021;2021_105_18;ihmisiä;3
1328;105/2021;2021_105_18;ikiliikkuja;2
1328;105/2021;2021_105_18;ikään;1
1328;105/2021;2021_105_18;ilmaan;1
1328;105/2021;2021_105_18;ilmastonmuutoksesta;1
1328;105/2021;2021_105_18;ilmastonmuutos;1
1328;105/2021;2021_105_18;investoida;1
1328;105/2021;2021_105_18;investoimaan;1
1328;105/2021;2021_105_18;investoinnit;1
1328;105/2021;2021_105_18;investointeihin;1
1328;105/2021;2021_105_18;italiaa;1
1328;105/2021;2021_105_18;itsenäisyyttämme;1
1328;105/2021;2021_105_18;ja;42
1328;105/2021;2021_105_18;jaetaan;1
1328;105/2021;2021_105_18;jatkaminen;1
1328;105/2021;2021_105_18;jatkua;1
1328;105/2021;2021_105_18;jo;1
1328;105/2021;2021_105_18;joka;1
1328;105/2021;2021_105_18;jonka;1
1328;105/2021;2021_105_18;jono;1
1328;105/2021;2021_105_18;jonoja;1
1328;105/2021;2021_105_18;jos;1
1328;105/2021;2021_105_18;jossain;1
1328;105/2021;2021_105_18;josta;1
1328;105/2021;2021_105_18;joustavammat;1
1328;105/2021;2021_105_18;julkisia;1
1328;105/2021;2021_105_18;julkista;2
1328;105/2021;2021_105_18;julkisuudessa;1
1328;105/2021;2021_105_18;junnila;1
1328;105/2021;2021_105_18;jää;1
1328;105/2021;2021_105_18;jäänyt;1
1328;105/2021;2021_105_18;kaiken;1
1328;105/2021;2021_105_18;kaikissa;1
1328;105/2021;2021_105_18;kaikista;1
1328;105/2021;2021_105_18;kaikkea;1
1328;105/2021;2021_105_18;kaikkien;1
1328;105/2021;2021_105_18;kallein;1
1328;105/2021;2021_105_18;kannattavaa;1
1328;105/2021;2021_105_18;kannustavaa;1
1328;105/2021;2021_105_18;kannusteita;1
1328;105/2021;2021_105_18;kasvaa;1
1328;105/2021;2021_105_18;kasvu;1
1328;105/2021;2021_105_18;kasvua;1
1328;105/2021;2021_105_18;kasvuun;2
1328;105/2021;2021_105_18;kehittynyt;1
1328;105/2021;2021_105_18;keinoja;1
1328;105/2021;2021_105_18;keksii;1
1328;105/2021;2021_105_18;kepu;1
1328;105/2021;2021_105_18;kepulaisia;1
1328;105/2021;2021_105_18;kerran;1
1328;105/2021;2021_105_18;kertoo;1
1328;105/2021;2021_105_18;keskittyä;1
1328;105/2021;2021_105_18;keskusta;1
1328;105/2021;2021_105_18;kestävää;1
1328;105/2021;2021_105_18;kiinni;1
1328;105/2021;2021_105_18;kilpailukykykuntoa;1
1328;105/2021;2021_105_18;kimpussa;1
1328;105/2021;2021_105_18;kipeää;1
1328;105/2021;2021_105_18;kivihiiltä;1
1328;105/2021;2021_105_18;kojamo;1
1328;105/2021;2021_105_18;koko;1
1328;105/2021;2021_105_18;kokonaan;2
1328;105/2021;2021_105_18;korkojen;1
1328;105/2021;2021_105_18;koronaa;1
1328;105/2021;2021_105_18;koronan;1
1328;105/2021;2021_105_18;koskaan;1
1328;105/2021;2021_105_18;kreikkaa;1
1328;105/2021;2021_105_18;kuin;4
1328;105/2021;2021_105_18;kuka;2
1328;105/2021;2021_105_18;kukaan;1
1328;105/2021;2021_105_18;kun;2
1328;105/2021;2021_105_18;kunnolliseen;1
1328;105/2021;2021_105_18;kunnossa;1
1328;105/2021;2021_105_18;kuntoon;1
1328;105/2021;2021_105_18;kuriin;1
1328;105/2021;2021_105_18;kustannukset;1
1328;105/2021;2021_105_18;kymmeneen;1
1328;105/2021;2021_105_18;kymmeniä;2
1328;105/2021;2021_105_18;kysymys;1
1328;105/2021;2021_105_18;käsittämättömiä;1
1328;105/2021;2021_105_18;laidan;1
1328;105/2021;2021_105_18;lainamarkkinat;1
1328;105/2021;2021_105_18;laiskaa;1
1328;105/2021;2021_105_18;lihavero;1
1328;105/2021;2021_105_18;liian;2
1328;105/2021;2021_105_18;liikaa;1
1328;105/2021;2021_105_18;lindn;1
1328;105/2021;2021_105_18;lisäksi;1
1328;105/2021;2021_105_18;lisäsi;1
1328;105/2021;2021_105_18;lisäverotaakan;1
1328;105/2021;2021_105_18;lisää;5
1328;105/2021;2021_105_18;loppuu;1
1328;105/2021;2021_105_18;lopuksi;1
1328;105/2021;2021_105_18;luoda;1
1328;105/2021;2021_105_18;luokkaansa;1
1328;105/2021;2021_105_18;luopuu;1
1328;105/2021;2021_105_18;luukut;1
1328;105/2021;2021_105_18;lyövät;1
1328;105/2021;2021_105_18;lähtisivät;1
1328;105/2021;2021_105_18;lääke;1
1328;105/2021;2021_105_18;lääkäreitä;1
1328;105/2021;2021_105_18;löydetty;1
1328;105/2021;2021_105_18;maahanmuuton;1
1328;105/2021;2021_105_18;maahanmuutosta;1
1328;105/2021;2021_105_18;maahanmuuttoa;1
1328;105/2021;2021_105_18;maahanmuuttoon;1
1328;105/2021;2021_105_18;maailmanluokkaa;1
1328;105/2021;2021_105_18;maakaasun;1
1328;105/2021;2021_105_18;maakuntavero;1
1328;105/2021;2021_105_18;maakuntaverossa;1
1328;105/2021;2021_105_18;maissa;1
1328;105/2021;2021_105_18;maksaa;1
1328;105/2021;2021_105_18;maksaahan;1
1328;105/2021;2021_105_18;maksamme;1
1328;105/2021;2021_105_18;maksavat;1
1328;105/2021;2021_105_18;maksetaan;2
1328;105/2021;2021_105_18;maksuja;1
1328;105/2021;2021_105_18;mallit;1
1328;105/2021;2021_105_18;malttia;1
1328;105/2021;2021_105_18;me;1
1328;105/2021;2021_105_18;meidän;2
1328;105/2021;2021_105_18;meille;1
1328;105/2021;2021_105_18;meillä;1
1328;105/2021;2021_105_18;meitä;2
1328;105/2021;2021_105_18;menee;1
1328;105/2021;2021_105_18;menoja;2
1328;105/2021;2021_105_18;menolla;1
1328;105/2021;2021_105_18;merkittäviä;1
1328;105/2021;2021_105_18;merkittävän;1
1328;105/2021;2021_105_18;mihin;1
1328;105/2021;2021_105_18;miljardia;5
1328;105/2021;2021_105_18;miljoonia;1
1328;105/2021;2021_105_18;millä;1
1328;105/2021;2021_105_18;ministeri;2
1328;105/2021;2021_105_18;miten;1
1328;105/2021;2021_105_18;mitä;2
1328;105/2021;2021_105_18;mitään;3
1328;105/2021;2021_105_18;monta;1
1328;105/2021;2021_105_18;moottori;1
1328;105/2021;2021_105_18;muiden;2
1328;105/2021;2021_105_18;muille;1
1328;105/2021;2021_105_18;mutta;6
1328;105/2021;2021_105_18;muttei;1
1328;105/2021;2021_105_18;muutamia;1
1328;105/2021;2021_105_18;myöhemmin;1
1328;105/2021;2021_105_18;myös;1
1328;105/2021;2021_105_18;myöskään;1
1328;105/2021;2021_105_18;ne;3
1328;105/2021;2021_105_18;nelipäiväisestä;1
1328;105/2021;2021_105_18;niin;4
1328;105/2021;2021_105_18;niitä;1
1328;105/2021;2021_105_18;nimetä;1
1328;105/2021;2021_105_18;norja;1
1328;105/2021;2021_105_18;norjalla;1
1328;105/2021;2021_105_18;nostamisen;1
1328;105/2021;2021_105_18;nousemaan;1
1328;105/2021;2021_105_18;nurkkaan;1
1328;105/2021;2021_105_18;nyt;6
1328;105/2021;2021_105_18;näissä;1
1328;105/2021;2021_105_18;oho;1
1328;105/2021;2021_105_18;ole;4
1328;105/2021;2021_105_18;olemaan;1
1328;105/2021;2021_105_18;olisi;2
1328;105/2021;2021_105_18;olla;4
1328;105/2021;2021_105_18;olosuhteet;1
1328;105/2021;2021_105_18;omaa;1
1328;105/2021;2021_105_18;omistaa;1
1328;105/2021;2021_105_18;omistaminen;1
1328;105/2021;2021_105_18;on;21
1328;105/2021;2021_105_18;osaajia;1
1328;105/2021;2021_105_18;osaamatonta;1
1328;105/2021;2021_105_18;osaaminen;1
1328;105/2021;2021_105_18;osinkoja;1
1328;105/2021;2021_105_18;otetaan;1
1328;105/2021;2021_105_18;otolliset;1
1328;105/2021;2021_105_18;ottaa;1
1328;105/2021;2021_105_18;otti;1
1328;105/2021;2021_105_18;ovat;8
1328;105/2021;2021_105_18;paikallinen;1
1328;105/2021;2021_105_18;palkkaamaan;1
1328;105/2021;2021_105_18;palkkaneuvotteluihin;1
1328;105/2021;2021_105_18;palloja;1
1328;105/2021;2021_105_18;panna;2
1328;105/2021;2021_105_18;pantu;1
1328;105/2021;2021_105_18;parantavia;1
1328;105/2021;2021_105_18;pelkästään;1
1328;105/2021;2021_105_18;perussuomalaisten;1
1328;105/2021;2021_105_18;piikkiimme;1
1328;105/2021;2021_105_18;piikkiin;1
1328;105/2021;2021_105_18;piti;1
1328;105/2021;2021_105_18;pitäisi;1
1328;105/2021;2021_105_18;pitää;4
1328;105/2021;2021_105_18;pohjoismaiden;1
1328;105/2021;2021_105_18;polttavat;1
1328;105/2021;2021_105_18;porkkanaa;1
1328;105/2021;2021_105_18;porrastus;1
1328;105/2021;2021_105_18;prosenttia;1
1328;105/2021;2021_105_18;puheenjohtaja;1
1328;105/2021;2021_105_18;puheet;2
1328;105/2021;2021_105_18;puheita;2
1328;105/2021;2021_105_18;puhemies;4
1328;105/2021;2021_105_18;puhuvat;1
1328;105/2021;2021_105_18;puola;2
1328;105/2021;2021_105_18;puolalle;1
1328;105/2021;2021_105_18;puolestaan;1
1328;105/2021;2021_105_18;puolet;1
1328;105/2021;2021_105_18;puuhastelee;1
1328;105/2021;2021_105_18;puuttuu;1
1328;105/2021;2021_105_18;pystyneet;1
1328;105/2021;2021_105_18;pystyssä;1
1328;105/2021;2021_105_18;pysyviä;2
1328;105/2021;2021_105_18;päässyt;1
1328;105/2021;2021_105_18;päätöksiä;2
1328;105/2021;2021_105_18;pörssiyhtiö;1
1328;105/2021;2021_105_18;pörssiyritysten;1
1328;105/2021;2021_105_18;raha;1
1328;105/2021;2021_105_18;rahaa;1
1328;105/2021;2021_105_18;rahalle;1
1328;105/2021;2021_105_18;rajalla;1
1328;105/2021;2021_105_18;rakentanut;1
1328;105/2021;2021_105_18;rakenteita;1
1328;105/2021;2021_105_18;ratkaisuja;1
1328;105/2021;2021_105_18;ratkeaa;1
1328;105/2021;2021_105_18;riihikuivaa;1
1328;105/2021;2021_105_18;riittävästi;1
1328;105/2021;2021_105_18;ruotsi;1
1328;105/2021;2021_105_18;ryhmästä;1
1328;105/2021;2021_105_18;saa;1
1328;105/2021;2021_105_18;saada;1
1328;105/2021;2021_105_18;saarikko;1
1328;105/2021;2021_105_18;saavutetuista;1
1328;105/2021;2021_105_18;saksa;2
1328;105/2021;2021_105_18;sanoen;1
1328;105/2021;2021_105_18;se;6
1328;105/2021;2021_105_18;sekin;1
1328;105/2021;2021_105_18;selvästi;1
1328;105/2021;2021_105_18;sen;3
1328;105/2021;2021_105_18;seuraa;1
1328;105/2021;2021_105_18;sieltä;1
1328;105/2021;2021_105_18;siihen;3
1328;105/2021;2021_105_18;siitä;4
1328;105/2021;2021_105_18;siivun;1
1328;105/2021;2021_105_18;sijoittajista;1
1328;105/2021;2021_105_18;silloin;1
1328;105/2021;2021_105_18;sitten;1
1328;105/2021;2021_105_18;sitä;1
1328;105/2021;2021_105_18;sokerivero;1
1328;105/2021;2021_105_18;sopiminen;1
1328;105/2021;2021_105_18;sosiaali;1
1328;105/2021;2021_105_18;sosiaaliturva;1
1328;105/2021;2021_105_18;sote-uudistuksessa;1
1328;105/2021;2021_105_18;sote-uudistus;1
1328;105/2021;2021_105_18;sotessa;1
1328;105/2021;2021_105_18;sukupolvea;1
1328;105/2021;2021_105_18;sulkemaan;1
1328;105/2021;2021_105_18;suolavero;1
1328;105/2021;2021_105_18;suomalaiset;1
1328;105/2021;2021_105_18;suomalaisten;1
1328;105/2021;2021_105_18;suomen;2
1328;105/2021;2021_105_18;suomi;2
1328;105/2021;2021_105_18;suoraan;2
1328;105/2021;2021_105_18;suostu;1
1328;105/2021;2021_105_18;suunnitteilla;1
1328;105/2021;2021_105_18;suurin;1
1328;105/2021;2021_105_18;systemaattisesti;1
1328;105/2021;2021_105_18;syömävelalla;1
1328;105/2021;2021_105_18;sähkölaskuissamme;1
1328;105/2021;2021_105_18;sähkölaskussaan;1
1328;105/2021;2021_105_18;taas;1
1328;105/2021;2021_105_18;tai;2
1328;105/2021;2021_105_18;takaa;1
1328;105/2021;2021_105_18;takia;1
1328;105/2021;2021_105_18;talman;4
1328;105/2021;2021_105_18;taloudellinen;1
1328;105/2021;2021_105_18;taloudellista;1
1328;105/2021;2021_105_18;talouden;1
1328;105/2021;2021_105_18;taloudesta;1
1328;105/2021;2021_105_18;talouteen;1
1328;105/2021;2021_105_18;taloutta;1
1328;105/2021;2021_105_18;tanskan;1
1328;105/2021;2021_105_18;tarpeeksi;1
1328;105/2021;2021_105_18;tarvitaan;4
1328;105/2021;2021_105_18;tehdä;2
1328;105/2021;2021_105_18;tehdään;1
1328;105/2021;2021_105_18;tehokkaammin;1
1328;105/2021;2021_105_18;tehokkuudessa;1
1328;105/2021;2021_105_18;tehtävä;1
1328;105/2021;2021_105_18;tekee;2
1328;105/2021;2021_105_18;tekemättä;2
1328;105/2021;2021_105_18;tekemään;1
1328;105/2021;2021_105_18;teollisuusliitolle;1
1328;105/2021;2021_105_18;teollisuutta;1
1328;105/2021;2021_105_18;teot;1
1328;105/2021;2021_105_18;tervettä;1
1328;105/2021;2021_105_18;terästeollisuudessa;1
1328;105/2021;2021_105_18;tietää;1
1328;105/2021;2021_105_18;toimeen;1
1328;105/2021;2021_105_18;toimenpiteitä;1
1328;105/2021;2021_105_18;toiminta;1
1328;105/2021;2021_105_18;toimintaa;1
1328;105/2021;2021_105_18;toimivat;1
1328;105/2021;2021_105_18;toki;1
1328;105/2021;2021_105_18;tomerana;1
1328;105/2021;2021_105_18;tuhansia;1
1328;105/2021;2021_105_18;tukea;2
1328;105/2021;2021_105_18;tuki;2
1328;105/2021;2021_105_18;tule;4
1328;105/2021;2021_105_18;tulee;7
1328;105/2021;2021_105_18;tulekaan;1
1328;105/2021;2021_105_18;tulevaisuus;1
1328;105/2021;2021_105_18;tuloja;1
1328;105/2021;2021_105_18;tulopuoli;1
1328;105/2021;2021_105_18;tulossa;1
1328;105/2021;2021_105_18;tunnetusti;1
1328;105/2021;2021_105_18;tuotekehitykseen;1
1328;105/2021;2021_105_18;tuottaa;1
1328;105/2021;2021_105_18;tuovat;1
1328;105/2021;2021_105_18;tutkimukseen;1
1328;105/2021;2021_105_18;työelämän;1
1328;105/2021;2021_105_18;työllisyydessä;1
1328;105/2021;2021_105_18;työllisyyttä;1
1328;105/2021;2021_105_18;työnteon;1
1328;105/2021;2021_105_18;työpaikat;1
1328;105/2021;2021_105_18;työpaikoista;1
1328;105/2021;2021_105_18;työperäistä;1
1328;105/2021;2021_105_18;työttömyysturvan;1
1328;105/2021;2021_105_18;työviikosta;1
1328;105/2021;2021_105_18;tähän;1
1328;105/2021;2021_105_18;tällaista;1
1328;105/2021;2021_105_18;tällä;3
1328;105/2021;2021_105_18;tältä;1
1328;105/2021;2021_105_18;tämä;6
1328;105/2021;2021_105_18;tänne;2
1328;105/2021;2021_105_18;tänä;1
1328;105/2021;2021_105_18;tärkein;1
1328;105/2021;2021_105_18;tärkeintä;1
1328;105/2021;2021_105_18;tässä;1
1328;105/2021;2021_105_18;täysin;2
1328;105/2021;2021_105_18;töihin;3
1328;105/2021;2021_105_18;uhkaa;2
1328;105/2021;2021_105_18;uhkailee;1
1328;105/2021;2021_105_18;uskoo;1
1328;105/2021;2021_105_18;uudet;1
1328;105/2021;2021_105_18;uudistamaan;1
1328;105/2021;2021_105_18;uudistuksia;1
1328;105/2021;2021_105_18;uudistuksien;1
1328;105/2021;2021_105_18;uusia;1
1328;105/2021;2021_105_18;uusilla;1
1328;105/2021;2021_105_18;vaalirahoitukseen;1
1328;105/2021;2021_105_18;vaan;1
1328;105/2021;2021_105_18;vaiheessa;1
1328;105/2021;2021_105_18;vaikka;6
1328;105/2021;2021_105_18;vain;3
1328;105/2021;2021_105_18;valtio;1
1328;105/2021;2021_105_18;valtion;1
1328;105/2021;2021_105_18;valuu;1
1328;105/2021;2021_105_18;vanhenee;1
1328;105/2021;2021_105_18;varaa;2
1328;105/2021;2021_105_18;varassa;2
1328;105/2021;2021_105_18;vasemman;1
1328;105/2021;2021_105_18;vasemmistopuolueiden;1
1328;105/2021;2021_105_18;vastaa;1
1328;105/2021;2021_105_18;vastuuttomia;2
1328;105/2021;2021_105_18;vauhdilla;1
1328;105/2021;2021_105_18;velan;1
1328;105/2021;2021_105_18;velkaa;2
1328;105/2021;2021_105_18;velkaputki;1
1328;105/2021;2021_105_18;velkarahalla;1
1328;105/2021;2021_105_18;velkarallin;1
1328;105/2021;2021_105_18;venäjän;1
1328;105/2021;2021_105_18;veroalelle;1
1328;105/2021;2021_105_18;veroilla;1
1328;105/2021;2021_105_18;veroja;1
1328;105/2021;2021_105_18;veronalennuksista;1
1328;105/2021;2021_105_18;veronmaksajat;1
1328;105/2021;2021_105_18;veronmaksajien;1
1328;105/2021;2021_105_18;veroporkkana;1
1328;105/2021;2021_105_18;veroporkkanoita;1
1328;105/2021;2021_105_18;verotuksen;1
1328;105/2021;2021_105_18;verotus;2
1328;105/2021;2021_105_18;verovapaita;1
1328;105/2021;2021_105_18;verran;1
1328;105/2021;2021_105_18;vertailu;1
1328;105/2021;2021_105_18;vielä;1
1328;105/2021;2021_105_18;vierestä;1
1328;105/2021;2021_105_18;vilhelm;1
1328;105/2021;2021_105_18;virheistä;1
1328;105/2021;2021_105_18;voi;2
1328;105/2021;2021_105_18;voimme;1
1328;105/2021;2021_105_18;vuodessa;1
1328;105/2021;2021_105_18;vuonna;2
1328;105/2021;2021_105_18;vuosikymmenellä;2
1328;105/2021;2021_105_18;vuoteen;1
1328;105/2021;2021_105_18;vähemmistöosakkuuden;1
1328;105/2021;2021_105_18;vähemmän;1
1328;105/2021;2021_105_18;väittää;1
1328;105/2021;2021_105_18;väliaikaiselle;1
1328;105/2021;2021_105_18;välitä;1
1328;105/2021;2021_105_18;välttäminen;1
1328;105/2021;2021_105_18;ydinvoimasta;1
1328;105/2021;2021_105_18;yksityisiä;1
1328;105/2021;2021_105_18;yli;1
1328;105/2021;2021_105_18;ylivelkaantuminen;1
1328;105/2021;2021_105_18;ylläpitää;1
1328;105/2021;2021_105_18;ymmärrä;1
1328;105/2021;2021_105_18;yrittäjien;1
1328;105/2021;2021_105_18;yrittämisestä;1
1328;105/2021;2021_105_18;yritykset;2
1328;105/2021;2021_105_18;yrityksille;1
1328;105/2021;2021_105_18;yritysten;2
1328;105/2021;2021_105_18;yritystoiminnan;1
1328;105/2021;2021_105_18;yritysvastaista;1
1328;105/2021;2021_105_18;ärade;4
1328;105/2021;2021_105_18;öljyrahastossa;1
1328;105/2021;2021_105_18;öljyä;1
1328;105/2022;2022_105_91;aikanaan;1
1328;105/2022;2022_105_91;arvoisa;1
1328;105/2022;2022_105_91;asian;1
1328;105/2022;2022_105_91;ei;1
1328;105/2022;2022_105_91;en;1
1328;105/2022;2022_105_91;eteen;2
1328;105/2022;2022_105_91;ette;1
1328;105/2022;2022_105_91;ettei;1
1328;105/2022;2022_105_91;että;4
1328;105/2022;2022_105_91;hoitajamitoituksen;3
1328;105/2022;2022_105_91;ja;3
1328;105/2022;2022_105_91;joskus;1
1328;105/2022;2022_105_91;kannata;1
1328;105/2022;2022_105_91;kiuru;1
1328;105/2022;2022_105_91;koska;1
1328;105/2022;2022_105_91;kuluttua;1
1328;105/2022;2022_105_91;kun;1
1328;105/2022;2022_105_91;kuulemma;1
1328;105/2022;2022_105_91;kysyisin;1
1328;105/2022;2022_105_91;kysynkin;1
1328;105/2022;2022_105_91;laittaneet;1
1328;105/2022;2022_105_91;lakia;2
1328;105/2022;2022_105_91;lakiin;1
1328;105/2022;2022_105_91;lapsesta;1
1328;105/2022;2022_105_91;lehtitietoihin;1
1328;105/2022;2022_105_91;lehtitietojen;1
1328;105/2022;2022_105_91;meinaatte;1
1328;105/2022;2022_105_91;ministeri;1
1328;105/2022;2022_105_91;mitä;1
1328;105/2022;2022_105_91;mitään;1
1328;105/2022;2022_105_91;mukaan;1
1328;105/2022;2022_105_91;mutta;1
1328;105/2022;2022_105_91;naurua;1
1328;105/2022;2022_105_91;nyt;2
1328;105/2022;2022_105_91;ole;1
1328;105/2022;2022_105_91;olette;2
1328;105/2022;2022_105_91;oletteko;1
1328;105/2022;2022_105_91;olitte;1
1328;105/2022;2022_105_91;olkoon;1
1328;105/2022;2022_105_91;on;1
1328;105/2022;2022_105_91;onneksi;1
1328;105/2022;2022_105_91;paikkansa;1
1328;105/2022;2022_105_91;parissa;1
1328;105/2022;2022_105_91;pitääkö;1
1328;105/2022;2022_105_91;puhemies;1
1328;105/2022;2022_105_91;puuhaa;1
1328;105/2022;2022_105_91;pystyy;1
1328;105/2022;2022_105_91;riittänyt;1
1328;105/2022;2022_105_91;saataisiin;1
1328;105/2022;2022_105_91;sanoitte;1
1328;105/2022;2022_105_91;se;3
1328;105/2022;2022_105_91;sen;3
1328;105/2022;2022_105_91;siirretään;1
1328;105/2022;2022_105_91;siirron;1
1328;105/2022;2022_105_91;siirtäneet;1
1328;105/2022;2022_105_91;siirtää;1
1328;105/2022;2022_105_91;siksi;1
1328;105/2022;2022_105_91;sitten;1
1328;105/2022;2022_105_91;sitä;1
1328;105/2022;2022_105_91;taas;1
1328;105/2022;2022_105_91;takaatteko;1
1328;105/2022;2022_105_91;takaisin;1
1328;105/2022;2022_105_91;takana;1
1328;105/2022;2022_105_91;talman;1
1328;105/2022;2022_105_91;tarvitse;1
1328;105/2022;2022_105_91;te;3
1328;105/2022;2022_105_91;tehdä;1
1328;105/2022;2022_105_91;tehneet;1
1328;105/2022;2022_105_91;teiltä;2
1328;105/2022;2022_105_91;tekemään;1
1328;105/2022;2022_105_91;tervetuloa;1
1328;105/2022;2022_105_91;tiedä;1
1328;105/2022;2022_105_91;tulee;1
1328;105/2022;2022_105_91;tunnissa;1
1328;105/2022;2022_105_91;tätä;3
1328;105/2022;2022_105_91;täytäntöön;1
1328;105/2022;2022_105_91;täytäntöönpanoon;1
1328;105/2022;2022_105_91;töihin;1
1328;105/2022;2022_105_91;uskoa;1
1328;105/2022;2022_105_91;varmaan;1
1328;105/2022;2022_105_91;vastaan;1
1328;105/2022;2022_105_91;vuodella;1
1328;105/2022;2022_105_91;vuoden;1
1328;105/2022;2022_105_91;ärade;1
1328;107/2021;2021_107_473;aikana;1
1328;107/2021;2021_107_473;aiotte;1
1328;107/2021;2021_107_473;ajautumassa;1
1328;107/2021;2021_107_473;arvoisa;1
1328;107/2021;2021_107_473;ay-liike;1
1328;107/2021;2021_107_473;eduille;1
1328;107/2021;2021_107_473;ei;3
1328;107/2021;2021_107_473;eivätkä;1
1328;107/2021;2021_107_473;eläköityy;1
1328;107/2021;2021_107_473;ennen;2
1328;107/2021;2021_107_473;enää;1
1328;107/2021;2021_107_473;että;1
1328;107/2021;2021_107_473;heistä;2
1328;107/2021;2021_107_473;hoitajapulalle;1
1328;107/2021;2021_107_473;hoitajien;1
1328;107/2021;2021_107_473;ihmisiä;1
1328;107/2021;2021_107_473;ikäihmisten;1
1328;107/2021;2021_107_473;ja;4
1328;107/2021;2021_107_473;jo;1
1328;107/2021;2021_107_473;jossa;1
1328;107/2021;2021_107_473;jotain;1
1328;107/2021;2021_107_473;kansalliseen;1
1328;107/2021;2021_107_473;kansallisessa;1
1328;107/2021;2021_107_473;kieltää;1
1328;107/2021;2021_107_473;koko;1
1328;107/2021;2021_107_473;kriisiin;1
1328;107/2021;2021_107_473;kriisissä;1
1328;107/2021;2021_107_473;kuin;1
1328;107/2021;2021_107_473;kun;2
1328;107/2021;2021_107_473;kyllä;1
1328;107/2021;2021_107_473;kysymykseen;1
1328;107/2021;2021_107_473;lakisääteisiä;1
1328;107/2021;2021_107_473;lisäksi;1
1328;107/2021;2021_107_473;lähi;1
1328;107/2021;2021_107_473;mitkään;1
1328;107/2021;2021_107_473;mitoitukset;1
1328;107/2021;2021_107_473;mitä;1
1328;107/2021;2021_107_473;mutta;1
1328;107/2021;2021_107_473;neljäsosa;1
1328;107/2021;2021_107_473;nyt;2
1328;107/2021;2021_107_473;ole;1
1328;107/2021;2021_107_473;olemme;2
1328;107/2021;2021_107_473;on;4
1328;107/2021;2021_107_473;pakko;1
1328;107/2021;2021_107_473;palveluista;1
1328;107/2021;2021_107_473;palveluita;1
1328;107/2021;2021_107_473;pohjois-karjalassa;1
1328;107/2021;2021_107_473;puhe;1
1328;107/2021;2021_107_473;puhemies;1
1328;107/2021;2021_107_473;pulaa;1
1328;107/2021;2021_107_473;pystytä;1
1328;107/2021;2021_107_473;riittävästi;2
1328;107/2021;2021_107_473;riitä;1
1328;107/2021;2021_107_473;sairaanhoitajia;1
1328;107/2021;2021_107_473;sanon;1
1328;107/2021;2021_107_473;sote-uudistus;1
1328;107/2021;2021_107_473;suomessa;1
1328;107/2021;2021_107_473;talman;1
1328;107/2021;2021_107_473;tehdä;2
1328;107/2021;2021_107_473;tilanne;1
1328;107/2021;2021_107_473;työoloille;1
1328;107/2021;2021_107_473;tämän;1
1328;107/2021;2021_107_473;täyttämään;1
1328;107/2021;2021_107_473;uhkaa;1
1328;107/2021;2021_107_473;vaikka;1
1328;107/2021;2021_107_473;vain;2
1328;107/2021;2021_107_473;vastaukseksi;1
1328;107/2021;2021_107_473;vastausta;1
1328;107/2021;2021_107_473;velvoitteita;1
1328;107/2021;2021_107_473;vuosikymmenen;1
1328;107/2021;2021_107_473;ärade;1
1328;108/2024;2024_108_43;aika;1
1328;108/2024;2024_108_43;ajan;1
1328;108/2024;2024_108_43;ajassa;1
1328;108/2024;2024_108_43;arvoisa;1
1328;108/2024;2024_108_43;asiaa;1
1328;108/2024;2024_108_43;auttaa;1
1328;108/2024;2024_108_43;auttavat;1
1328;108/2024;2024_108_43;ei;2
1328;108/2024;2024_108_43;eikä;1
1328;108/2024;2024_108_43;esimerkiksi;2
1328;108/2024;2024_108_43;ette;3
1328;108/2024;2024_108_43;että;4
1328;108/2024;2024_108_43;istuu;1
1328;108/2024;2024_108_43;ja;5
1328;108/2024;2024_108_43;joita;1
1328;108/2024;2024_108_43;joka;1
1328;108/2024;2024_108_43;kahdella;1
1328;108/2024;2024_108_43;kaikki;1
1328;108/2024;2024_108_43;kaksi;1
1328;108/2024;2024_108_43;kampaviinereitä;1
1328;108/2024;2024_108_43;kasvaa;1
1328;108/2024;2024_108_43;kasvamaan;1
1328;108/2024;2024_108_43;kasvattanut;1
1328;108/2024;2024_108_43;kasvua;2
1328;108/2024;2024_108_43;kasvutoimet;1
1328;108/2024;2024_108_43;kasvutoimia;2
1328;108/2024;2024_108_43;keksii;1
1328;108/2024;2024_108_43;keskustelussa;1
1328;108/2024;2024_108_43;kiitos;1
1328;108/2024;2024_108_43;koko;1
1328;108/2024;2024_108_43;kolmella;1
1328;108/2024;2024_108_43;koputtaa;1
1328;108/2024;2024_108_43;kotitalousvähennystä;1
1328;108/2024;2024_108_43;kuin;1
1328;108/2024;2024_108_43;kun;3
1328;108/2024;2024_108_43;lisäisivät;1
1328;108/2024;2024_108_43;lisäävät;1
1328;108/2024;2024_108_43;luvut;1
1328;108/2024;2024_108_43;menisi;1
1328;108/2024;2024_108_43;mielipiteeni;1
1328;108/2024;2024_108_43;miksi;2
1328;108/2024;2024_108_43;miljardilla;1
1328;108/2024;2024_108_43;minun;1
1328;108/2024;2024_108_43;missä;1
1328;108/2024;2024_108_43;mitään;1
1328;108/2024;2024_108_43;murto;1
1328;108/2024;2024_108_43;mutta;1
1328;108/2024;2024_108_43;naurua;2
1328;108/2024;2024_108_43;ne;2
1328;108/2024;2024_108_43;niin;1
1328;108/2024;2024_108_43;niitä;1
1328;108/2024;2024_108_43;nopeammassa;1
1328;108/2024;2024_108_43;nyt;2
1328;108/2024;2024_108_43;näin;1
1328;108/2024;2024_108_43;nämä;1
1328;108/2024;2024_108_43;näyttävät;1
1328;108/2024;2024_108_43;odotatte;1
1328;108/2024;2024_108_43;ole;2
1328;108/2024;2024_108_43;olen;1
1328;108/2024;2024_108_43;olette;1
1328;108/2024;2024_108_43;olisi;1
1328;108/2024;2024_108_43;ollut;1
1328;108/2024;2024_108_43;on;1
1328;108/2024;2024_108_43;ovat;1
1328;108/2024;2024_108_43;paikallinen;1
1328;108/2024;2024_108_43;puhemies;3
1328;108/2024;2024_108_43;puhutte;1
1328;108/2024;2024_108_43;puoli;1
1328;108/2024;2024_108_43;ruotsissa;1
1328;108/2024;2024_108_43;saa;1
1328;108/2024;2024_108_43;saadaan;1
1328;108/2024;2024_108_43;se;1
1328;108/2024;2024_108_43;sekoittuu;1
1328;108/2024;2024_108_43;semmoisia;2
1328;108/2024;2024_108_43;semmoista;1
1328;108/2024;2024_108_43;siihen;1
1328;108/2024;2024_108_43;silloin;2
1328;108/2024;2024_108_43;sitä;2
1328;108/2024;2024_108_43;sopiminen;1
1328;108/2024;2024_108_43;suurennettiin;1
1328;108/2024;2024_108_43;syö;1
1328;108/2024;2024_108_43;talous;1
1328;108/2024;2024_108_43;talouskasvua;1
1328;108/2024;2024_108_43;talouskasvun;1
1328;108/2024;2024_108_43;talouskasvuun;1
1328;108/2024;2024_108_43;talouteen;1
1328;108/2024;2024_108_43;taloutta;2
1328;108/2024;2024_108_43;tapahdu;1
1328;108/2024;2024_108_43;te;6
1328;108/2024;2024_108_43;tee;2
1328;108/2024;2024_108_43;tehneet;1
1328;108/2024;2024_108_43;teillä;1
1328;108/2024;2024_108_43;tiedän;1
1328;108/2024;2024_108_43;toimea;1
1328;108/2024;2024_108_43;toimenpiteitä;1
1328;108/2024;2024_108_43;työmarkkinatoimista;1
1328;108/2024;2024_108_43;tämä;1
1328;108/2024;2024_108_43;tämän;1
1328;108/2024;2024_108_43;tänä;1
1328;108/2024;2024_108_43;tässä;1
1328;108/2024;2024_108_43;vaan;1
1328;108/2024;2024_108_43;vaikka;1
1328;108/2024;2024_108_43;varmaan;1
1328;108/2024;2024_108_43;veroja;1
1328;108/2024;2024_108_43;vuonna;1
1328;108/2024;2024_108_43;vuotta;2
1328;108/2024;2024_108_43;vähennettiin;1
1328;108/2024;2024_108_43;yhtään;2
1328;108/2024;2024_108_43;yrittäjänä;1
1328;109/2020;2020_109_12;aikoja;1
1328;109/2020;2020_109_12;ainutkertaiseksi;1
1328;109/2020;2020_109_12;aivan;3
1328;109/2020;2020_109_12;alkuperäisiä;1
1328;109/2020;2020_109_12;alun;1
1328;109/2020;2020_109_12;annetaan;1
1328;109/2020;2020_109_12;antama;1
1328;109/2020;2020_109_12;anteeksi;1
1328;109/2020;2020_109_12;arvoisa;1
1328;109/2020;2020_109_12;bruttokansantuote;1
1328;109/2020;2020_109_12;ei;2
1328;109/2020;2020_109_12;eivät;1
1328;109/2020;2020_109_12;eli;1
1328;109/2020;2020_109_12;elpymispaketista;1
1328;109/2020;2020_109_12;en;1
1328;109/2020;2020_109_12;ensisijaisesta;1
1328;109/2020;2020_109_12;esimerkiksi;1
1328;109/2020;2020_109_12;espanjan;2
1328;109/2020;2020_109_12;ette;1
1328;109/2020;2020_109_12;että;7
1328;109/2020;2020_109_12;eun;4
1328;109/2020;2020_109_12;euroa;3
1328;109/2020;2020_109_12;euron;1
1328;109/2020;2020_109_12;eusta;1
1328;109/2020;2020_109_12;euta;1
1328;109/2020;2020_109_12;finanssikriisin;1
1328;109/2020;2020_109_12;helppoa;1
1328;109/2020;2020_109_12;hoida;1
1328;109/2020;2020_109_12;huolellisesti;1
1328;109/2020;2020_109_12;hyvä;1
1328;109/2020;2020_109_12;hyvän;1
1328;109/2020;2020_109_12;ihan;1
1328;109/2020;2020_109_12;ilmeisesti;1
1328;109/2020;2020_109_12;instrumenttia;1
1328;109/2020;2020_109_12;italian;1
1328;109/2020;2020_109_12;ja;2
1328;109/2020;2020_109_12;jo;2
1328;109/2020;2020_109_12;johtaa;2
1328;109/2020;2020_109_12;jokainen;1
1328;109/2020;2020_109_12;jolloin;1
1328;109/2020;2020_109_12;jos;1
1328;109/2020;2020_109_12;jotkut;1
1328;109/2020;2020_109_12;jäisi;1
1328;109/2020;2020_109_12;jälkeen;1
1328;109/2020;2020_109_12;jäsenmaa;1
1328;109/2020;2020_109_12;jäsenmaat;1
1328;109/2020;2020_109_12;jättämään;1
1328;109/2020;2020_109_12;kaikesta;1
1328;109/2020;2020_109_12;kalliimpaa;1
1328;109/2020;2020_109_12;kertaa;1
1328;109/2020;2020_109_12;kertonut;1
1328;109/2020;2020_109_12;kohti;1
1328;109/2020;2020_109_12;koronasta;1
1328;109/2020;2020_109_12;kreikan;1
1328;109/2020;2020_109_12;kuin;2
1328;109/2020;2020_109_12;kuinka;1
1328;109/2020;2020_109_12;kuitenkaan;1
1328;109/2020;2020_109_12;kukaan;1
1328;109/2020;2020_109_12;kun;1
1328;109/2020;2020_109_12;kunnioittaa;1
1328;109/2020;2020_109_12;kuralla;1
1328;109/2020;2020_109_12;kymmenen;1
1328;109/2020;2020_109_12;kyse;3
1328;109/2020;2020_109_12;kysymyksen;1
1328;109/2020;2020_109_12;kysyn;1
1328;109/2020;2020_109_12;käyttöön;1
1328;109/2020;2020_109_12;lainoja;2
1328;109/2020;2020_109_12;laskenut;1
1328;109/2020;2020_109_12;liittoon;1
1328;109/2020;2020_109_12;lisäksi;3
1328;109/2020;2020_109_12;loppujen;1
1328;109/2020;2020_109_12;loppuun;1
1328;109/2020;2020_109_12;lopuksi;1
1328;109/2020;2020_109_12;maat;1
1328;109/2020;2020_109_12;maksamatta;1
1328;109/2020;2020_109_12;maksimissaan;2
1328;109/2020;2020_109_12;maksujaan;1
1328;109/2020;2020_109_12;marin;2
1328;109/2020;2020_109_12;meidän;1
1328;109/2020;2020_109_12;mihin;1
1328;109/2020;2020_109_12;mikä;1
1328;109/2020;2020_109_12;miljardia;4
1328;109/2020;2020_109_12;miljardin;2
1328;109/2020;2020_109_12;millaisista;1
1328;109/2020;2020_109_12;mitä;1
1328;109/2020;2020_109_12;moni;1
1328;109/2020;2020_109_12;monta;2
1328;109/2020;2020_109_12;muistaa;1
1328;109/2020;2020_109_12;mukaan;1
1328;109/2020;2020_109_12;muukin;1
1328;109/2020;2020_109_12;muunlaiseen;1
1328;109/2020;2020_109_12;muustakin;1
1328;109/2020;2020_109_12;muut;1
1328;109/2020;2020_109_12;niin;1
1328;109/2020;2020_109_12;niinkään;1
1328;109/2020;2020_109_12;niistä;1
1328;109/2020;2020_109_12;näiden;1
1328;109/2020;2020_109_12;näin;1
1328;109/2020;2020_109_12;näytä;1
1328;109/2020;2020_109_12;odotellaan;1
1328;109/2020;2020_109_12;oikein;1
1328;109/2020;2020_109_12;ole;2
1328;109/2020;2020_109_12;olemme;1
1328;109/2020;2020_109_12;olen;1
1328;109/2020;2020_109_12;olette;1
1328;109/2020;2020_109_12;oleva;1
1328;109/2020;2020_109_12;oli;1
1328;109/2020;2020_109_12;ollaan;1
1328;109/2020;2020_109_12;ollut;1
1328;109/2020;2020_109_12;omista;1
1328;109/2020;2020_109_12;on;9
1328;109/2020;2020_109_12;onko;1
1328;109/2020;2020_109_12;ottamassa;1
1328;109/2020;2020_109_12;ovat;1
1328;109/2020;2020_109_12;palasitte;1
1328;109/2020;2020_109_12;pelastaminen;2
1328;109/2020;2020_109_12;perin;1
1328;109/2020;2020_109_12;pitää;1
1328;109/2020;2020_109_12;prosenttia;1
1328;109/2020;2020_109_12;puhemies;1
1328;109/2020;2020_109_12;puhutaan;1
1328;109/2020;2020_109_12;pääministeri;2
1328;109/2020;2020_109_12;saimme;1
1328;109/2020;2020_109_12;sanoitte;2
1328;109/2020;2020_109_12;se;2
1328;109/2020;2020_109_12;selkeän;1
1328;109/2020;2020_109_12;selvittänyt;1
1328;109/2020;2020_109_12;sen;1
1328;109/2020;2020_109_12;seuraa;1
1328;109/2020;2020_109_12;siirtymässä;1
1328;109/2020;2020_109_12;siitä;1
1328;109/2020;2020_109_12;silloin;2
1328;109/2020;2020_109_12;sitä;1
1328;109/2020;2020_109_12;sopimuksella;1
1328;109/2020;2020_109_12;sopimuksen;1
1328;109/2020;2020_109_12;sopimuksia;1
1328;109/2020;2020_109_12;sovittu;2
1328;109/2020;2020_109_12;summista;1
1328;109/2020;2020_109_12;suomen;2
1328;109/2020;2020_109_12;suomi;2
1328;109/2020;2020_109_12;tai;1
1328;109/2020;2020_109_12;takaa;2
1328;109/2020;2020_109_12;talman;1
1328;109/2020;2020_109_12;talous;1
1328;109/2020;2020_109_12;tarkkarajaisuudesta;1
1328;109/2020;2020_109_12;teiltä;1
1328;109/2020;2020_109_12;tietävän;1
1328;109/2020;2020_109_12;todellakaan;1
1328;109/2020;2020_109_12;toissijaisesti;1
1328;109/2020;2020_109_12;tuhoon;1
1328;109/2020;2020_109_12;tulee;1
1328;109/2020;2020_109_12;turha;1
1328;109/2020;2020_109_12;tähän;1
1328;109/2020;2020_109_12;tällä;1
1328;109/2020;2020_109_12;tämä;2
1328;109/2020;2020_109_12;tänä;1
1328;109/2020;2020_109_12;tässä;2
1328;109/2020;2020_109_12;tästä;1
1328;109/2020;2020_109_12;tätä;1
1328;109/2020;2020_109_12;unionin;1
1328;109/2020;2020_109_12;uutta;1
1328;109/2020;2020_109_12;vakuus;1
1328;109/2020;2020_109_12;valmiiksi;1
1328;109/2020;2020_109_12;valtio;1
1328;109/2020;2020_109_12;varma;1
1328;109/2020;2020_109_12;vasta;1
1328;109/2020;2020_109_12;vastaa;1
1328;109/2020;2020_109_12;vastaavat;1
1328;109/2020;2020_109_12;vastuusta;1
1328;109/2020;2020_109_12;vastuut;1
1328;109/2020;2020_109_12;vei;1
1328;109/2020;2020_109_12;velat;1
1328;109/2020;2020_109_12;velkansa;1
1328;109/2020;2020_109_12;velkapaketiksi;1
1328;109/2020;2020_109_12;veloistaan;1
1328;109/2020;2020_109_12;viemässä;1
1328;109/2020;2020_109_12;voi;1
1328;109/2020;2020_109_12;voimassa;1
1328;109/2020;2020_109_12;vuodessa;2
1328;109/2020;2020_109_12;vuonna;1
1328;109/2020;2020_109_12;vuotta;2
1328;109/2020;2020_109_12;väittää;1
1328;109/2020;2020_109_12;yhden;1
1328;109/2020;2020_109_12;yhteisiä;1
1328;109/2020;2020_109_12;yhteisvastuu;1
1328;109/2020;2020_109_12;yhteisvastuullisia;1
1328;109/2020;2020_109_12;yli;1
1328;109/2020;2020_109_12;ärade;1
1328;109/2022;2022_109_152;aasian;2
1328;109/2022;2022_109_152;aikaan;2
1328;109/2022;2022_109_152;aikana;1
1328;109/2022;2022_109_152;ainoa;1
1328;109/2022;2022_109_152;annetaan;2
1328;109/2022;2022_109_152;arvioida;1
1328;109/2022;2022_109_152;arvoisa;5
1328;109/2022;2022_109_152;asia;1
1328;109/2022;2022_109_152;asioihin;1
1328;109/2022;2022_109_152;edelleen;1
1328;109/2022;2022_109_152;edelläkävijöitä;1
1328;109/2022;2022_109_152;edistämme;1
1328;109/2022;2022_109_152;eduksi;1
1328;109/2022;2022_109_152;eduskuntana;1
1328;109/2022;2022_109_152;ehdotus;1
1328;109/2022;2022_109_152;ehkä;1
1328;109/2022;2022_109_152;ei;5
1328;109/2022;2022_109_152;eikä;2
1328;109/2022;2022_109_152;eivät;1
1328;109/2022;2022_109_152;eli;2
1328;109/2022;2022_109_152;ellei;1
1328;109/2022;2022_109_152;elämme;1
1328;109/2022;2022_109_152;emme;1
1328;109/2022;2022_109_152;enemmän;2
1328;109/2022;2022_109_152;energiaan;1
1328;109/2022;2022_109_152;energiakriisiin;1
1328;109/2022;2022_109_152;energian;2
1328;109/2022;2022_109_152;energiapolitiikkaa;1
1328;109/2022;2022_109_152;energiasta;2
1328;109/2022;2022_109_152;eniten;1
1328;109/2022;2022_109_152;ennakointia;1
1328;109/2022;2022_109_152;ennakoitavat;1
1328;109/2022;2022_109_152;ensiarvoisen;1
1328;109/2022;2022_109_152;eroon;2
1328;109/2022;2022_109_152;esimerkkinä;1
1328;109/2022;2022_109_152;että;6
1328;109/2022;2022_109_152;etujen;1
1328;109/2022;2022_109_152;eun;3
1328;109/2022;2022_109_152;euron;1
1328;109/2022;2022_109_152;euroopan;1
1328;109/2022;2022_109_152;eussa;1
1328;109/2022;2022_109_152;fossiilipohjaisesta;1
1328;109/2022;2022_109_152;fossiiliseen;1
1328;109/2022;2022_109_152;fossiilisen;1
1328;109/2022;2022_109_152;fossiilisista;1
1328;109/2022;2022_109_152;haluttuun;1
1328;109/2022;2022_109_152;heikosti;1
1328;109/2022;2022_109_152;hetken;1
1328;109/2022;2022_109_152;hinnalla;1
1328;109/2022;2022_109_152;hinnan;1
1328;109/2022;2022_109_152;hinta;1
1328;109/2022;2022_109_152;hintoja;1
1328;109/2022;2022_109_152;hoidettu;1
1328;109/2022;2022_109_152;hosua;1
1328;109/2022;2022_109_152;huolehdimme;1
1328;109/2022;2022_109_152;huolehtia;1
1328;109/2022;2022_109_152;huolehtimalla;1
1328;109/2022;2022_109_152;huolissaan;1
1328;109/2022;2022_109_152;huomioida;1
1328;109/2022;2022_109_152;huomioon;1
1328;109/2022;2022_109_152;hyvä;1
1328;109/2022;2022_109_152;hyvänsä;1
1328;109/2022;2022_109_152;hyvänä;1
1328;109/2022;2022_109_152;ideologioidemme;1
1328;109/2022;2022_109_152;ilmasto;1
1328;109/2022;2022_109_152;ilmastokeskustelulle;1
1328;109/2022;2022_109_152;ilmastopolitiikka;2
1328;109/2022;2022_109_152;ilmastotavoitteella;1
1328;109/2022;2022_109_152;ilmastotavoitteet;1
1328;109/2022;2022_109_152;ilmastotavoitteiden;1
1328;109/2022;2022_109_152;ilmastotavoitteita;1
1328;109/2022;2022_109_152;intressiemme;1
1328;109/2022;2022_109_152;investoida;1
1328;109/2022;2022_109_152;investointeihin;1
1328;109/2022;2022_109_152;investointien;1
1328;109/2022;2022_109_152;itse;1
1328;109/2022;2022_109_152;ja;25
1328;109/2022;2022_109_152;jatkaa;1
1328;109/2022;2022_109_152;jo;1
1328;109/2022;2022_109_152;jos;1
1328;109/2022;2022_109_152;jotka;2
1328;109/2022;2022_109_152;jälkikäteen;1
1328;109/2022;2022_109_152;jämäkästi;1
1328;109/2022;2022_109_152;kahdeksan;1
1328;109/2022;2022_109_152;kaikissa;1
1328;109/2022;2022_109_152;kaikkia;1
1328;109/2022;2022_109_152;kaivataan;1
1328;109/2022;2022_109_152;kannalta;2
1328;109/2022;2022_109_152;kannattavaa;1
1328;109/2022;2022_109_152;kannustaa;1
1328;109/2022;2022_109_152;kansainvälistä;1
1328;109/2022;2022_109_152;kansalainen;1
1328;109/2022;2022_109_152;kansalaisten;1
1328;109/2022;2022_109_152;kansallinen;1
1328;109/2022;2022_109_152;kanssa;1
1328;109/2022;2022_109_152;karanneet;1
1328;109/2022;2022_109_152;kasvaa;1
1328;109/2022;2022_109_152;kasvua;2
1328;109/2022;2022_109_152;kautta;1
1328;109/2022;2022_109_152;kehittyvät;1
1328;109/2022;2022_109_152;kerrotaan;1
1328;109/2022;2022_109_152;keskeinen;1
1328;109/2022;2022_109_152;keski-euroopan;1
1328;109/2022;2022_109_152;kestävä;2
1328;109/2022;2022_109_152;kestävää;1
1328;109/2022;2022_109_152;kiihtyvästi;1
1328;109/2022;2022_109_152;kiina;1
1328;109/2022;2022_109_152;kiitos;1
1328;109/2022;2022_109_152;kilpailua;2
1328;109/2022;2022_109_152;kilpailuamme;1
1328;109/2022;2022_109_152;kiristämällä;1
1328;109/2022;2022_109_152;kivihiilellä;1
1328;109/2022;2022_109_152;koko;2
1328;109/2022;2022_109_152;kokonaisuuden;1
1328;109/2022;2022_109_152;kolmanneksi;1
1328;109/2022;2022_109_152;komissio;1
1328;109/2022;2022_109_152;komission;1
1328;109/2022;2022_109_152;koonnut;1
1328;109/2022;2022_109_152;korkealla;1
1328;109/2022;2022_109_152;korkean;1
1328;109/2022;2022_109_152;koskevassa;1
1328;109/2022;2022_109_152;kotitalouden;1
1328;109/2022;2022_109_152;kuin;1
1328;109/2022;2022_109_152;kuinka;1
1328;109/2022;2022_109_152;kuitenkin;1
1328;109/2022;2022_109_152;kuluttajille;1
1328;109/2022;2022_109_152;kun;7
1328;109/2022;2022_109_152;kunnianhimoiset;1
1328;109/2022;2022_109_152;kunnossa;1
1328;109/2022;2022_109_152;kuoliaaksi;1
1328;109/2022;2022_109_152;kuoriämpäriä;1
1328;109/2022;2022_109_152;kuten;2
1328;109/2022;2022_109_152;kyllä;3
1328;109/2022;2022_109_152;kysymykset;1
1328;109/2022;2022_109_152;käsistä;1
1328;109/2022;2022_109_152;käynnistyy;1
1328;109/2022;2022_109_152;käyttöä;1
1328;109/2022;2022_109_152;käytössä;1
1328;109/2022;2022_109_152;lasketaan;1
1328;109/2022;2022_109_152;liian;3
1328;109/2022;2022_109_152;liiketoiminnan;1
1328;109/2022;2022_109_152;lopputulokseen;1
1328;109/2022;2022_109_152;luoda;1
1328;109/2022;2022_109_152;luomme;1
1328;109/2022;2022_109_152;luovat;1
1328;109/2022;2022_109_152;löytyy;1
1328;109/2022;2022_109_152;maa;1
1328;109/2022;2022_109_152;maailmaa;1
1328;109/2022;2022_109_152;maailman;2
1328;109/2022;2022_109_152;maailmassa;1
1328;109/2022;2022_109_152;maakaasulla;1
1328;109/2022;2022_109_152;maat;2
1328;109/2022;2022_109_152;maksaa;1
1328;109/2022;2022_109_152;maksamme;1
1328;109/2022;2022_109_152;markkinat;1
1328;109/2022;2022_109_152;markkinoiden;1
1328;109/2022;2022_109_152;me;2
1328;109/2022;2022_109_152;meidän;5
1328;109/2022;2022_109_152;meillä;2
1328;109/2022;2022_109_152;meitä;2
1328;109/2022;2022_109_152;merkittävien;1
1328;109/2022;2022_109_152;merkittäviä;1
1328;109/2022;2022_109_152;metsistä;1
1328;109/2022;2022_109_152;metsät;3
1328;109/2022;2022_109_152;metsäteollisuutemme;1
1328;109/2022;2022_109_152;mielekästä;1
1328;109/2022;2022_109_152;mielellään;1
1328;109/2022;2022_109_152;mikään;1
1328;109/2022;2022_109_152;miljardin;1
1328;109/2022;2022_109_152;millä;1
1328;109/2022;2022_109_152;missä;1
1328;109/2022;2022_109_152;miten;1
1328;109/2022;2022_109_152;mitkä;1
1328;109/2022;2022_109_152;mittakaavat;1
1328;109/2022;2022_109_152;mitään;1
1328;109/2022;2022_109_152;monen;1
1328;109/2022;2022_109_152;muistaa;1
1328;109/2022;2022_109_152;mukaan;1
1328;109/2022;2022_109_152;mutta;5
1328;109/2022;2022_109_152;muualla;1
1328;109/2022;2022_109_152;muut;1
1328;109/2022;2022_109_152;muutokset;1
1328;109/2022;2022_109_152;muuttuviin;1
1328;109/2022;2022_109_152;muutu;1
1328;109/2022;2022_109_152;myöhässä;1
1328;109/2022;2022_109_152;myös;5
1328;109/2022;2022_109_152;neuvovat;1
1328;109/2022;2022_109_152;niille;1
1328;109/2022;2022_109_152;niin;1
1328;109/2022;2022_109_152;nopeasti;2
1328;109/2022;2022_109_152;nousevissa;1
1328;109/2022;2022_109_152;nykyistä;1
1328;109/2022;2022_109_152;nykytilan;1
1328;109/2022;2022_109_152;nyt;6
1328;109/2022;2022_109_152;näihin;1
1328;109/2022;2022_109_152;näistä;1
1328;109/2022;2022_109_152;näkemys;1
1328;109/2022;2022_109_152;näkyy;1
1328;109/2022;2022_109_152;nämä;1
1328;109/2022;2022_109_152;oikeassa;1
1328;109/2022;2022_109_152;olemme;3
1328;109/2022;2022_109_152;olennaista;1
1328;109/2022;2022_109_152;olisi;2
1328;109/2022;2022_109_152;olisimme;1
1328;109/2022;2022_109_152;olla;1
1328;109/2022;2022_109_152;ollut;1
1328;109/2022;2022_109_152;olosuhteissa;1
1328;109/2022;2022_109_152;olosuhteita;1
1328;109/2022;2022_109_152;omaisuus;1
1328;109/2022;2022_109_152;omaksi;1
1328;109/2022;2022_109_152;omavaraisia;1
1328;109/2022;2022_109_152;omavaraisuudesta;1
1328;109/2022;2022_109_152;omien;2
1328;109/2022;2022_109_152;on;17
1328;109/2022;2022_109_152;ongelmassa;1
1328;109/2022;2022_109_152;ongelmat;1
1328;109/2022;2022_109_152;onnistuneesti;1
1328;109/2022;2022_109_152;osaavat;1
1328;109/2022;2022_109_152;otetaan;1
1328;109/2022;2022_109_152;ovat;7
1328;109/2022;2022_109_152;pahasti;1
1328;109/2022;2022_109_152;panostamalla;1
1328;109/2022;2022_109_152;paremmin;2
1328;109/2022;2022_109_152;pelata;1
1328;109/2022;2022_109_152;pidä;2
1328;109/2022;2022_109_152;pidän;1
1328;109/2022;2022_109_152;pitäisi;2
1328;109/2022;2022_109_152;pitämään;1
1328;109/2022;2022_109_152;pitäneet;1
1328;109/2022;2022_109_152;pitää;2
1328;109/2022;2022_109_152;promilleissa;1
1328;109/2022;2022_109_152;prosenttia;2
1328;109/2022;2022_109_152;puhemies;5
1328;109/2022;2022_109_152;puoliamme;2
1328;109/2022;2022_109_152;puolustamista;1
1328;109/2022;2022_109_152;puuttuvat;1
1328;109/2022;2022_109_152;pyritään;1
1328;109/2022;2022_109_152;pyrkiä;1
1328;109/2022;2022_109_152;pystytä;1
1328;109/2022;2022_109_152;pystyä;4
1328;109/2022;2022_109_152;päivää;1
1328;109/2022;2022_109_152;pääse;1
1328;109/2022;2022_109_152;päästä;1
1328;109/2022;2022_109_152;päästöistä;1
1328;109/2022;2022_109_152;päästöjään;1
1328;109/2022;2022_109_152;päästökauppaan;1
1328;109/2022;2022_109_152;päästöt;2
1328;109/2022;2022_109_152;päätöksentekoon;1
1328;109/2022;2022_109_152;päätöksiä;2
1328;109/2022;2022_109_152;rakennetaan;1
1328;109/2022;2022_109_152;ratkaisuja;1
1328;109/2022;2022_109_152;reagoimaan;1
1328;109/2022;2022_109_152;riittävän;1
1328;109/2022;2022_109_152;ruoan;1
1328;109/2022;2022_109_152;saada;1
1328;109/2022;2022_109_152;saavat;1
1328;109/2022;2022_109_152;sademetsien;1
1328;109/2022;2022_109_152;saksa;2
1328;109/2022;2022_109_152;saksan;1
1328;109/2022;2022_109_152;salissa;2
1328;109/2022;2022_109_152;samaan;2
1328;109/2022;2022_109_152;samalla;1
1328;109/2022;2022_109_152;se;4
1328;109/2022;2022_109_152;sekä;1
1328;109/2022;2022_109_152;selkeät;1
1328;109/2022;2022_109_152;sen;3
1328;109/2022;2022_109_152;siihen;1
1328;109/2022;2022_109_152;siirto;1
1328;109/2022;2022_109_152;siirtymässä;1
1328;109/2022;2022_109_152;siirtymää;1
1328;109/2022;2022_109_152;siitä;1
1328;109/2022;2022_109_152;silloinkaan;1
1328;109/2022;2022_109_152;sitten;1
1328;109/2022;2022_109_152;suhteessa;1
1328;109/2022;2022_109_152;suojelemassa;1
1328;109/2022;2022_109_152;suojelevat;1
1328;109/2022;2022_109_152;suomalaisen;1
1328;109/2022;2022_109_152;suomalaiset;1
1328;109/2022;2022_109_152;suomelle;1
1328;109/2022;2022_109_152;suomen;6
1328;109/2022;2022_109_152;suomessa;1
1328;109/2022;2022_109_152;suomi;1
1328;109/2022;2022_109_152;suurimmat;1
1328;109/2022;2022_109_152;suurin;1
1328;109/2022;2022_109_152;syyllinen;1
1328;109/2022;2022_109_152;syytä;1
1328;109/2022;2022_109_152;sähkölaskut;1
1328;109/2022;2022_109_152;sähkön;4
1328;109/2022;2022_109_152;sähköntuotannon;1
1328;109/2022;2022_109_152;sähkössä;1
1328;109/2022;2022_109_152;sähköverkot;1
1328;109/2022;2022_109_152;sähköä;1
1328;109/2022;2022_109_152;säädöshankkeissa;1
1328;109/2022;2022_109_152;säännöt;1
1328;109/2022;2022_109_152;tai;1
1328;109/2022;2022_109_152;takia;1
1328;109/2022;2022_109_152;talman;5
1328;109/2022;2022_109_152;talouksissa;1
1328;109/2022;2022_109_152;talous;1
1328;109/2022;2022_109_152;talouskasvuaan;1
1328;109/2022;2022_109_152;tapahtuvat;1
1328;109/2022;2022_109_152;tappioksemme;1
1328;109/2022;2022_109_152;tarpeeksi;1
1328;109/2022;2022_109_152;tarpeet;1
1328;109/2022;2022_109_152;tarvitaan;1
1328;109/2022;2022_109_152;tasaisesti;1
1328;109/2022;2022_109_152;tasolla;1
1328;109/2022;2022_109_152;tavoite;1
1328;109/2022;2022_109_152;tavoitteille;1
1328;109/2022;2022_109_152;teemme;1
1328;109/2022;2022_109_152;tehdä;1
1328;109/2022;2022_109_152;tehdään;1
1328;109/2022;2022_109_152;tehneet;1
1328;109/2022;2022_109_152;tehtävämme;1
1328;109/2022;2022_109_152;tilanne;1
1328;109/2022;2022_109_152;tilanteisiin;1
1328;109/2022;2022_109_152;tiukalla;1
1328;109/2022;2022_109_152;toimia;1
1328;109/2022;2022_109_152;toimintaympäristöä;1
1328;109/2022;2022_109_152;toimitaan;1
1328;109/2022;2022_109_152;toimivat;1
1328;109/2022;2022_109_152;toisin;1
1328;109/2022;2022_109_152;tuhoamisessa;1
1328;109/2022;2022_109_152;tukipaketin;1
1328;109/2022;2022_109_152;tulee;3
1328;109/2022;2022_109_152;tulevaisuuden;1
1328;109/2022;2022_109_152;tulevaisuudessa;1
1328;109/2022;2022_109_152;tulevaisuus;1
1328;109/2022;2022_109_152;tulppaaneista;1
1328;109/2022;2022_109_152;tuottamaan;1
1328;109/2022;2022_109_152;turvaavat;1
1328;109/2022;2022_109_152;turvata;1
1328;109/2022;2022_109_152;tutkimuksen;1
1328;109/2022;2022_109_152;tuulivoimaa;1
1328;109/2022;2022_109_152;työllisyys;1
1328;109/2022;2022_109_152;tämän;1
1328;109/2022;2022_109_152;tärkein;1
1328;109/2022;2022_109_152;tärkeissäkin;1
1328;109/2022;2022_109_152;tärkeä;1
1328;109/2022;2022_109_152;tärkeänä;1
1328;109/2022;2022_109_152;tärkeää;3
1328;109/2022;2022_109_152;tässä;2
1328;109/2022;2022_109_152;tästä;1
1328;109/2022;2022_109_152;tätä;1
1328;109/2022;2022_109_152;täytyy;2
1328;109/2022;2022_109_152;unionin;1
1328;109/2022;2022_109_152;usein;2
1328;109/2022;2022_109_152;vaalilupauksien;1
1328;109/2022;2022_109_152;vahvaa;1
1328;109/2022;2022_109_152;vahvistaa;1
1328;109/2022;2022_109_152;vaikuttamaan;2
1328;109/2022;2022_109_152;vaikutusvalta;1
1328;109/2022;2022_109_152;valitettavan;1
1328;109/2022;2022_109_152;valmistelu;1
1328;109/2022;2022_109_152;valtio;1
1328;109/2022;2022_109_152;valtioita;1
1328;109/2022;2022_109_152;varastointi;1
1328;109/2022;2022_109_152;varmistaminen;1
1328;109/2022;2022_109_152;vasta;1
1328;109/2022;2022_109_152;venäjä;1
1328;109/2022;2022_109_152;vie;1
1328;109/2022;2022_109_152;vihersokea;1
1328;109/2022;2022_109_152;vihreässä;1
1328;109/2022;2022_109_152;vihreää;1
1328;109/2022;2022_109_152;viimeisen;1
1328;109/2022;2022_109_152;vuoden;1
1328;109/2022;2022_109_152;vuoksi;1
1328;109/2022;2022_109_152;vuotta;1
1328;109/2022;2022_109_152;vähentänyt;1
1328;109/2022;2022_109_152;vääristämme;1
1328;109/2022;2022_109_152;vääristävät;1
1328;109/2022;2022_109_152;vääristää;1
1328;109/2022;2022_109_152;ydinvoimaa;1
1328;109/2022;2022_109_152;yhteensä;1
1328;109/2022;2022_109_152;yhteiskunnalle;1
1328;109/2022;2022_109_152;yhteiskuntamme;1
1328;109/2022;2022_109_152;yhteistyötä;1
1328;109/2022;2022_109_152;yksityinen;1
1328;109/2022;2022_109_152;ymmärrä;1
1328;109/2022;2022_109_152;ympäristökeskustelun;1
1328;109/2022;2022_109_152;ympäristöstä;1
1328;109/2022;2022_109_152;yrittäminen;1
1328;109/2022;2022_109_152;yrityksen;1
1328;109/2022;2022_109_152;yritykset;4
1328;109/2022;2022_109_152;yrityksille;1
1328;109/2022;2022_109_152;yritysten;2
1328;109/2022;2022_109_152;yritystensä;1
1328;109/2022;2022_109_152;ärade;5
1328;109/2022;2022_109_152;äärimmäisen;1
1328;109/2022;2022_109_152;öljyllä;1
1328;109/2022;2022_109_31;arvoisa;1
1328;109/2022;2022_109_31;elintarviketeollisuudessa;1
1328;109/2022;2022_109_31;ennallistetaan;1
1328;109/2022;2022_109_31;esimerkiksi;1
1328;109/2022;2022_109_31;huoltovarmuuteen;1
1328;109/2022;2022_109_31;hyväksymässä;1
1328;109/2022;2022_109_31;ja;4
1328;109/2022;2022_109_31;joiden;1
1328;109/2022;2022_109_31;katastrofi;1
1328;109/2022;2022_109_31;kemi;1
1328;109/2022;2022_109_31;kokonaisturvallisuuden;1
1328;109/2022;2022_109_31;kun;3
1328;109/2022;2022_109_31;kurviselle;1
1328;109/2022;2022_109_31;kuten;1
1328;109/2022;2022_109_31;kysymys;1
1328;109/2022;2022_109_31;maatalousministerinä;1
1328;109/2022;2022_109_31;meillä;3
1328;109/2022;2022_109_31;metsänomistaja;1
1328;109/2022;2022_109_31;metsät;1
1328;109/2022;2022_109_31;metsäteollisuusinvestointia;1
1328;109/2022;2022_109_31;ministeri;1
1328;109/2022;2022_109_31;miten;1
1328;109/2022;2022_109_31;monta;1
1328;109/2022;2022_109_31;mukana;1
1328;109/2022;2022_109_31;myös;1
1328;109/2022;2022_109_31;nyt;1
1328;109/2022;2022_109_31;olla;1
1328;109/2022;2022_109_31;omaisuuden;1
1328;109/2022;2022_109_31;on;2
1328;109/2022;2022_109_31;pellot;1
1328;109/2022;2022_109_31;prosenttia;1
1328;109/2022;2022_109_31;puhemies;1
1328;109/2022;2022_109_31;satojatuhansia;1
1328;109/2022;2022_109_31;satojentuhansien;1
1328;109/2022;2022_109_31;seuraa;1
1328;109/2022;2022_109_31;siitä;1
1328;109/2022;2022_109_31;sukupolvien;1
1328;109/2022;2022_109_31;suojellaan;2
1328;109/2022;2022_109_31;suomalaisten;2
1328;109/2022;2022_109_31;talman;1
1328;109/2022;2022_109_31;te;1
1328;109/2022;2022_109_31;tulee;1
1328;109/2022;2022_109_31;turvepellot;1
1328;109/2022;2022_109_31;työntekijää;1
1328;109/2022;2022_109_31;työpaikat;2
1328;109/2022;2022_109_31;tämä;1
1328;109/2022;2022_109_31;tämän;1
1328;109/2022;2022_109_31;uutta;1
1328;109/2022;2022_109_31;vaarannatte;1
1328;109/2022;2022_109_31;vaarantuu;1
1328;109/2022;2022_109_31;vaarantuvat;1
1328;109/2022;2022_109_31;vaikuttaa;1
1328;109/2022;2022_109_31;voitte;1
1328;109/2022;2022_109_31;ärade;1
1328;11/2021;2021_11_105;-vuotiaiden;1
1328;11/2021;2021_11_105;aikataululla;1
1328;11/2021;2021_11_105;aikataulun;1
1328;11/2021;2021_11_105;arvoisa;1
1328;11/2021;2021_11_105;astrazeneca-rokotetta;1
1328;11/2021;2021_11_105;eikö;1
1328;11/2021;2021_11_105;eivät;1
1328;11/2021;2021_11_105;eulta;1
1328;11/2021;2021_11_105;ilmoittaneet;1
1328;11/2021;2021_11_105;ilmoittanut;2
1328;11/2021;2021_11_105;itävalta;1
1328;11/2021;2021_11_105;ja;2
1328;11/2021;2021_11_105;jakaa;1
1328;11/2021;2021_11_105;jotka;1
1328;11/2021;2021_11_105;kaikki;1
1328;11/2021;2021_11_105;kestää;1
1328;11/2021;2021_11_105;kesäkuun;1
1328;11/2021;2021_11_105;koska;2
1328;11/2021;2021_11_105;käy;1
1328;11/2021;2021_11_105;loppuun;1
1328;11/2021;2021_11_105;mennessä;1
1328;11/2021;2021_11_105;mikä;1
1328;11/2021;2021_11_105;miljoona;1
1328;11/2021;2021_11_105;miten;1
1328;11/2021;2021_11_105;moderna-rokotetta;1
1328;11/2021;2021_11_105;monta;1
1328;11/2021;2021_11_105;nämä;1
1328;11/2021;2021_11_105;on;3
1328;11/2021;2021_11_105;onko;1
1328;11/2021;2021_11_105;ovat;1
1328;11/2021;2021_11_105;pfizer-biontech-rokotteita;1
1328;11/2021;2021_11_105;pitänyt;1
1328;11/2021;2021_11_105;puhemies;1
1328;11/2021;2021_11_105;rokottaminen;1
1328;11/2021;2021_11_105;rokottavansa;1
1328;11/2021;2021_11_105;rokotteet;1
1328;11/2021;2021_11_105;rokotteita;1
1328;11/2021;2021_11_105;rokotusaikataulu;1
1328;11/2021;2021_11_105;ruotsi;1
1328;11/2021;2021_11_105;saa;1
1328;11/2021;2021_11_105;saamassa;1
1328;11/2021;2021_11_105;saamme;1
1328;11/2021;2021_11_105;saavansa;2
1328;11/2021;2021_11_105;suomen;2
1328;11/2021;2021_11_105;suomi;1
1328;11/2021;2021_11_105;talman;1
1328;11/2021;2021_11_105;tanska;2
1328;11/2021;2021_11_105;tasaisesti;1
1328;11/2021;2021_11_105;tietää;1
1328;11/2021;2021_11_105;tällä;1
1328;11/2021;2021_11_105;tämä;1
1328;11/2021;2021_11_105;vuotta;1
1328;11/2021;2021_11_105;ylimääräisiä;1
1328;11/2021;2021_11_105;ylimääräistä;1
1328;11/2021;2021_11_105;ärade;1
1328;11/2022;2022_11_7;aikoina;1
1328;11/2022;2022_11_7;ainoa;1
1328;11/2022;2022_11_7;ajan;1
1328;11/2022;2022_11_7;ajetaan;1
1328;11/2022;2022_11_7;alas;1
1328;11/2022;2022_11_7;arvoisa;1
1328;11/2022;2022_11_7;avulla;1
1328;11/2022;2022_11_7;ei;3
1328;11/2022;2022_11_7;eläinten;1
1328;11/2022;2022_11_7;enempää;1
1328;11/2022;2022_11_7;enää;4
1328;11/2022;2022_11_7;euhun;1
1328;11/2022;2022_11_7;hinnat;1
1328;11/2022;2022_11_7;ja;4
1328;11/2022;2022_11_7;joista;1
1328;11/2022;2022_11_7;joka;1
1328;11/2022;2022_11_7;jos;1
1328;11/2022;2022_11_7;joskus;1
1328;11/2022;2022_11_7;kannalta;1
1328;11/2022;2022_11_7;kannata;1
1328;11/2022;2022_11_7;kertaa;1
1328;11/2022;2022_11_7;koko;1
1328;11/2022;2022_11_7;korostaa;1
1328;11/2022;2022_11_7;koska;1
1328;11/2022;2022_11_7;kriisin;1
1328;11/2022;2022_11_7;kriisitietoisuutta;1
1328;11/2022;2022_11_7;kuinka;1
1328;11/2022;2022_11_7;kun;2
1328;11/2022;2022_11_7;kysymys;1
1328;11/2022;2022_11_7;laeista;1
1328;11/2022;2022_11_7;lainsäädännön;1
1328;11/2022;2022_11_7;leppä;1
1328;11/2022;2022_11_7;liittyi;1
1328;11/2022;2022_11_7;lopettaa;1
1328;11/2022;2022_11_7;luvannut;1
1328;11/2022;2022_11_7;maataloudessa;1
1328;11/2022;2022_11_7;maatalousyrittäjän;1
1328;11/2022;2022_11_7;maatilaa;1
1328;11/2022;2022_11_7;maatiloja;1
1328;11/2022;2022_11_7;mahdoton;1
1328;11/2022;2022_11_7;maitotila;1
1328;11/2022;2022_11_7;meidän;1
1328;11/2022;2022_11_7;meillä;1
1328;11/2022;2022_11_7;mieltä;1
1328;11/2022;2022_11_7;ministeri;1
1328;11/2022;2022_11_7;mistä;1
1328;11/2022;2022_11_7;mitä;1
1328;11/2022;2022_11_7;monta;1
1328;11/2022;2022_11_7;ne;1
1328;11/2022;2022_11_7;niitä;2
1328;11/2022;2022_11_7;nousevat;1
1328;11/2022;2022_11_7;näillä;1
1328;11/2022;2022_11_7;näinä;1
1328;11/2022;2022_11_7;näitäkään;1
1328;11/2022;2022_11_7;ole;1
1328;11/2022;2022_11_7;olen;1
1328;11/2022;2022_11_7;olette;1
1328;11/2022;2022_11_7;oli;1
1328;11/2022;2022_11_7;omavaraisuusaste;1
1328;11/2022;2022_11_7;on;5
1328;11/2022;2022_11_7;osa;1
1328;11/2022;2022_11_7;paljon;1
1328;11/2022;2022_11_7;pitää;1
1328;11/2022;2022_11_7;puhemies;1
1328;11/2022;2022_11_7;puuttua;1
1328;11/2022;2022_11_7;päivä;1
1328;11/2022;2022_11_7;rehuviljaa;1
1328;11/2022;2022_11_7;riittävä;1
1328;11/2022;2022_11_7;ruoantuotantomme;1
1328;11/2022;2022_11_7;samaa;1
1328;11/2022;2022_11_7;siksi;1
1328;11/2022;2022_11_7;suomessa;1
1328;11/2022;2022_11_7;suomi;1
1328;11/2022;2022_11_7;suurin;1
1328;11/2022;2022_11_7;talman;1
1328;11/2022;2022_11_7;tarvitse;1
1328;11/2022;2022_11_7;tavoitellaan;1
1328;11/2022;2022_11_7;tilanne;1
1328;11/2022;2022_11_7;todettu;1
1328;11/2022;2022_11_7;toimintansa;1
1328;11/2022;2022_11_7;toivottavasti;1
1328;11/2022;2022_11_7;tulevat;1
1328;11/2022;2022_11_7;turvata;1
1328;11/2022;2022_11_7;tähän;1
1328;11/2022;2022_11_7;täysin;1
1328;11/2022;2022_11_7;täällä;1
1328;11/2022;2022_11_7;viljelee;1
1328;11/2022;2022_11_7;voimaan;1
1328;11/2022;2022_11_7;voitteko;1
1328;11/2022;2022_11_7;vuoksi;1
1328;11/2022;2022_11_7;yksi;1
1328;11/2022;2022_11_7;yksilöidä;1
1328;11/2022;2022_11_7;yrittäminen;1
1328;11/2022;2022_11_7;ärade;1
1328;110/2020;2020_110_63;arvoisa;1
1328;110/2020;2020_110_63;asialle;1
1328;110/2020;2020_110_63;eivät;1
1328;110/2020;2020_110_63;että;1
1328;110/2020;2020_110_63;hallitus;1
1328;110/2020;2020_110_63;hengissä;1
1328;110/2020;2020_110_63;henkilöä;2
1328;110/2020;2020_110_63;hävinnyt;1
1328;110/2020;2020_110_63;ja;2
1328;110/2020;2020_110_63;jotain;1
1328;110/2020;2020_110_63;kielsi;1
1328;110/2020;2020_110_63;kun;1
1328;110/2020;2020_110_63;kuollut;1
1328;110/2020;2020_110_63;kysynkin;1
1328;110/2020;2020_110_63;liikevaihto;1
1328;110/2020;2020_110_63;lintilä;1
1328;110/2020;2020_110_63;meinaatteko;1
1328;110/2020;2020_110_63;miljardia;1
1328;110/2020;2020_110_63;ministeri;1
1328;110/2020;2020_110_63;ne;1
1328;110/2020;2020_110_63;nyt;1
1328;110/2020;2020_110_63;on;3
1328;110/2020;2020_110_63;prosenttia;1
1328;110/2020;2020_110_63;puhemies;1
1328;110/2020;2020_110_63;siihen;1
1328;110/2020;2020_110_63;siitä;1
1328;110/2020;2020_110_63;sulki;1
1328;110/2020;2020_110_63;säilyisi;1
1328;110/2020;2020_110_63;tapahtumat;1
1328;110/2020;2020_110_63;tapahtumateollisuuden;1
1328;110/2020;2020_110_63;tapahtumateollisuus;3
1328;110/2020;2020_110_63;tapahtumissa;1
1328;110/2020;2020_110_63;tehdä;1
1328;110/2020;2020_110_63;teiltä;1
1328;110/2020;2020_110_63;tukitoimet;1
1328;110/2020;2020_110_63;työllistää;1
1328;110/2020;2020_110_63;tälle;1
1328;110/2020;2020_110_63;tämänhetkiset;1
1328;110/2020;2020_110_63;vuodessa;1
1328;110/2020;2020_110_63;yllä;1
1328;111/2021;2021_111_113;arvioi;1
1328;111/2021;2021_111_113;arvoisa;1
1328;111/2021;2021_111_113;asiakasta;1
1328;111/2021;2021_111_113;asialle;1
1328;111/2021;2021_111_113;asti;1
1328;111/2021;2021_111_113;auta;1
1328;111/2021;2021_111_113;desimaalit;2
1328;111/2021;2021_111_113;ei;6
1328;111/2021;2021_111_113;eivät;1
1328;111/2021;2021_111_113;enää;1
1328;111/2021;2021_111_113;epäkohtiin;1
1328;111/2021;2021_111_113;että;2
1328;111/2021;2021_111_113;hallitus;2
1328;111/2021;2021_111_113;heitä;1
1328;111/2021;2021_111_113;helppoa;1
1328;111/2021;2021_111_113;henkilöä;1
1328;111/2021;2021_111_113;hoitajaa;1
1328;111/2021;2021_111_113;hoitajamitoituksen;2
1328;111/2021;2021_111_113;hoitajia;2
1328;111/2021;2021_111_113;hoitotyötä;1
1328;111/2021;2021_111_113;hoivakodeissa;1
1328;111/2021;2021_111_113;hoivakoteihin;1
1328;111/2021;2021_111_113;hoivakoteja;1
1328;111/2021;2021_111_113;hoivassa;1
1328;111/2021;2021_111_113;huhtikuussa;1
1328;111/2021;2021_111_113;ja;2
1328;111/2021;2021_111_113;jatkua;1
1328;111/2021;2021_111_113;jo;1
1328;111/2021;2021_111_113;joitakin;1
1328;111/2021;2021_111_113;joka;1
1328;111/2021;2021_111_113;jonoksi;1
1328;111/2021;2021_111_113;jouduttu;1
1328;111/2021;2021_111_113;kasvaa;1
1328;111/2021;2021_111_113;kohden;1
1328;111/2021;2021_111_113;kun;2
1328;111/2021;2021_111_113;kymmenes;1
1328;111/2021;2021_111_113;laki;1
1328;111/2021;2021_111_113;lakiin;1
1328;111/2021;2021_111_113;lakisääteiseen;1
1328;111/2021;2021_111_113;lisää;1
1328;111/2021;2021_111_113;meinaatte;1
1328;111/2021;2021_111_113;mitä;1
1328;111/2021;2021_111_113;mitään;1
1328;111/2021;2021_111_113;mutta;2
1328;111/2021;2021_111_113;niin;2
1328;111/2021;2021_111_113;nousevat;1
1328;111/2021;2021_111_113;näiden;1
1328;111/2021;2021_111_113;näin;1
1328;111/2021;2021_111_113;ole;3
1328;111/2021;2021_111_113;olisi;1
1328;111/2021;2021_111_113;olla;1
1328;111/2021;2021_111_113;on;1
1328;111/2021;2021_111_113;osuus;1
1328;111/2021;2021_111_113;ottaa;1
1328;111/2021;2021_111_113;paljastuneisiin;1
1328;111/2021;2021_111_113;pitäisi;1
1328;111/2021;2021_111_113;puhemies;1
1328;111/2021;2021_111_113;puuttumaan;1
1328;111/2021;2021_111_113;pyrkii;1
1328;111/2021;2021_111_113;riittävästi;1
1328;111/2021;2021_111_113;se;1
1328;111/2021;2021_111_113;sulkemaan;1
1328;111/2021;2021_111_113;säätämällä;1
1328;111/2021;2021_111_113;tarvitaan;1
1328;111/2021;2021_111_113;tehdä;1
1328;111/2021;2021_111_113;tekevää;1
1328;111/2021;2021_111_113;thl;1
1328;111/2021;2021_111_113;toteuttamiseen;1
1328;111/2021;2021_111_113;tälle;1
1328;111/2021;2021_111_113;tämä;1
1328;111/2021;2021_111_113;vanhuksia;1
1328;111/2021;2021_111_113;vanhusten;1
1328;111/2021;2021_111_113;vauhdilla;2
1328;111/2021;2021_111_113;voi;1
1328;111/2021;2021_111_113;voida;1
1328;111/2021;2021_111_113;vähemmistömitoitukseen;1
1328;111/2021;2021_111_113;välitöntä;1
1328;111/2021;2021_111_113;yksikkö;1
1328;111/2021;2021_111_113;yllä;1
1328;111/2021;2021_111_113;ympärivuorokautisessa;1
1328;112/2022;2022_112_59;ahtaalle;1
1328;112/2022;2022_112_59;aidosti;1
1328;112/2022;2022_112_59;ajaa;1
1328;112/2022;2022_112_59;ajalta;1
1328;112/2022;2022_112_59;alan;1
1328;112/2022;2022_112_59;alas;1
1328;112/2022;2022_112_59;arvoisa;4
1328;112/2022;2022_112_59;edistämme;1
1328;112/2022;2022_112_59;edustamme;1
1328;112/2022;2022_112_59;ei;5
1328;112/2022;2022_112_59;eikä;3
1328;112/2022;2022_112_59;ekologisesti;1
1328;112/2022;2022_112_59;elinkaaren;1
1328;112/2022;2022_112_59;eläinten;1
1328;112/2022;2022_112_59;enemmän;1
1328;112/2022;2022_112_59;energia;1
1328;112/2022;2022_112_59;energian;1
1328;112/2022;2022_112_59;ennallistamisasetuksen;1
1328;112/2022;2022_112_59;esimerkiksi;1
1328;112/2022;2022_112_59;esimerkkinä;2
1328;112/2022;2022_112_59;etteivät;1
1328;112/2022;2022_112_59;että;4
1328;112/2022;2022_112_59;etu;1
1328;112/2022;2022_112_59;euroopan;2
1328;112/2022;2022_112_59;eussa;1
1328;112/2022;2022_112_59;hallituksen;1
1328;112/2022;2022_112_59;halvempaa;1
1328;112/2022;2022_112_59;hankkeisiin;1
1328;112/2022;2022_112_59;hankkeita;1
1328;112/2022;2022_112_59;hiilijalanjäljen;1
1328;112/2022;2022_112_59;hintojen;1
1328;112/2022;2022_112_59;hirrestä;1
1328;112/2022;2022_112_59;houkuttelevuutta;1
1328;112/2022;2022_112_59;huolehtia;1
1328;112/2022;2022_112_59;huolestuttava;1
1328;112/2022;2022_112_59;huomattava;1
1328;112/2022;2022_112_59;huomioida;2
1328;112/2022;2022_112_59;huomioiminen;1
1328;112/2022;2022_112_59;hyvinvoinnin;1
1328;112/2022;2022_112_59;hyvinvointia;1
1328;112/2022;2022_112_59;hyvänä;2
1328;112/2022;2022_112_59;hyvät;1
1328;112/2022;2022_112_59;hyötyjä;1
1328;112/2022;2022_112_59;ilmasto;1
1328;112/2022;2022_112_59;ilmastokeskusteluille;1
1328;112/2022;2022_112_59;ilmaston;1
1328;112/2022;2022_112_59;ilmastotavoitteiden;1
1328;112/2022;2022_112_59;ilmastotoimet;1
1328;112/2022;2022_112_59;ilmastotoimien;1
1328;112/2022;2022_112_59;infrastruktuurin;1
1328;112/2022;2022_112_59;investoi;1
1328;112/2022;2022_112_59;investoida;1
1328;112/2022;2022_112_59;investoimiseen;1
1328;112/2022;2022_112_59;investointeihin;1
1328;112/2022;2022_112_59;investointien;2
1328;112/2022;2022_112_59;ja;13
1328;112/2022;2022_112_59;joita;1
1328;112/2022;2022_112_59;jopa;1
1328;112/2022;2022_112_59;jos;3
1328;112/2022;2022_112_59;jotka;2
1328;112/2022;2022_112_59;jotta;2
1328;112/2022;2022_112_59;joutunut;2
1328;112/2022;2022_112_59;jälleen;1
1328;112/2022;2022_112_59;järkevää;2
1328;112/2022;2022_112_59;järkeä;1
1328;112/2022;2022_112_59;kannalta;3
1328;112/2022;2022_112_59;kannattamattomana;1
1328;112/2022;2022_112_59;kannattavat;1
1328;112/2022;2022_112_59;kannustaa;2
1328;112/2022;2022_112_59;kannustavasti;1
1328;112/2022;2022_112_59;kansantaloudessa;1
1328;112/2022;2022_112_59;kasvaessa;1
1328;112/2022;2022_112_59;kasvua;2
1328;112/2022;2022_112_59;kautta;1
1328;112/2022;2022_112_59;kehityksen;1
1328;112/2022;2022_112_59;kehitystä;1
1328;112/2022;2022_112_59;kenenkään;1
1328;112/2022;2022_112_59;kertoo;1
1328;112/2022;2022_112_59;keskittäminen;1
1328;112/2022;2022_112_59;kestävän;1
1328;112/2022;2022_112_59;kestävät;1
1328;112/2022;2022_112_59;kestävää;2
1328;112/2022;2022_112_59;kiitos;1
1328;112/2022;2022_112_59;kilpailukykyämme;1
1328;112/2022;2022_112_59;kilpailutuksessa;1
1328;112/2022;2022_112_59;koko;1
1328;112/2022;2022_112_59;korjattu;1
1328;112/2022;2022_112_59;korkealla;1
1328;112/2022;2022_112_59;korostuu;1
1328;112/2022;2022_112_59;korvaamaton;1
1328;112/2022;2022_112_59;koska;2
1328;112/2022;2022_112_59;kotimaiset;1
1328;112/2022;2022_112_59;kotimaisilta;1
1328;112/2022;2022_112_59;kotimaisista;2
1328;112/2022;2022_112_59;kotimaista;1
1328;112/2022;2022_112_59;kuin;3
1328;112/2022;2022_112_59;kuitenkin;3
1328;112/2022;2022_112_59;kunhan;1
1328;112/2022;2022_112_59;kuoliaaksi;1
1328;112/2022;2022_112_59;kysynnän;1
1328;112/2022;2022_112_59;käyttämästä;1
1328;112/2022;2022_112_59;lannoitteiden;1
1328;112/2022;2022_112_59;liian;1
1328;112/2022;2022_112_59;liika;1
1328;112/2022;2022_112_59;liittyviin;1
1328;112/2022;2022_112_59;liittyy;1
1328;112/2022;2022_112_59;lisätä;1
1328;112/2022;2022_112_59;lopettamaan;1
1328;112/2022;2022_112_59;lukumäärän;1
1328;112/2022;2022_112_59;luomalla;1
1328;112/2022;2022_112_59;luonnonvaramme;1
1328;112/2022;2022_112_59;luonto;1
1328;112/2022;2022_112_59;luovat;1
1328;112/2022;2022_112_59;luvulla;1
1328;112/2022;2022_112_59;maankäyttösektorilla;1
1328;112/2022;2022_112_59;maatalous;1
1328;112/2022;2022_112_59;maataloustuottaja;1
1328;112/2022;2022_112_59;maataloutta;1
1328;112/2022;2022_112_59;mahdollistaa;1
1328;112/2022;2022_112_59;mahdollistava;1
1328;112/2022;2022_112_59;mahdollisuuksia;1
1328;112/2022;2022_112_59;maksaa;1
1328;112/2022;2022_112_59;markkinat;1
1328;112/2022;2022_112_59;materiaalitehokkuus;1
1328;112/2022;2022_112_59;materiaalivalinnat;1
1328;112/2022;2022_112_59;meidän;1
1328;112/2022;2022_112_59;meille;1
1328;112/2022;2022_112_59;meillä;2
1328;112/2022;2022_112_59;merkittävien;1
1328;112/2022;2022_112_59;merkittävää;2
1328;112/2022;2022_112_59;merkitys;3
1328;112/2022;2022_112_59;metsien;1
1328;112/2022;2022_112_59;metsistä;1
1328;112/2022;2022_112_59;metsäpolitiikkaamme;1
1328;112/2022;2022_112_59;metsät;1
1328;112/2022;2022_112_59;metsätalouden;1
1328;112/2022;2022_112_59;metsätalousmaasta;1
1328;112/2022;2022_112_59;metsäteollisuuden;1
1328;112/2022;2022_112_59;metsäteollisuus;1
1328;112/2022;2022_112_59;mielessä;1
1328;112/2022;2022_112_59;mitään;1
1328;112/2022;2022_112_59;moni;1
1328;112/2022;2022_112_59;mukaan;1
1328;112/2022;2022_112_59;mutta;1
1328;112/2022;2022_112_59;muualta;1
1328;112/2022;2022_112_59;muutokset;1
1328;112/2022;2022_112_59;muutoksille;1
1328;112/2022;2022_112_59;myös;7
1328;112/2022;2022_112_59;myötä;1
1328;112/2022;2022_112_59;määrään;1
1328;112/2022;2022_112_59;niiden;1
1328;112/2022;2022_112_59;niin;3
1328;112/2022;2022_112_59;noin;1
1328;112/2022;2022_112_59;nostamme;1
1328;112/2022;2022_112_59;noustessa;1
1328;112/2022;2022_112_59;nykytilaan;1
1328;112/2022;2022_112_59;oikeassa;1
1328;112/2022;2022_112_59;ole;5
1328;112/2022;2022_112_59;oleellista;1
1328;112/2022;2022_112_59;olemme;1
1328;112/2022;2022_112_59;olla;1
1328;112/2022;2022_112_59;ollut;1
1328;112/2022;2022_112_59;olosuhteet;1
1328;112/2022;2022_112_59;omaisuuteen;1
1328;112/2022;2022_112_59;omasta;1
1328;112/2022;2022_112_59;omavaraisuudellemme;1
1328;112/2022;2022_112_59;omistuksessa;1
1328;112/2022;2022_112_59;on;23
1328;112/2022;2022_112_59;onko;1
1328;112/2022;2022_112_59;osa;1
1328;112/2022;2022_112_59;osaavat;1
1328;112/2022;2022_112_59;ostamme;1
1328;112/2022;2022_112_59;ovat;5
1328;112/2022;2022_112_59;paikoin;1
1328;112/2022;2022_112_59;paitsi;2
1328;112/2022;2022_112_59;paljon;2
1328;112/2022;2022_112_59;pelata;1
1328;112/2022;2022_112_59;pidetään;1
1328;112/2022;2022_112_59;pidän;1
1328;112/2022;2022_112_59;pitkäaikaisesti;1
1328;112/2022;2022_112_59;poliittinen;1
1328;112/2022;2022_112_59;prosenttia;2
1328;112/2022;2022_112_59;puhdas;1
1328;112/2022;2022_112_59;puhemies;4
1328;112/2022;2022_112_59;puuttua;1
1328;112/2022;2022_112_59;päiväkodit;1
1328;112/2022;2022_112_59;pärjäävät;1
1328;112/2022;2022_112_59;päätöksiä;1
1328;112/2022;2022_112_59;raaka-aineesta;1
1328;112/2022;2022_112_59;raaka-ainetta;1
1328;112/2022;2022_112_59;rajoittavasti;1
1328;112/2022;2022_112_59;rajoitusten;1
1328;112/2022;2022_112_59;rakennetut;1
1328;112/2022;2022_112_59;rakennusalan;1
1328;112/2022;2022_112_59;rakennusmateriaalien;1
1328;112/2022;2022_112_59;rakennusten;1
1328;112/2022;2022_112_59;rakentamiseen;1
1328;112/2022;2022_112_59;rakentamisen;2
1328;112/2022;2022_112_59;ratkaisu;1
1328;112/2022;2022_112_59;ratkaisuja;1
1328;112/2022;2022_112_59;ratkaisut;1
1328;112/2022;2022_112_59;rehun;1
1328;112/2022;2022_112_59;rikkaus;1
1328;112/2022;2022_112_59;riskialttiimpaa;1
1328;112/2022;2022_112_59;ruoantuotantoa;1
1328;112/2022;2022_112_59;ruokaturvallisuus;1
1328;112/2022;2022_112_59;saada;1
1328;112/2022;2022_112_59;saavuttamiselle;1
1328;112/2022;2022_112_59;sairauksille;1
1328;112/2022;2022_112_59;se;4
1328;112/2022;2022_112_59;selonteon;1
1328;112/2022;2022_112_59;selonteossa;1
1328;112/2022;2022_112_59;sen;1
1328;112/2022;2022_112_59;siirtymä;1
1328;112/2022;2022_112_59;siirtymää;1
1328;112/2022;2022_112_59;sijaan;1
1328;112/2022;2022_112_59;siksi;1
1328;112/2022;2022_112_59;sillä;1
1328;112/2022;2022_112_59;sisäilmaongelmia;1
1328;112/2022;2022_112_59;siten;1
1328;112/2022;2022_112_59;suhteellisuutta;1
1328;112/2022;2022_112_59;suhteessa;1
1328;112/2022;2022_112_59;sukupolville;1
1328;112/2022;2022_112_59;suojelemassa;1
1328;112/2022;2022_112_59;suomalainen;1
1328;112/2022;2022_112_59;suomen;2
1328;112/2022;2022_112_59;suomessa;3
1328;112/2022;2022_112_59;suunniteltaessa;1
1328;112/2022;2022_112_59;suuri;1
1328;112/2022;2022_112_59;säätelymme;1
1328;112/2022;2022_112_59;takaamiseksi;1
1328;112/2022;2022_112_59;talman;4
1328;112/2022;2022_112_59;taloudellisessa;1
1328;112/2022;2022_112_59;tapahtua;1
1328;112/2022;2022_112_59;tapahtuvat;1
1328;112/2022;2022_112_59;tarjoaa;1
1328;112/2022;2022_112_59;tarkastella;1
1328;112/2022;2022_112_59;tarvitaan;1
1328;112/2022;2022_112_59;tarvitsisi;1
1328;112/2022;2022_112_59;tavoitteena;1
1328;112/2022;2022_112_59;teemme;1
1328;112/2022;2022_112_59;tehokkuus;1
1328;112/2022;2022_112_59;tehtävää;1
1328;112/2022;2022_112_59;teollisuuden;1
1328;112/2022;2022_112_59;terveyden;1
1328;112/2022;2022_112_59;terveyttä;1
1328;112/2022;2022_112_59;tilamäärän;1
1328;112/2022;2022_112_59;tiukempaa;1
1328;112/2022;2022_112_59;todetaan;1
1328;112/2022;2022_112_59;toimintansa;1
1328;112/2022;2022_112_59;toimintaympäristö;2
1328;112/2022;2022_112_59;toimintaympäristöä;1
1328;112/2022;2022_112_59;toimivan;1
1328;112/2022;2022_112_59;trendi;1
1328;112/2022;2022_112_59;tukea;2
1328;112/2022;2022_112_59;tule;2
1328;112/2022;2022_112_59;tulee;11
1328;112/2022;2022_112_59;tulevaisuudessa;1
1328;112/2022;2022_112_59;tuleville;1
1328;112/2022;2022_112_59;tulisi;1
1328;112/2022;2022_112_59;tuodaan;1
1328;112/2022;2022_112_59;tuotannon;1
1328;112/2022;2022_112_59;tuotantoeläinten;1
1328;112/2022;2022_112_59;tuotantokustannuksia;1
1328;112/2022;2022_112_59;tuottajat;1
1328;112/2022;2022_112_59;tuottajiltamme;1
1328;112/2022;2022_112_59;tuottavaa;1
1328;112/2022;2022_112_59;tutkimuksen;1
1328;112/2022;2022_112_59;tämä;2
1328;112/2022;2022_112_59;tämän;1
1328;112/2022;2022_112_59;tärkeitä;2
1328;112/2022;2022_112_59;tärkeänä;2
1328;112/2022;2022_112_59;tärkeää;4
1328;112/2022;2022_112_59;tästä;2
1328;112/2022;2022_112_59;ulkomaista;1
1328;112/2022;2022_112_59;unioni;1
1328;112/2022;2022_112_59;unionin;1
1328;112/2022;2022_112_59;usein;1
1328;112/2022;2022_112_59;uusia;1
1328;112/2022;2022_112_59;vaalia;1
1328;112/2022;2022_112_59;vaan;1
1328;112/2022;2022_112_59;vaarallista;1
1328;112/2022;2022_112_59;vaatii;1
1328;112/2022;2022_112_59;vaatimalla;1
1328;112/2022;2022_112_59;vahvistaa;1
1328;112/2022;2022_112_59;vai;1
1328;112/2022;2022_112_59;vaikka;3
1328;112/2022;2022_112_59;vaikutus;1
1328;112/2022;2022_112_59;vaikutusta;1
1328;112/2022;2022_112_59;vaikutusvalta;1
1328;112/2022;2022_112_59;vakavia;1
1328;112/2022;2022_112_59;valtioneuvoston;1
1328;112/2022;2022_112_59;veroa;1
1328;112/2022;2022_112_59;verrattain;1
1328;112/2022;2022_112_59;vielä;1
1328;112/2022;2022_112_59;vihreä;1
1328;112/2022;2022_112_59;vihreää;1
1328;112/2022;2022_112_59;viljelijä;1
1328;112/2022;2022_112_59;viljelijöitä;1
1328;112/2022;2022_112_59;voitosta;1
1328;112/2022;2022_112_59;voitostaan;1
1328;112/2022;2022_112_59;voivat;1
1328;112/2022;2022_112_59;väheneminen;1
1328;112/2022;2022_112_59;vähenemisellä;1
1328;112/2022;2022_112_59;vähähiilisten;1
1328;112/2022;2022_112_59;välttäminen;1
1328;112/2022;2022_112_59;vääristää;1
1328;112/2022;2022_112_59;yhteiskunnallisia;1
1328;112/2022;2022_112_59;yksi;1
1328;112/2022;2022_112_59;yksityiseen;1
1328;112/2022;2022_112_59;yksityishenkilöiden;1
1328;112/2022;2022_112_59;yksityismetsistä;1
1328;112/2022;2022_112_59;yli;1
1328;112/2022;2022_112_59;ylläpitäviä;1
1328;112/2022;2022_112_59;ympäristö;1
1328;112/2022;2022_112_59;ympäristökeskusteluun;1
1328;112/2022;2022_112_59;ympäristön;1
1328;112/2022;2022_112_59;yritykset;2
1328;112/2022;2022_112_59;yrityksille;1
1328;112/2022;2022_112_59;yritysten;2
1328;112/2022;2022_112_59;yritystoiminnalle;1
1328;112/2022;2022_112_59;älykkään;1
1328;112/2022;2022_112_59;ärade;4
1328;113/2022;2022_113_97;aina;1
1328;113/2022;2022_113_97;arvoisa;1
1328;113/2022;2022_113_97;asialle;1
1328;113/2022;2022_113_97;auta;1
1328;113/2022;2022_113_97;edes;1
1328;113/2022;2022_113_97;ei;3
1328;113/2022;2022_113_97;ensi;1
1328;113/2022;2022_113_97;että;2
1328;113/2022;2022_113_97;hoitajamitoituksia;1
1328;113/2022;2022_113_97;hoitoon;1
1328;113/2022;2022_113_97;hoitotakuita;1
1328;113/2022;2022_113_97;huolta;1
1328;113/2022;2022_113_97;husin;1
1328;113/2022;2022_113_97;ja;4
1328;113/2022;2022_113_97;johtaminen;1
1328;113/2022;2022_113_97;jos;1
1328;113/2022;2022_113_97;jouduttu;1
1328;113/2022;2022_113_97;joutuvat;1
1328;113/2022;2022_113_97;katastrofaalinen;1
1328;113/2022;2022_113_97;kiireellisiä;1
1328;113/2022;2022_113_97;kiuru;1
1328;113/2022;2022_113_97;kohtuuttoman;1
1328;113/2022;2022_113_97;kuntoon;2
1328;113/2022;2022_113_97;kuusi;1
1328;113/2022;2022_113_97;käsittämätöntä;1
1328;113/2022;2022_113_97;käytössä;2
1328;113/2022;2022_113_97;laittaa;1
1328;113/2022;2022_113_97;lapset;2
1328;113/2022;2022_113_97;lapsia;1
1328;113/2022;2022_113_97;lapsista;1
1328;113/2022;2022_113_97;leikkaukseen;1
1328;113/2022;2022_113_97;leikkaustaan;1
1328;113/2022;2022_113_97;liike;1
1328;113/2022;2022_113_97;meinaatte;1
1328;113/2022;2022_113_97;mielestä;1
1328;113/2022;2022_113_97;ministeri;1
1328;113/2022;2022_113_97;mitä;1
1328;113/2022;2022_113_97;mutta;1
1328;113/2022;2022_113_97;nyt;1
1328;113/2022;2022_113_97;nytin;1
1328;113/2022;2022_113_97;näitä;1
1328;113/2022;2022_113_97;odottamaan;1
1328;113/2022;2022_113_97;odottavat;2
1328;113/2022;2022_113_97;olisi;1
1328;113/2022;2022_113_97;on;5
1328;113/2022;2022_113_97;palkat;1
1328;113/2022;2022_113_97;pidetä;1
1328;113/2022;2022_113_97;pitkään;1
1328;113/2022;2022_113_97;pitää;2
1328;113/2022;2022_113_97;puhe;1
1328;113/2022;2022_113_97;puhemies;1
1328;113/2022;2022_113_97;puhutte;1
1328;113/2022;2022_113_97;pärjättäisiin;1
1328;113/2022;2022_113_97;päästä;1
1328;113/2022;2022_113_97;pääsyä;1
1328;113/2022;2022_113_97;saada;1
1328;113/2022;2022_113_97;sairaalan;1
1328;113/2022;2022_113_97;se;1
1328;113/2022;2022_113_97;siirtämään;1
1328;113/2022;2022_113_97;suunniteltu;1
1328;113/2022;2022_113_97;sydänleikkausta;1
1328;113/2022;2022_113_97;säädätte;1
1328;113/2022;2022_113_97;talman;1
1328;113/2022;2022_113_97;tapauksia;1
1328;113/2022;2022_113_97;tehdä;1
1328;113/2022;2022_113_97;tehohoitopaikalle;1
1328;113/2022;2022_113_97;tilanne;1
1328;113/2022;2022_113_97;tilat;1
1328;113/2022;2022_113_97;työolot;1
1328;113/2022;2022_113_97;tälle;1
1328;113/2022;2022_113_97;ulkomaille;1
1328;113/2022;2022_113_97;viikolla;1
1328;113/2022;2022_113_97;vuoden;1
1328;113/2022;2022_113_97;ärade;1
1328;114/2020;2020_114_22;alijäämäinen;1
1328;114/2020;2020_114_22;arvoisa;1
1328;114/2020;2020_114_22;asioita;1
1328;114/2020;2020_114_22;budjetissa;1
1328;114/2020;2020_114_22;budjetti;1
1328;114/2020;2020_114_22;edellytyksiä;1
1328;114/2020;2020_114_22;ei;2
1328;114/2020;2020_114_22;esimerkiksi;2
1328;114/2020;2020_114_22;esitelty;1
1328;114/2020;2020_114_22;hyvä;1
1328;114/2020;2020_114_22;ihmisiä;1
1328;114/2020;2020_114_22;investoivat;1
1328;114/2020;2020_114_22;ja;4
1328;114/2020;2020_114_22;joka;1
1328;114/2020;2020_114_22;jos;2
1328;114/2020;2020_114_22;jotta;1
1328;114/2020;2020_114_22;kasvun;1
1328;114/2020;2020_114_22;kasvuun;1
1328;114/2020;2020_114_22;kevääseen;1
1328;114/2020;2020_114_22;kotita;1
1328;114/2020;2020_114_22;kuinka;1
1328;114/2020;2020_114_22;laskettavaksi;1
1328;114/2020;2020_114_22;lousvähennystä;1
1328;114/2020;2020_114_22;markkinoille;1
1328;114/2020;2020_114_22;mielestäni;1
1328;114/2020;2020_114_22;miksei;1
1328;114/2020;2020_114_22;miljardia;3
1328;114/2020;2020_114_22;miljardilla;1
1328;114/2020;2020_114_22;mutta;1
1328;114/2020;2020_114_22;muuttaa;1
1328;114/2020;2020_114_22;myyntiä;1
1328;114/2020;2020_114_22;niin;1
1328;114/2020;2020_114_22;noin;1
1328;114/2020;2020_114_22;nyt;1
1328;114/2020;2020_114_22;oikeita;1
1328;114/2020;2020_114_22;ole;2
1328;114/2020;2020_114_22;omaisuuden;1
1328;114/2020;2020_114_22;on;2
1328;114/2020;2020_114_22;paljon;1
1328;114/2020;2020_114_22;palkkaavat;1
1328;114/2020;2020_114_22;puhemies;1
1328;114/2020;2020_114_22;ruotsissa;1
1328;114/2020;2020_114_22;saadaan;1
1328;114/2020;2020_114_22;sekin;1
1328;114/2020;2020_114_22;siirrettiin;1
1328;114/2020;2020_114_22;siitä;1
1328;114/2020;2020_114_22;sillä;1
1328;114/2020;2020_114_22;sisältää;1
1328;114/2020;2020_114_22;suunnitellaan;1
1328;114/2020;2020_114_22;talous;1
1328;114/2020;2020_114_22;talouskasvua;1
1328;114/2020;2020_114_22;tehdä;1
1328;114/2020;2020_114_22;tehdään;1
1328;114/2020;2020_114_22;työnnetään;1
1328;114/2020;2020_114_22;työttömiä;1
1328;114/2020;2020_114_22;työttömyystoimia;1
1328;114/2020;2020_114_22;vaan;1
1328;114/2020;2020_114_22;velkaa;1
1328;114/2020;2020_114_22;veroja;1
1328;114/2020;2020_114_22;voitu;1
1328;114/2020;2020_114_22;väliä;1
1328;114/2020;2020_114_22;yli;1
1328;114/2020;2020_114_22;yritykset;1
1328;115/2018;2018_115_126;aikana;1
1328;115/2018;2018_115_126;ajavat;1
1328;115/2018;2018_115_126;arvoisa;1
1328;115/2018;2018_115_126;asia;1
1328;115/2018;2018_115_126;asioita;1
1328;115/2018;2018_115_126;asioitaan;1
1328;115/2018;2018_115_126;asunnon;1
1328;115/2018;2018_115_126;edustajat;1
1328;115/2018;2018_115_126;ei;2
1328;115/2018;2018_115_126;eivät;1
1328;115/2018;2018_115_126;elämänlaadun;1
1328;115/2018;2018_115_126;enää;1
1328;115/2018;2018_115_126;hankkiminen;1
1328;115/2018;2018_115_126;heidän;1
1328;115/2018;2018_115_126;henkilökohtaista;1
1328;115/2018;2018_115_126;huomioon;1
1328;115/2018;2018_115_126;huonontaa;1
1328;115/2018;2018_115_126;hyviä;1
1328;115/2018;2018_115_126;ihmettelen;1
1328;115/2018;2018_115_126;ihmisen;2
1328;115/2018;2018_115_126;ihmisten;1
1328;115/2018;2018_115_126;ikuiseen;1
1328;115/2018;2018_115_126;ja;3
1328;115/2018;2018_115_126;jopa;3
1328;115/2018;2018_115_126;järjestöjen;1
1328;115/2018;2018_115_126;kaikki;1
1328;115/2018;2018_115_126;kertaa;1
1328;115/2018;2018_115_126;kestää;1
1328;115/2018;2018_115_126;konkurssiin;1
1328;115/2018;2018_115_126;konkurssimenettelyä;1
1328;115/2018;2018_115_126;konkurssin;3
1328;115/2018;2018_115_126;koske;1
1328;115/2018;2018_115_126;koskee;1
1328;115/2018;2018_115_126;kun;2
1328;115/2018;2018_115_126;lakiesitystä;1
1328;115/2018;2018_115_126;lakimuutoksen;1
1328;115/2018;2018_115_126;laman;1
1328;115/2018;2018_115_126;lisäksi;1
1328;115/2018;2018_115_126;lopetti;1
1328;115/2018;2018_115_126;lukenut;1
1328;115/2018;2018_115_126;luvun;1
1328;115/2018;2018_115_126;lähes;1
1328;115/2018;2018_115_126;läpi;1
1328;115/2018;2018_115_126;mahdotonta;1
1328;115/2018;2018_115_126;menneet;1
1328;115/2018;2018_115_126;minuun;1
1328;115/2018;2018_115_126;moni;1
1328;115/2018;2018_115_126;monia;1
1328;115/2018;2018_115_126;monta;1
1328;115/2018;2018_115_126;mutta;1
1328;115/2018;2018_115_126;myös;2
1328;115/2018;2018_115_126;niin;1
1328;115/2018;2018_115_126;nykyään;1
1328;115/2018;2018_115_126;nyt;1
1328;115/2018;2018_115_126;näistä;1
1328;115/2018;2018_115_126;näitä;1
1328;115/2018;2018_115_126;ole;1
1328;115/2018;2018_115_126;olemassa;1
1328;115/2018;2018_115_126;olen;1
1328;115/2018;2018_115_126;olikin;1
1328;115/2018;2018_115_126;olisi;1
1328;115/2018;2018_115_126;olleet;1
1328;115/2018;2018_115_126;ollenkaan;1
1328;115/2018;2018_115_126;on;1
1328;115/2018;2018_115_126;ottaa;1
1328;115/2018;2018_115_126;ovat;1
1328;115/2018;2018_115_126;pelastamista;1
1328;115/2018;2018_115_126;perintäkierteeseen;1
1328;115/2018;2018_115_126;perustaminen;1
1328;115/2018;2018_115_126;perustettavista;1
1328;115/2018;2018_115_126;pitänyt;1
1328;115/2018;2018_115_126;prosenttia;1
1328;115/2018;2018_115_126;puhelinliittymän;1
1328;115/2018;2018_115_126;puhemies;1
1328;115/2018;2018_115_126;purettava;1
1328;115/2018;2018_115_126;päästä;1
1328;115/2018;2018_115_126;saattaa;1
1328;115/2018;2018_115_126;se;2
1328;115/2018;2018_115_126;selkeyttää;1
1328;115/2018;2018_115_126;siinä;1
1328;115/2018;2018_115_126;sitä;1
1328;115/2018;2018_115_126;start-upeista;1
1328;115/2018;2018_115_126;syrjäytynyt;1
1328;115/2018;2018_115_126;tai;3
1328;115/2018;2018_115_126;tarkoittaa;1
1328;115/2018;2018_115_126;tehnyt;1
1328;115/2018;2018_115_126;tekee;1
1328;115/2018;2018_115_126;tietysti;1
1328;115/2018;2018_115_126;tietystikään;1
1328;115/2018;2018_115_126;todella;1
1328;115/2018;2018_115_126;toimintaa;1
1328;115/2018;2018_115_126;toimintansa;1
1328;115/2018;2018_115_126;tukea;1
1328;115/2018;2018_115_126;työllistyminen;1
1328;115/2018;2018_115_126;työntekijöitä;1
1328;115/2018;2018_115_126;tämä;2
1328;115/2018;2018_115_126;täysin;1
1328;115/2018;2018_115_126;uuden;1
1328;115/2018;2018_115_126;vaikeasti;1
1328;115/2018;2018_115_126;velkataakka;1
1328;115/2018;2018_115_126;velkavankeutta;1
1328;115/2018;2018_115_126;viedä;1
1328;115/2018;2018_115_126;viiden;1
1328;115/2018;2018_115_126;vuoden;1
1328;115/2018;2018_115_126;vuonna;1
1328;115/2018;2018_115_126;vuotta;1
1328;115/2018;2018_115_126;yhteiskunnan;1
1328;115/2018;2018_115_126;yhteiskunnasta;1
1328;115/2018;2018_115_126;yhteydessä;1
1328;115/2018;2018_115_126;yllättävän;1
1328;115/2018;2018_115_126;ympäristövaikutukset;1
1328;115/2018;2018_115_126;yrittäjiä;1
1328;115/2018;2018_115_126;yrittäjä;1
1328;115/2018;2018_115_126;yrityksen;1
1328;115/2018;2018_115_126;yritys;1
1328;115/2018;2018_115_126;yritystä;1
1328;116/2016;2016_116_186;aamu;1
1328;116/2016;2016_116_186;aiheuttanut;1
1328;116/2016;2016_116_186;aika;1
1328;116/2016;2016_116_186;aikana;1
1328;116/2016;2016_116_186;aina;2
1328;116/2016;2016_116_186;arvoisa;1
1328;116/2016;2016_116_186;asialle;1
1328;116/2016;2016_116_186;asiallista;1
1328;116/2016;2016_116_186;edellyttää;1
1328;116/2016;2016_116_186;ei;5
1328;116/2016;2016_116_186;eli;1
1328;116/2016;2016_116_186;epäasiallisesti;1
1328;116/2016;2016_116_186;että;6
1328;116/2016;2016_116_186;halua;1
1328;116/2016;2016_116_186;heti;1
1328;116/2016;2016_116_186;häiritsemästä;1
1328;116/2016;2016_116_186;hän;2
1328;116/2016;2016_116_186;illalla;1
1328;116/2016;2016_116_186;istun;1
1328;116/2016;2016_116_186;istut;1
1328;116/2016;2016_116_186;istuu;1
1328;116/2016;2016_116_186;ja;4
1328;116/2016;2016_116_186;joka;1
1328;116/2016;2016_116_186;jos;1
1328;116/2016;2016_116_186;jotain;1
1328;116/2016;2016_116_186;jotta;1
1328;116/2016;2016_116_186;kaikkia;1
1328;116/2016;2016_116_186;kauemmin;1
1328;116/2016;2016_116_186;kertaa;1
1328;116/2016;2016_116_186;kestäisi;1
1328;116/2016;2016_116_186;kiellä;1
1328;116/2016;2016_116_186;kiusaaja;1
1328;116/2016;2016_116_186;kiusaajia;1
1328;116/2016;2016_116_186;kiusaamasta;1
1328;116/2016;2016_116_186;kiusaaminen;1
1328;116/2016;2016_116_186;kiusattu;1
1328;116/2016;2016_116_186;kohtelemasta;1
1328;116/2016;2016_116_186;kokemuksia;1
1328;116/2016;2016_116_186;kolme;1
1328;116/2016;2016_116_186;kolmea;1
1328;116/2016;2016_116_186;koska;1
1328;116/2016;2016_116_186;koulu;1
1328;116/2016;2016_116_186;koulua;1
1328;116/2016;2016_116_186;koulun;1
1328;116/2016;2016_116_186;kouluun;1
1328;116/2016;2016_116_186;kuin;1
1328;116/2016;2016_116_186;kuitenkin;1
1328;116/2016;2016_116_186;kun;2
1328;116/2016;2016_116_186;kysyn;1
1328;116/2016;2016_116_186;käytöstä;1
1328;116/2016;2016_116_186;lain;1
1328;116/2016;2016_116_186;laissa;1
1328;116/2016;2016_116_186;laki;1
1328;116/2016;2016_116_186;lakiesitys;1
1328;116/2016;2016_116_186;läpi;1
1328;116/2016;2016_116_186;meillä;1
1328;116/2016;2016_116_186;menee;1
1328;116/2016;2016_116_186;mennä;2
1328;116/2016;2016_116_186;miksi;1
1328;116/2016;2016_116_186;miltä;1
1328;116/2016;2016_116_186;minulla;1
1328;116/2016;2016_116_186;minun;3
1328;116/2016;2016_116_186;minä;2
1328;116/2016;2016_116_186;mitenkään;1
1328;116/2016;2016_116_186;monella;1
1328;116/2016;2016_116_186;monta;1
1328;116/2016;2016_116_186;muita;1
1328;116/2016;2016_116_186;mutta;1
1328;116/2016;2016_116_186;muuta;1
1328;116/2016;2016_116_186;muuten;1
1328;116/2016;2016_116_186;niin;1
1328;116/2016;2016_116_186;nukkumaan;1
1328;116/2016;2016_116_186;ole;1
1328;116/2016;2016_116_186;ollut;2
1328;116/2016;2016_116_186;on;11
1328;116/2016;2016_116_186;ongelma;1
1328;116/2016;2016_116_186;opiskelijoita;1
1328;116/2016;2016_116_186;oppilailta;1
1328;116/2016;2016_116_186;oppilaita;1
1328;116/2016;2016_116_186;paikkakunnalla;1
1328;116/2016;2016_116_186;paljon;1
1328;116/2016;2016_116_186;pelkästään;1
1328;116/2016;2016_116_186;perusopetuslaki;1
1328;116/2016;2016_116_186;poika;1
1328;116/2016;2016_116_186;poikaani;2
1328;116/2016;2016_116_186;puhemies;1
1328;116/2016;2016_116_186;rouva;1
1328;116/2016;2016_116_186;sanoo;1
1328;116/2016;2016_116_186;se;3
1328;116/2016;2016_116_186;selkeästi;1
1328;116/2016;2016_116_186;sen;1
1328;116/2016;2016_116_186;siirtokin;1
1328;116/2016;2016_116_186;siitä;1
1328;116/2016;2016_116_186;siksi;1
1328;116/2016;2016_116_186;sinä;1
1328;116/2016;2016_116_186;sitä;2
1328;116/2016;2016_116_186;syytetty;1
1328;116/2016;2016_116_186;syytön;1
1328;116/2016;2016_116_186;sängyssä;1
1328;116/2016;2016_116_186;tai;2
1328;116/2016;2016_116_186;tarvitsisi;1
1328;116/2016;2016_116_186;tehtäisiin;1
1328;116/2016;2016_116_186;tiedän;1
1328;116/2016;2016_116_186;tietysti;1
1328;116/2016;2016_116_186;toivon;1
1328;116/2016;2016_116_186;tulisi;1
1328;116/2016;2016_116_186;tuntuu;1
1328;116/2016;2016_116_186;tälle;1
1328;116/2016;2016_116_186;tämä;2
1328;116/2016;2016_116_186;tästä;1
1328;116/2016;2016_116_186;useimmiten;1
1328;116/2016;2016_116_186;vaan;1
1328;116/2016;2016_116_186;vaihtanut;1
1328;116/2016;2016_116_186;vaikeata;1
1328;116/2016;2016_116_186;viime;1
1328;116/2016;2016_116_186;viimeinen;1
1328;116/2016;2016_116_186;vuoden;1
1328;116/2016;2016_116_186;yksi;1
1328;116/2024;2024_116_43;ajan;1
1328;116/2024;2024_116_43;antti;1
1328;116/2024;2024_116_43;arvoisa;1
1328;116/2024;2024_116_43;asia;1
1328;116/2024;2024_116_43;asiakasta;1
1328;116/2024;2024_116_43;ei;2
1328;116/2024;2024_116_43;eihän;1
1328;116/2024;2024_116_43;enää;1
1328;116/2024;2024_116_43;esimerkiksi;1
1328;116/2024;2024_116_43;että;4
1328;116/2024;2024_116_43;fiksu;1
1328;116/2024;2024_116_43;he;5
1328;116/2024;2024_116_43;heillä;1
1328;116/2024;2024_116_43;heitä;1
1328;116/2024;2024_116_43;heti;2
1328;116/2024;2024_116_43;hoitoa;1
1328;116/2024;2024_116_43;hyvin;3
1328;116/2024;2024_116_43;hyvä;1
1328;116/2024;2024_116_43;idea;1
1328;116/2024;2024_116_43;ihmiset;1
1328;116/2024;2024_116_43;ja;8
1328;116/2024;2024_116_43;joka;1
1328;116/2024;2024_116_43;jokaisella;1
1328;116/2024;2024_116_43;jotka;1
1328;116/2024;2024_116_43;kela-korvausrahat;1
1328;116/2024;2024_116_43;kerrotaan;1
1328;116/2024;2024_116_43;keskusteltu;1
1328;116/2024;2024_116_43;kiitos;1
1328;116/2024;2024_116_43;kohtuullisen;1
1328;116/2024;2024_116_43;kokeiluja;2
1328;116/2024;2024_116_43;koko;1
1328;116/2024;2024_116_43;kopioida;1
1328;116/2024;2024_116_43;koputtaa;2
1328;116/2024;2024_116_43;kun;1
1328;116/2024;2024_116_43;kurvinen;1
1328;116/2024;2024_116_43;kuunnellaan;1
1328;116/2024;2024_116_43;käyttöön;1
1328;116/2024;2024_116_43;laitatte;1
1328;116/2024;2024_116_43;laittaa;1
1328;116/2024;2024_116_43;loistava;1
1328;116/2024;2024_116_43;lääkäreitä;1
1328;116/2024;2024_116_43;lääkärillä;1
1328;116/2024;2024_116_43;mihin;1
1328;116/2024;2024_116_43;miksei;1
1328;116/2024;2024_116_43;miksi;1
1328;116/2024;2024_116_43;myös;1
1328;116/2024;2024_116_43;nauttivat;1
1328;116/2024;2024_116_43;niitä;1
1328;116/2024;2024_116_43;norjassa;1
1328;116/2024;2024_116_43;norjasta;1
1328;116/2024;2024_116_43;nyt;4
1328;116/2024;2024_116_43;nämä;1
1328;116/2024;2024_116_43;olette;1
1328;116/2024;2024_116_43;olisi;1
1328;116/2024;2024_116_43;olo;1
1328;116/2024;2024_116_43;omalääkärimalli;1
1328;116/2024;2024_116_43;omalääkärimallia;1
1328;116/2024;2024_116_43;omalääkärimalliin;1
1328;116/2024;2024_116_43;omalääkärimallista;1
1328;116/2024;2024_116_43;on;4
1328;116/2024;2024_116_43;ottaa;1
1328;116/2024;2024_116_43;ottavat;1
1328;116/2024;2024_116_43;ovat;1
1328;116/2024;2024_116_43;puhemies;3
1328;116/2024;2024_116_43;puhutaan;1
1328;116/2024;2024_116_43;puolella;1
1328;116/2024;2024_116_43;puolelta;1
1328;116/2024;2024_116_43;saa;1
1328;116/2024;2024_116_43;saavat;2
1328;116/2024;2024_116_43;sanoneet;1
1328;116/2024;2024_116_43;se;2
1328;116/2024;2024_116_43;semmoisen;1
1328;116/2024;2024_116_43;semmoisia;1
1328;116/2024;2024_116_43;siellä;1
1328;116/2024;2024_116_43;siitä;1
1328;116/2024;2024_116_43;suoraan;1
1328;116/2024;2024_116_43;tanskassa;1
1328;116/2024;2024_116_43;tanskasta;1
1328;116/2024;2024_116_43;tarvitse;1
1328;116/2024;2024_116_43;te;2
1328;116/2024;2024_116_43;terveyskeskuksiin;1
1328;116/2024;2024_116_43;tiedetään;1
1328;116/2024;2024_116_43;tienaavat;1
1328;116/2024;2024_116_43;tietävät;1
1328;116/2024;2024_116_43;toimii;2
1328;116/2024;2024_116_43;tunteen;1
1328;116/2024;2024_116_43;tuonne;1
1328;116/2024;2024_116_43;tähän;1
1328;116/2024;2024_116_43;tämmöistä;1
1328;116/2024;2024_116_43;tämähän;1
1328;116/2024;2024_116_43;tänään;1
1328;116/2024;2024_116_43;tästä;1
1328;116/2024;2024_116_43;täällä;1
1328;116/2024;2024_116_43;vain;1
1328;116/2024;2024_116_43;voidaan;1
1328;116/2024;2024_116_43;voitaisi;1
1328;116/2024;2024_116_43;voitu;1
1328;116/2024;2024_116_43;vuotiaille;1
1328;116/2024;2024_116_43;yhteyttä;1
1328;116/2024;2024_116_43;yksityiseltä;1
1328;116/2024;2024_116_43;yli;1
1328;116/2024;2024_116_43;yrittäjiä;1
1328;116/2025;2025_116_16;aikaiseksi;2
1328;116/2025;2025_116_16;aikana;1
1328;116/2025;2025_116_16;aikavälin;1
1328;116/2025;2025_116_16;ainoa;1
1328;116/2025;2025_116_16;ajan;1
1328;116/2025;2025_116_16;ajoitus;1
1328;116/2025;2025_116_16;alennuksen;1
1328;116/2025;2025_116_16;alennus;1
1328;116/2025;2025_116_16;alentaa;1
1328;116/2025;2025_116_16;alentamisesta;1
1328;116/2025;2025_116_16;alv-alennusta;1
1328;116/2025;2025_116_16;ammattilaiset;1
1328;116/2025;2025_116_16;ammattilaisten;1
1328;116/2025;2025_116_16;annan;1
1328;116/2025;2025_116_16;annettaisiin;1
1328;116/2025;2025_116_16;arvoisa;6
1328;116/2025;2025_116_16;asti;2
1328;116/2025;2025_116_16;avaruusteknologia;1
1328;116/2025;2025_116_16;bkt;1
1328;116/2025;2025_116_16;digitaaliset;1
1328;116/2025;2025_116_16;digitaalisuuden;1
1328;116/2025;2025_116_16;edellisen;1
1328;116/2025;2025_116_16;edes;1
1328;116/2025;2025_116_16;ehdotuksen;1
1328;116/2025;2025_116_16;ei;6
1328;116/2025;2025_116_16;eikä;2
1328;116/2025;2025_116_16;eilen;1
1328;116/2025;2025_116_16;eivät;2
1328;116/2025;2025_116_16;eli;1
1328;116/2025;2025_116_16;eläkeläisten;1
1328;116/2025;2025_116_16;eläkeyhtiöiden;1
1328;116/2025;2025_116_16;elää;1
1328;116/2025;2025_116_16;emme;1
1328;116/2025;2025_116_16;enemmän;3
1328;116/2025;2025_116_16;eri;2
1328;116/2025;2025_116_16;erikseen;1
1328;116/2025;2025_116_16;erityinen;2
1328;116/2025;2025_116_16;erityistalousalue;1
1328;116/2025;2025_116_16;erityistalousalueella;1
1328;116/2025;2025_116_16;erityistalousalueelle;2
1328;116/2025;2025_116_16;eteenpäin;1
1328;116/2025;2025_116_16;etsiä;1
1328;116/2025;2025_116_16;että;1
1328;116/2025;2025_116_16;euroa;4
1328;116/2025;2025_116_16;eurolla;1
1328;116/2025;2025_116_16;euron;1
1328;116/2025;2025_116_16;euroon;1
1328;116/2025;2025_116_16;hallituksen;2
1328;116/2025;2025_116_16;hallitus;2
1328;116/2025;2025_116_16;haluamme;1
1328;116/2025;2025_116_16;halutaan;1
1328;116/2025;2025_116_16;he;4
1328;116/2025;2025_116_16;hoetaan;1
1328;116/2025;2025_116_16;hokemalla;1
1328;116/2025;2025_116_16;huomio;1
1328;116/2025;2025_116_16;hyvä;1
1328;116/2025;2025_116_16;hyödynnämme;1
1328;116/2025;2025_116_16;hyödyntämisessä;1
1328;116/2025;2025_116_16;ihmisille;1
1328;116/2025;2025_116_16;ilman;1
1328;116/2025;2025_116_16;investoi;2
1328;116/2025;2025_116_16;investoimaan;1
1328;116/2025;2025_116_16;investointien;1
1328;116/2025;2025_116_16;ja;39
1328;116/2025;2025_116_16;jakavat;1
1328;116/2025;2025_116_16;johto;1
1328;116/2025;2025_116_16;jolloin;1
1328;116/2025;2025_116_16;jos;1
1328;116/2025;2025_116_16;jossa;1
1328;116/2025;2025_116_16;jotain;1
1328;116/2025;2025_116_16;jotka;2
1328;116/2025;2025_116_16;julkinen;2
1328;116/2025;2025_116_16;julkisella;1
1328;116/2025;2025_116_16;julkista;1
1328;116/2025;2025_116_16;jäisi;2
1328;116/2025;2025_116_16;jälkeen;1
1328;116/2025;2025_116_16;jää;1
1328;116/2025;2025_116_16;kaavamainen;2
1328;116/2025;2025_116_16;kahden;1
1328;116/2025;2025_116_16;kaikilla;1
1328;116/2025;2025_116_16;kaikki;1
1328;116/2025;2025_116_16;kaivosteollisuudesta;1
1328;116/2025;2025_116_16;kannattaa;1
1328;116/2025;2025_116_16;kannustaa;1
1328;116/2025;2025_116_16;kansainväliset;1
1328;116/2025;2025_116_16;kansankapitalismi;1
1328;116/2025;2025_116_16;kansankapitalismia;1
1328;116/2025;2025_116_16;kasvaa;1
1328;116/2025;2025_116_16;kasvamaan;1
1328;116/2025;2025_116_16;kasvu;2
1328;116/2025;2025_116_16;kasvua;3
1328;116/2025;2025_116_16;kasvuhaluisia;1
1328;116/2025;2025_116_16;kasvuohjelman;1
1328;116/2025;2025_116_16;kasvussa;1
1328;116/2025;2025_116_16;kasvuun;4
1328;116/2025;2025_116_16;kasvuyritykset;3
1328;116/2025;2025_116_16;kasvuyrityksien;1
1328;116/2025;2025_116_16;kasvuyrityksiin;2
1328;116/2025;2025_116_16;kasvuyrityksiä;2
1328;116/2025;2025_116_16;kasvuyritysten;2
1328;116/2025;2025_116_16;kautta;2
1328;116/2025;2025_116_16;kerran;1
1328;116/2025;2025_116_16;kertoo;1
1328;116/2025;2025_116_16;keskituloisten;1
1328;116/2025;2025_116_16;kiitos;2
1328;116/2025;2025_116_16;kilpailukyvyn;1
1328;116/2025;2025_116_16;kiuru;1
1328;116/2025;2025_116_16;kohdistuu;1
1328;116/2025;2025_116_16;kokeilla;1
1328;116/2025;2025_116_16;koko;1
1328;116/2025;2025_116_16;kolme;1
1328;116/2025;2025_116_16;korjaa;1
1328;116/2025;2025_116_16;korjata;1
1328;116/2025;2025_116_16;koska;1
1328;116/2025;2025_116_16;kotimaiset;2
1328;116/2025;2025_116_16;kotimaisiin;3
1328;116/2025;2025_116_16;kotimaisten;1
1328;116/2025;2025_116_16;kotitalouksien;1
1328;116/2025;2025_116_16;kuluta;1
1328;116/2025;2025_116_16;kulutukseen;1
1328;116/2025;2025_116_16;kummallakaan;1
1328;116/2025;2025_116_16;kun;6
1328;116/2025;2025_116_16;kunniaan;1
1328;116/2025;2025_116_16;kuten;1
1328;116/2025;2025_116_16;kymmenen;4
1328;116/2025;2025_116_16;kypsiin;1
1328;116/2025;2025_116_16;kyse;1
1328;116/2025;2025_116_16;kysymys;1
1328;116/2025;2025_116_16;käteen;2
1328;116/2025;2025_116_16;käyttöön;1
1328;116/2025;2025_116_16;lasketaan;1
1328;116/2025;2025_116_16;leikkaamalla;1
1328;116/2025;2025_116_16;liian;3
1328;116/2025;2025_116_16;liikevaihtoon;1
1328;116/2025;2025_116_16;listaamattomiin;1
1328;116/2025;2025_116_16;lisäraha;1
1328;116/2025;2025_116_16;liukuen;1
1328;116/2025;2025_116_16;lopussa;1
1328;116/2025;2025_116_16;luottamaan;1
1328;116/2025;2025_116_16;luottamus;1
1328;116/2025;2025_116_16;luottavat;1
1328;116/2025;2025_116_16;luvitukseen;1
1328;116/2025;2025_116_16;lähtee;1
1328;116/2025;2025_116_16;lääketeollisuudesta;1
1328;116/2025;2025_116_16;löydettävä;1
1328;116/2025;2025_116_16;löytyä;1
1328;116/2025;2025_116_16;maailman;1
1328;116/2025;2025_116_16;maata;2
1328;116/2025;2025_116_16;mahdoton;1
1328;116/2025;2025_116_16;makaa;1
1328;116/2025;2025_116_16;malli;1
1328;116/2025;2025_116_16;mallia;1
1328;116/2025;2025_116_16;massiivinen;1
1328;116/2025;2025_116_16;massiivisesti;1
1328;116/2025;2025_116_16;menee;1
1328;116/2025;2025_116_16;mentävä;1
1328;116/2025;2025_116_16;merkittäviin;1
1328;116/2025;2025_116_16;metsäteollisuudesta;1
1328;116/2025;2025_116_16;mihin;3
1328;116/2025;2025_116_16;mikä;1
1328;116/2025;2025_116_16;mikään;1
1328;116/2025;2025_116_16;miljardia;5
1328;116/2025;2025_116_16;miljardilla;2
1328;116/2025;2025_116_16;miten;1
1328;116/2025;2025_116_16;moninkertaiseksi;1
1328;116/2025;2025_116_16;mukaan;4
1328;116/2025;2025_116_16;mutta;2
1328;116/2025;2025_116_16;muutaman;1
1328;116/2025;2025_116_16;muutu;1
1328;116/2025;2025_116_16;myöhään;1
1328;116/2025;2025_116_16;myös;2
1328;116/2025;2025_116_16;ne;1
1328;116/2025;2025_116_16;niin;1
1328;116/2025;2025_116_16;niissä;1
1328;116/2025;2025_116_16;nimettävät;1
1328;116/2025;2025_116_16;nopeimmat;1
1328;116/2025;2025_116_16;nostaa;1
1328;116/2025;2025_116_16;nouse;1
1328;116/2025;2025_116_16;nousee;1
1328;116/2025;2025_116_16;nykyinen;1
1328;116/2025;2025_116_16;nykyistä;1
1328;116/2025;2025_116_16;nyt;5
1328;116/2025;2025_116_16;näistä;2
1328;116/2025;2025_116_16;odotettu;1
1328;116/2025;2025_116_16;odottamalla;1
1328;116/2025;2025_116_16;ohituskaistalle;1
1328;116/2025;2025_116_16;ole;4
1328;116/2025;2025_116_16;oli;1
1328;116/2025;2025_116_16;olisi;2
1328;116/2025;2025_116_16;olla;1
1328;116/2025;2025_116_16;olo;1
1328;116/2025;2025_116_16;oltava;1
1328;116/2025;2025_116_16;omalla;1
1328;116/2025;2025_116_16;omistajat;1
1328;116/2025;2025_116_16;on;20
1328;116/2025;2025_116_16;ongelmat;2
1328;116/2025;2025_116_16;orpon;1
1328;116/2025;2025_116_16;osa;1
1328;116/2025;2025_116_16;osakeomistukset;1
1328;116/2025;2025_116_16;osinkoihin;1
1328;116/2025;2025_116_16;osinkoina;1
1328;116/2025;2025_116_16;ottaa;1
1328;116/2025;2025_116_16;ovat;5
1328;116/2025;2025_116_16;palauttaa;1
1328;116/2025;2025_116_16;paljon;1
1328;116/2025;2025_116_16;palkallaan;1
1328;116/2025;2025_116_16;palkansaajien;1
1328;116/2025;2025_116_16;palvelut;1
1328;116/2025;2025_116_16;pankkitileillä;1
1328;116/2025;2025_116_16;panostamme;1
1328;116/2025;2025_116_16;panostuksia;2
1328;116/2025;2025_116_16;parane;1
1328;116/2025;2025_116_16;parantaa;1
1328;116/2025;2025_116_16;paras;1
1328;116/2025;2025_116_16;parhaiten;1
1328;116/2025;2025_116_16;pauli;1
1328;116/2025;2025_116_16;pelastaa;1
1328;116/2025;2025_116_16;pelkästään;1
1328;116/2025;2025_116_16;perua;1
1328;116/2025;2025_116_16;perustaa;1
1328;116/2025;2025_116_16;perustettu;1
1328;116/2025;2025_116_16;pieni;1
1328;116/2025;2025_116_16;pieniin;1
1328;116/2025;2025_116_16;piensijoittajille;1
1328;116/2025;2025_116_16;pitkän;2
1328;116/2025;2025_116_16;pitänyt;1
1328;116/2025;2025_116_16;pitää;12
1328;116/2025;2025_116_16;potentiaalin;1
1328;116/2025;2025_116_16;prosentin;3
1328;116/2025;2025_116_16;prosenttia;1
1328;116/2025;2025_116_16;prosenttiin;1
1328;116/2025;2025_116_16;puhemies;6
1328;116/2025;2025_116_16;puolella;2
1328;116/2025;2025_116_16;puolustusteollisuudesta;1
1328;116/2025;2025_116_16;purran;1
1328;116/2025;2025_116_16;pysyvät;1
1328;116/2025;2025_116_16;päivä;1
1328;116/2025;2025_116_16;pääsevät;2
1328;116/2025;2025_116_16;päätöksiä;2
1328;116/2025;2025_116_16;pörssiyhtiöiden;1
1328;116/2025;2025_116_16;raati;1
1328;116/2025;2025_116_16;rahaa;1
1328;116/2025;2025_116_16;rahastosijoitukset;1
1328;116/2025;2025_116_16;rahoitukseen;1
1328;116/2025;2025_116_16;rakentaa;3
1328;116/2025;2025_116_16;rakenteissa;1
1328;116/2025;2025_116_16;riittää;1
1328;116/2025;2025_116_16;rikki;1
1328;116/2025;2025_116_16;riskillään;1
1328;116/2025;2025_116_16;rohkeita;1
1328;116/2025;2025_116_16;saada;4
1328;116/2025;2025_116_16;saadaan;3
1328;116/2025;2025_116_16;saisi;1
1328;116/2025;2025_116_16;samana;1
1328;116/2025;2025_116_16;se;4
1328;116/2025;2025_116_16;sektoreilta;1
1328;116/2025;2025_116_16;sekä;2
1328;116/2025;2025_116_16;selkäranka;1
1328;116/2025;2025_116_16;sen;1
1328;116/2025;2025_116_16;seuraava;1
1328;116/2025;2025_116_16;siirtymästä;1
1328;116/2025;2025_116_16;siitä;2
1328;116/2025;2025_116_16;sijaan;1
1328;116/2025;2025_116_16;sijoittaa;2
1328;116/2025;2025_116_16;sijoittajat;1
1328;116/2025;2025_116_16;sijoittamisen;1
1328;116/2025;2025_116_16;sijoittavat;2
1328;116/2025;2025_116_16;sijoitukset;1
1328;116/2025;2025_116_16;sitten;1
1328;116/2025;2025_116_16;sitä;3
1328;116/2025;2025_116_16;skaalaavat;1
1328;116/2025;2025_116_16;sotealueilta;1
1328;116/2025;2025_116_16;suhdanteesta;2
1328;116/2025;2025_116_16;suomalaiset;1
1328;116/2025;2025_116_16;suomalaisille;1
1328;116/2025;2025_116_16;suomalaisten;2
1328;116/2025;2025_116_16;suomeen;2
1328;116/2025;2025_116_16;suomen;8
1328;116/2025;2025_116_16;suomi;2
1328;116/2025;2025_116_16;suunnitelma;1
1328;116/2025;2025_116_16;suunnitelman;2
1328;116/2025;2025_116_16;suuriin;1
1328;116/2025;2025_116_16;suurten;1
1328;116/2025;2025_116_16;suurtuloiset;1
1328;116/2025;2025_116_16;suurtuloisten;2
1328;116/2025;2025_116_16;synkkä;2
1328;116/2025;2025_116_16;syvemmällä;2
1328;116/2025;2025_116_16;syyllisiä;1
1328;116/2025;2025_116_16;säästämällä;1
1328;116/2025;2025_116_16;säästöt;2
1328;116/2025;2025_116_16;talman;5
1328;116/2025;2025_116_16;talouden;2
1328;116/2025;2025_116_16;talous;3
1328;116/2025;2025_116_16;taloutemme;1
1328;116/2025;2025_116_16;taloutta;1
1328;116/2025;2025_116_16;tarpeellinen;1
1328;116/2025;2025_116_16;tarvitsee;2
1328;116/2025;2025_116_16;tasapainossa;1
1328;116/2025;2025_116_16;tavoite;2
1328;116/2025;2025_116_16;tavoitteen;1
1328;116/2025;2025_116_16;tehtävä;1
1328;116/2025;2025_116_16;tekevät;1
1328;116/2025;2025_116_16;teknologiapuistoista;1
1328;116/2025;2025_116_16;tekoja;1
1328;116/2025;2025_116_16;tekoäly;1
1328;116/2025;2025_116_16;tekoälyn;2
1328;116/2025;2025_116_16;tekoälyohjelma;1
1328;116/2025;2025_116_16;tervettä;1
1328;116/2025;2025_116_16;terveysteknologia;1
1328;116/2025;2025_116_16;tienaavat;1
1328;116/2025;2025_116_16;tietävät;2
1328;116/2025;2025_116_16;tilanne;1
1328;116/2025;2025_116_16;toimeen;1
1328;116/2025;2025_116_16;toimi;1
1328;116/2025;2025_116_16;toimia;1
1328;116/2025;2025_116_16;toimialojen;1
1328;116/2025;2025_116_16;toimiva;1
1328;116/2025;2025_116_16;toivomalla;1
1328;116/2025;2025_116_16;toivottu;1
1328;116/2025;2025_116_16;tukea;1
1328;116/2025;2025_116_16;tukemaan;1
1328;116/2025;2025_116_16;tuki;1
1328;116/2025;2025_116_16;tulee;1
1328;116/2025;2025_116_16;tulevaan;1
1328;116/2025;2025_116_16;tulevat;3
1328;116/2025;2025_116_16;tulokset;1
1328;116/2025;2025_116_16;tulossa;1
1328;116/2025;2025_116_16;tuo;2
1328;116/2025;2025_116_16;tuottavuuden;2
1328;116/2025;2025_116_16;tuottavuudessa;1
1328;116/2025;2025_116_16;tuottavuus;3
1328;116/2025;2025_116_16;turha;1
1328;116/2025;2025_116_16;turkin;1
1328;116/2025;2025_116_16;turvallinen;1
1328;116/2025;2025_116_16;työtunnit;1
1328;116/2025;2025_116_16;tähtäimen;1
1328;116/2025;2025_116_16;tähän;1
1328;116/2025;2025_116_16;tämä;2
1328;116/2025;2025_116_16;tämän;1
1328;116/2025;2025_116_16;tätä;5
1328;116/2025;2025_116_16;töitä;1
1328;116/2025;2025_116_16;uskallettava;1
1328;116/2025;2025_116_16;uskomaan;1
1328;116/2025;2025_116_16;uskottavan;1
1328;116/2025;2025_116_16;uudesta;1
1328;116/2025;2025_116_16;uudet;1
1328;116/2025;2025_116_16;uusi;1
1328;116/2025;2025_116_16;uutta;1
1328;116/2025;2025_116_16;vaaditaan;1
1328;116/2025;2025_116_16;vaan;1
1328;116/2025;2025_116_16;vahvuutensa;1
1328;116/2025;2025_116_16;vaikka;1
1328;116/2025;2025_116_16;vaikuttavia;1
1328;116/2025;2025_116_16;vain;4
1328;116/2025;2025_116_16;valitsee;1
1328;116/2025;2025_116_16;valittava;1
1328;116/2025;2025_116_16;valtakunnallinen;1
1328;116/2025;2025_116_16;valuu;1
1328;116/2025;2025_116_16;vanha;1
1328;116/2025;2025_116_16;varaa;1
1328;116/2025;2025_116_16;varat;1
1328;116/2025;2025_116_16;varoista;1
1328;116/2025;2025_116_16;varoja;1
1328;116/2025;2025_116_16;varten;1
1328;116/2025;2025_116_16;vaurastua;1
1328;116/2025;2025_116_16;veroale;1
1328;116/2025;2025_116_16;veroalennuksen;1
1328;116/2025;2025_116_16;veroasteella;1
1328;116/2025;2025_116_16;verohuojennuksiin;1
1328;116/2025;2025_116_16;verojen;1
1328;116/2025;2025_116_16;verokannustin;1
1328;116/2025;2025_116_16;veroratkaisuilla;1
1328;116/2025;2025_116_16;verotukseen;1
1328;116/2025;2025_116_16;verotuksella;1
1328;116/2025;2025_116_16;viedä;1
1328;116/2025;2025_116_16;viedään;1
1328;116/2025;2025_116_16;vielä;1
1328;116/2025;2025_116_16;vihreästä;1
1328;116/2025;2025_116_16;viisi;1
1328;116/2025;2025_116_16;vika;1
1328;116/2025;2025_116_16;virheet;1
1328;116/2025;2025_116_16;voi;2
1328;116/2025;2025_116_16;voisi;1
1328;116/2025;2025_116_16;voitot;1
1328;116/2025;2025_116_16;vuoden;1
1328;116/2025;2025_116_16;vuodessa;2
1328;116/2025;2025_116_16;vuosikymmenen;1
1328;116/2025;2025_116_16;vuotta;1
1328;116/2025;2025_116_16;vähintään;1
1328;116/2025;2025_116_16;väärä;1
1328;116/2025;2025_116_16;yhteensä;1
1328;116/2025;2025_116_16;yhteiskunnalle;1
1328;116/2025;2025_116_16;yhteisöveroa;2
1328;116/2025;2025_116_16;yhteisöveron;3
1328;116/2025;2025_116_16;yksityisellä;1
1328;116/2025;2025_116_16;yksityiset;1
1328;116/2025;2025_116_16;yli;1
1328;116/2025;2025_116_16;yrityksensä;1
1328;116/2025;2025_116_16;yritykset;3
1328;116/2025;2025_116_16;yrityksiin;3
1328;116/2025;2025_116_16;yritys;3
1328;116/2025;2025_116_16;yritysten;1
1328;116/2025;2025_116_16;ärade;5
1328;117/2021;2021_117_103;arvoisa;1
1328;117/2021;2021_117_103;automaattisesti;1
1328;117/2021;2021_117_103;ay-liike;1
1328;117/2021;2021_117_103;ay-liikkeen;1
1328;117/2021;2021_117_103;budjettiinsa;1
1328;117/2021;2021_117_103;ei;3
1328;117/2021;2021_117_103;eli;1
1328;117/2021;2021_117_103;enemmän;1
1328;117/2021;2021_117_103;ennen;2
1328;117/2021;2021_117_103;esimerkkejä;1
1328;117/2021;2021_117_103;ette;1
1328;117/2021;2021_117_103;ettekö;1
1328;117/2021;2021_117_103;että;1
1328;117/2021;2021_117_103;firmojen;1
1328;117/2021;2021_117_103;hallitus;2
1328;117/2021;2021_117_103;harkinnan;1
1328;117/2021;2021_117_103;hyvä;1
1328;117/2021;2021_117_103;indeksikorotuksen;1
1328;117/2021;2021_117_103;ja;7
1328;117/2021;2021_117_103;jatkuva;1
1328;117/2021;2021_117_103;jo;1
1328;117/2021;2021_117_103;joista;1
1328;117/2021;2021_117_103;joka;1
1328;117/2021;2021_117_103;jos;1
1328;117/2021;2021_117_103;julkisen;1
1328;117/2021;2021_117_103;järjestelmä;1
1328;117/2021;2021_117_103;kautta;1
1328;117/2021;2021_117_103;koko;1
1328;117/2021;2021_117_103;kokonaan;1
1328;117/2021;2021_117_103;konkurssissa;1
1328;117/2021;2021_117_103;koskaan;1
1328;117/2021;2021_117_103;kuin;3
1328;117/2021;2021_117_103;kukaan;1
1328;117/2021;2021_117_103;kulttuuri;1
1328;117/2021;2021_117_103;kulttuurilta;1
1328;117/2021;2021_117_103;kymmeniä;1
1328;117/2021;2021_117_103;kysymys;2
1328;117/2021;2021_117_103;lailla;1
1328;117/2021;2021_117_103;luottamukseen;1
1328;117/2021;2021_117_103;luottamusta;1
1328;117/2021;2021_117_103;miksi;1
1328;117/2021;2021_117_103;miljoonan;1
1328;117/2021;2021_117_103;miljoonia;1
1328;117/2021;2021_117_103;mitä;2
1328;117/2021;2021_117_103;mitään;2
1328;117/2021;2021_117_103;monet;1
1328;117/2021;2021_117_103;mutta;1
1328;117/2021;2021_117_103;muut;1
1328;117/2021;2021_117_103;niin;1
1328;117/2021;2021_117_103;niissä;1
1328;117/2021;2021_117_103;nostaa;1
1328;117/2021;2021_117_103;nyt;2
1328;117/2021;2021_117_103;ole;1
1328;117/2021;2021_117_103;olen;1
1328;117/2021;2021_117_103;olette;1
1328;117/2021;2021_117_103;olisi;1
1328;117/2021;2021_117_103;onhan;1
1328;117/2021;2021_117_103;onko;1
1328;117/2021;2021_117_103;oppinut;1
1328;117/2021;2021_117_103;osinkoja;1
1328;117/2021;2021_117_103;otetaan;2
1328;117/2021;2021_117_103;ovat;1
1328;117/2021;2021_117_103;perustuu;1
1328;117/2021;2021_117_103;poliisit;1
1328;117/2021;2021_117_103;poliittinen;1
1328;117/2021;2021_117_103;porsaanreikiä;1
1328;117/2021;2021_117_103;potkut;1
1328;117/2021;2021_117_103;puhemies;2
1328;117/2021;2021_117_103;puhuivat;1
1328;117/2021;2021_117_103;puolueet;1
1328;117/2021;2021_117_103;pysytään;1
1328;117/2021;2021_117_103;pyörittää;1
1328;117/2021;2021_117_103;päätökset;1
1328;117/2021;2021_117_103;rapauttaa;1
1328;117/2021;2021_117_103;ravintolat;1
1328;117/2021;2021_117_103;saa;1
1328;117/2021;2021_117_103;saaneet;1
1328;117/2021;2021_117_103;saanut;1
1328;117/2021;2021_117_103;saman;1
1328;117/2021;2021_117_103;se;1
1328;117/2021;2021_117_103;seuraavat;1
1328;117/2021;2021_117_103;siihen;1
1328;117/2021;2021_117_103;siinäpä;1
1328;117/2021;2021_117_103;sillä;1
1328;117/2021;2021_117_103;sitä;1
1328;117/2021;2021_117_103;suunnitella;1
1328;117/2021;2021_117_103;talman;1
1328;117/2021;2021_117_103;talouden;1
1328;117/2021;2021_117_103;tapahtumat;1
1328;117/2021;2021_117_103;tehdään;1
1328;117/2021;2021_117_103;teille;1
1328;117/2021;2021_117_103;tekemässä;1
1328;117/2021;2021_117_103;tempoilu;1
1328;117/2021;2021_117_103;tiedä;1
1328;117/2021;2021_117_103;toimijana;1
1328;117/2021;2021_117_103;toimintaa;1
1328;117/2021;2021_117_103;toimisi;1
1328;117/2021;2021_117_103;toimitusjohtaja;1
1328;117/2021;2021_117_103;tullessaan;1
1328;117/2021;2021_117_103;tuovat;1
1328;117/2021;2021_117_103;tämä;1
1328;117/2021;2021_117_103;ulkopuolella;1
1328;117/2021;2021_117_103;umpeen;1
1328;117/2021;2021_117_103;urheilu;1
1328;117/2021;2021_117_103;uskottavuutta;1
1328;117/2021;2021_117_103;vaaleja;1
1328;117/2021;2021_117_103;varpaillaan;1
1328;117/2021;2021_117_103;velkaa;1
1328;117/2021;2021_117_103;verottomia;1
1328;117/2021;2021_117_103;verotuksen;1
1328;117/2021;2021_117_103;verran;1
1328;117/2021;2021_117_103;vetäjänä;1
1328;117/2021;2021_117_103;voi;2
1328;117/2021;2021_117_103;vuodet;1
1328;117/2021;2021_117_103;vuosi;1
1328;117/2021;2021_117_103;yleishyödyllisenä;1
1328;117/2021;2021_117_103;yleisradio;2
1328;117/2021;2021_117_103;ymmärrä;1
1328;117/2021;2021_117_103;yrittäjänä;1
1328;117/2021;2021_117_103;yritys;1
1328;117/2021;2021_117_103;ärade;1
1328;117/2022;2022_117_58;ajaa;1
1328;117/2022;2022_117_58;alas;1
1328;117/2022;2022_117_58;arvoisa;1
1328;117/2022;2022_117_58;ei;2
1328;117/2022;2022_117_58;hoitaa;1
1328;117/2022;2022_117_58;hyväksy;1
1328;117/2022;2022_117_58;itse;1
1328;117/2022;2022_117_58;ja;2
1328;117/2022;2022_117_58;jota;1
1328;117/2022;2022_117_58;kurvinen;1
1328;117/2022;2022_117_58;kuten;1
1328;117/2022;2022_117_58;kuuluvat;1
1328;117/2022;2022_117_58;kyllä;1
1328;117/2022;2022_117_58;lakihankkeen;1
1328;117/2022;2022_117_58;liike;1
1328;117/2022;2022_117_58;me;1
1328;117/2022;2022_117_58;meidän;1
1328;117/2022;2022_117_58;metsien;1
1328;117/2022;2022_117_58;metsät;2
1328;117/2022;2022_117_58;metsäteollisuutta;1
1328;117/2022;2022_117_58;ministeri;1
1328;117/2022;2022_117_58;niitä;1
1328;117/2022;2022_117_58;nyt;1
1328;117/2022;2022_117_58;oletteko;1
1328;117/2022;2022_117_58;osaamme;1
1328;117/2022;2022_117_58;ovat;1
1328;117/2022;2022_117_58;perumaan;1
1328;117/2022;2022_117_58;puhemies;1
1328;117/2022;2022_117_58;ruotsalaiset;1
1328;117/2022;2022_117_58;sosialisointia;1
1328;117/2022;2022_117_58;suomalaiset;1
1328;117/2022;2022_117_58;suomalaisilla;1
1328;117/2022;2022_117_58;suomalaisille;1
1328;117/2022;2022_117_58;suomen;1
1328;117/2022;2022_117_58;säilyttämään;1
1328;117/2022;2022_117_58;talman;1
1328;117/2022;2022_117_58;tavalla;1
1328;117/2022;2022_117_58;tehdä;1
1328;117/2022;2022_117_58;tehneet;1
1328;117/2022;2022_117_58;tällä;1
1328;117/2022;2022_117_58;tämän;1
1328;117/2022;2022_117_58;valmiit;1
1328;117/2022;2022_117_58;vasemmistohallitus;1
1328;117/2022;2022_117_58;voi;1
1328;117/2022;2022_117_58;yrittää;1
1328;117/2022;2022_117_58;ärade;1
1328;118/2024;2024_118_19;aikanaan;1
1328;118/2024;2024_118_19;aivan;3
1328;118/2024;2024_118_19;arvoisa;4
1328;118/2024;2024_118_19;aselevosta;1
1328;118/2024;2024_118_19;asema;1
1328;118/2024;2024_118_19;asia;3
1328;118/2024;2024_118_19;asioista;2
1328;118/2024;2024_118_19;baltian;1
1328;118/2024;2024_118_19;eduskunnassa;1
1328;118/2024;2024_118_19;ehdoista;1
1328;118/2024;2024_118_19;ei;1
1328;118/2024;2024_118_19;eivät;1
1328;118/2024;2024_118_19;elämisen;1
1328;118/2024;2024_118_19;enemmän;1
1328;118/2024;2024_118_19;ensisijaisesti;1
1328;118/2024;2024_118_19;enää;1
1328;118/2024;2024_118_19;eri;1
1328;118/2024;2024_118_19;erilainen;1
1328;118/2024;2024_118_19;erityinen;1
1328;118/2024;2024_118_19;erityisen;1
1328;118/2024;2024_118_19;erityisesti;1
1328;118/2024;2024_118_19;ettemme;1
1328;118/2024;2024_118_19;että;3
1328;118/2024;2024_118_19;eu;1
1328;118/2024;2024_118_19;euroopan;4
1328;118/2024;2024_118_19;eurooppalaisia;1
1328;118/2024;2024_118_19;heikkoja;1
1328;118/2024;2024_118_19;heikoin;1
1328;118/2024;2024_118_19;heittelee;2
1328;118/2024;2024_118_19;helmikuussa;1
1328;118/2024;2024_118_19;hukassa;1
1328;118/2024;2024_118_19;huolimatta;1
1328;118/2024;2024_118_19;huolta;2
1328;118/2024;2024_118_19;huonoon;1
1328;118/2024;2024_118_19;hyvin;1
1328;118/2024;2024_118_19;hyökkäyksestä;1
1328;118/2024;2024_118_19;ikuisesti;1
1328;118/2024;2024_118_19;italian;1
1328;118/2024;2024_118_19;itsenäisyydestä;1
1328;118/2024;2024_118_19;itsenäisyyttään;1
1328;118/2024;2024_118_19;ja;19
1328;118/2024;2024_118_19;jo;1
1328;118/2024;2024_118_19;johtajuus;1
1328;118/2024;2024_118_19;joissa;1
1328;118/2024;2024_118_19;jonka;1
1328;118/2024;2024_118_19;jos;1
1328;118/2024;2024_118_19;jotka;1
1328;118/2024;2024_118_19;joudu;1
1328;118/2024;2024_118_19;juuri;1
1328;118/2024;2024_118_19;jälleenrakentamisessa;1
1328;118/2024;2024_118_19;jäsen;1
1328;118/2024;2024_118_19;kaiken;1
1328;118/2024;2024_118_19;kaikilla;1
1328;118/2024;2024_118_19;kaikin;1
1328;118/2024;2024_118_19;kaikki;1
1328;118/2024;2024_118_19;kaipaa;1
1328;118/2024;2024_118_19;kannattaa;1
1328;118/2024;2024_118_19;kansainvälisen;1
1328;118/2024;2024_118_19;karttaa;1
1328;118/2024;2024_118_19;katsoa;1
1328;118/2024;2024_118_19;keinoin;1
1328;118/2024;2024_118_19;kiittää;1
1328;118/2024;2024_118_19;kiovaan;1
1328;118/2024;2024_118_19;kokouksia;1
1328;118/2024;2024_118_19;kolmessa;1
1328;118/2024;2024_118_19;koskee;1
1328;118/2024;2024_118_19;kuin;7
1328;118/2024;2024_118_19;kun;1
1328;118/2024;2024_118_19;kuten;1
1328;118/2024;2024_118_19;kyse;1
1328;118/2024;2024_118_19;kävellyt;1
1328;118/2024;2024_118_19;käynnistäminen;1
1328;118/2024;2024_118_19;lenkki;1
1328;118/2024;2024_118_19;liikaa;1
1328;118/2024;2024_118_19;lisäksi;1
1328;118/2024;2024_118_19;lähtökohta;1
1328;118/2024;2024_118_19;maailma;1
1328;118/2024;2024_118_19;maan;1
1328;118/2024;2024_118_19;mahdollisimman;1
1328;118/2024;2024_118_19;mahdollisin;1
1328;118/2024;2024_118_19;mahdollista;1
1328;118/2024;2024_118_19;maiden;1
1328;118/2024;2024_118_19;meidän;4
1328;118/2024;2024_118_19;meillä;1
1328;118/2024;2024_118_19;merkitys;1
1328;118/2024;2024_118_19;mielekkään;1
1328;118/2024;2024_118_19;milloin;1
1328;118/2024;2024_118_19;miten;1
1328;118/2024;2024_118_19;muissa;1
1328;118/2024;2024_118_19;mukana;1
1328;118/2024;2024_118_19;mutta;1
1328;118/2024;2024_118_19;muutamassa;1
1328;118/2024;2024_118_19;muuttunut;1
1328;118/2024;2024_118_19;myös;5
1328;118/2024;2024_118_19;naapurina;1
1328;118/2024;2024_118_19;nato;1
1328;118/2024;2024_118_19;natossa;1
1328;118/2024;2024_118_19;ne;1
1328;118/2024;2024_118_19;niiden;1
1328;118/2024;2024_118_19;niin;4
1328;118/2024;2024_118_19;niissä;1
1328;118/2024;2024_118_19;niistä;1
1328;118/2024;2024_118_19;nyt;3
1328;118/2024;2024_118_19;näillä;1
1328;118/2024;2024_118_19;oikeassa;1
1328;118/2024;2024_118_19;oli;2
1328;118/2024;2024_118_19;olisi;2
1328;118/2024;2024_118_19;olla;1
1328;118/2024;2024_118_19;ollut;1
1328;118/2024;2024_118_19;omasta;1
1328;118/2024;2024_118_19;omista;1
1328;118/2024;2024_118_19;on;13
1328;118/2024;2024_118_19;otettava;1
1328;118/2024;2024_118_19;ovat;2
1328;118/2024;2024_118_19;paljon;1
1328;118/2024;2024_118_19;pelinappulaksi;1
1328;118/2024;2024_118_19;pidetty;1
1328;118/2024;2024_118_19;pitää;4
1328;118/2024;2024_118_19;politiikan;1
1328;118/2024;2024_118_19;portugalin;1
1328;118/2024;2024_118_19;presidentti;1
1328;118/2024;2024_118_19;puhemies;4
1328;118/2024;2024_118_19;puhutaan;2
1328;118/2024;2024_118_19;puolan;1
1328;118/2024;2024_118_19;puolustaneet;1
1328;118/2024;2024_118_19;puolustuksen;1
1328;118/2024;2024_118_19;puolustuksesta;1
1328;118/2024;2024_118_19;puolustusteollisuuden;1
1328;118/2024;2024_118_19;putin;1
1328;118/2024;2024_118_19;päidemme;1
1328;118/2024;2024_118_19;päivässä;1
1328;118/2024;2024_118_19;päivää;1
1328;118/2024;2024_118_19;päätetään;2
1328;118/2024;2024_118_19;päättyvät;1
1328;118/2024;2024_118_19;päättyy;2
1328;118/2024;2024_118_19;päätöksiä;1
1328;118/2024;2024_118_19;pöydissä;2
1328;118/2024;2024_118_19;raakalaismaisesta;1
1328;118/2024;2024_118_19;rakentaminen;1
1328;118/2024;2024_118_19;rauhan;2
1328;118/2024;2024_118_19;reilun;1
1328;118/2024;2024_118_19;ripeä;1
1328;118/2024;2024_118_19;saamisessa;1
1328;118/2024;2024_118_19;saavat;1
1328;118/2024;2024_118_19;sama;1
1328;118/2024;2024_118_19;se;1
1328;118/2024;2024_118_19;selvisivät;1
1328;118/2024;2024_118_19;selvää;1
1328;118/2024;2024_118_19;siinä;1
1328;118/2024;2024_118_19;siitä;2
1328;118/2024;2024_118_19;siksi;1
1328;118/2024;2024_118_19;silloin;2
1328;118/2024;2024_118_19;sisäinen;1
1328;118/2024;2024_118_19;sisäisestä;1
1328;118/2024;2024_118_19;sitä;2
1328;118/2024;2024_118_19;sodassa;1
1328;118/2024;2024_118_19;sodat;1
1328;118/2024;2024_118_19;sota;1
1328;118/2024;2024_118_19;sotajohto;1
1328;118/2024;2024_118_19;suhtautuminen;2
1328;118/2024;2024_118_19;suomalaiset;1
1328;118/2024;2024_118_19;suomelle;1
1328;118/2024;2024_118_19;suomen;2
1328;118/2024;2024_118_19;suomessa;1
1328;118/2024;2024_118_19;suomi;2
1328;118/2024;2024_118_19;suunnitellut;1
1328;118/2024;2024_118_19;suunnittelua;1
1328;118/2024;2024_118_19;suuntaan;1
1328;118/2024;2024_118_19;talman;3
1328;118/2024;2024_118_19;tarvitaan;1
1328;118/2024;2024_118_19;tarvitse;1
1328;118/2024;2024_118_19;tekoja;1
1328;118/2024;2024_118_19;trump;1
1328;118/2024;2024_118_19;tuettava;1
1328;118/2024;2024_118_19;tuhat;1
1328;118/2024;2024_118_19;tulitauosta;1
1328;118/2024;2024_118_19;turvallisuudesta;1
1328;118/2024;2024_118_19;turvallisuudestaan;1
1328;118/2024;2024_118_19;turvallisuus;1
1328;118/2024;2024_118_19;tämä;1
1328;118/2024;2024_118_19;tärkeänä;1
1328;118/2024;2024_118_19;täällä;1
1328;118/2024;2024_118_19;ukrainaa;3
1328;118/2024;2024_118_19;ukrainalaisia;1
1328;118/2024;2024_118_19;ukrainan;5
1328;118/2024;2024_118_19;ulkoinen;1
1328;118/2024;2024_118_19;ulkoisesta;1
1328;118/2024;2024_118_19;unionissa;1
1328;118/2024;2024_118_19;uskottavasta;1
1328;118/2024;2024_118_19;vaativat;1
1328;118/2024;2024_118_19;vajaassa;1
1328;118/2024;2024_118_19;valitettavasti;1
1328;118/2024;2024_118_19;vastuuta;1
1328;118/2024;2024_118_19;venäjän;2
1328;118/2024;2024_118_19;venäjään;2
1328;118/2024;2024_118_19;viimeksi;1
1328;118/2024;2024_118_19;vuodessa;1
1328;118/2024;2024_118_19;yhdysvaltojen;1
1328;118/2024;2024_118_19;yhteisen;1
1328;118/2024;2024_118_19;yhtenäisyys;1
1328;118/2024;2024_118_19;yhtenäisyyttä;1
1328;118/2024;2024_118_19;yhtä;1
1328;118/2024;2024_118_19;yli;1
1328;118/2024;2024_118_19;ymmärtää;1
1328;118/2024;2024_118_19;ärade;3
1328;119/2024;2024_119_29;aiheuttaa;1
1328;119/2024;2024_119_29;aikaa;1
1328;119/2024;2024_119_29;aikaan;2
1328;119/2024;2024_119_29;aikaiseksi;1
1328;119/2024;2024_119_29;aikana;1
1328;119/2024;2024_119_29;aivan;1
1328;119/2024;2024_119_29;ajan;1
1328;119/2024;2024_119_29;ajatteluun;1
1328;119/2024;2024_119_29;aluevaaliohjelmassa;1
1328;119/2024;2024_119_29;apua;1
1328;119/2024;2024_119_29;arjessa;1
1328;119/2024;2024_119_29;arvoisa;3
1328;119/2024;2024_119_29;asiantuntijoita;1
1328;119/2024;2024_119_29;asioita;1
1328;119/2024;2024_119_29;edellistä;1
1328;119/2024;2024_119_29;ei;8
1328;119/2024;2024_119_29;eikä;2
1328;119/2024;2024_119_29;eivätkä;1
1328;119/2024;2024_119_29;ensin;1
1328;119/2024;2024_119_29;erikoissairaanhoito;1
1328;119/2024;2024_119_29;erittäin;2
1328;119/2024;2024_119_29;etteivät;1
1328;119/2024;2024_119_29;että;5
1328;119/2024;2024_119_29;euroja;1
1328;119/2024;2024_119_29;eurojen;1
1328;119/2024;2024_119_29;euron;1
1328;119/2024;2024_119_29;eurot;1
1328;119/2024;2024_119_29;haasteet;1
1328;119/2024;2024_119_29;hallituksella;1
1328;119/2024;2024_119_29;hallituksen;2
1328;119/2024;2024_119_29;hallitus;2
1328;119/2024;2024_119_29;hallitusta;1
1328;119/2024;2024_119_29;harva;1
1328;119/2024;2024_119_29;he;1
1328;119/2024;2024_119_29;heikennä;1
1328;119/2024;2024_119_29;heillä;1
1328;119/2024;2024_119_29;heistä;1
1328;119/2024;2024_119_29;heittoja;1
1328;119/2024;2024_119_29;herännyt;1
1328;119/2024;2024_119_29;hinnalla;1
1328;119/2024;2024_119_29;hoidon;1
1328;119/2024;2024_119_29;hoitajista;1
1328;119/2024;2024_119_29;hoitoa;2
1328;119/2024;2024_119_29;hoitoon;1
1328;119/2024;2024_119_29;hoitoonpääsyä;1
1328;119/2024;2024_119_29;hoivaa;2
1328;119/2024;2024_119_29;huolissani;1
1328;119/2024;2024_119_29;husia;1
1328;119/2024;2024_119_29;hyvinvointialueet;1
1328;119/2024;2024_119_29;hyvä;1
1328;119/2024;2024_119_29;hyvällä;1
1328;119/2024;2024_119_29;ihminen;1
1328;119/2024;2024_119_29;ihmiset;1
1328;119/2024;2024_119_29;ihmisiä;2
1328;119/2024;2024_119_29;ihmisten;2
1328;119/2024;2024_119_29;ikäihmisten;1
1328;119/2024;2024_119_29;ikänsä;1
1328;119/2024;2024_119_29;ikään;1
1328;119/2024;2024_119_29;ja;10
1328;119/2024;2024_119_29;jatkuu;1
1328;119/2024;2024_119_29;jo;1
1328;119/2024;2024_119_29;johtaa;1
1328;119/2024;2024_119_29;joka;1
1328;119/2024;2024_119_29;jos;2
1328;119/2024;2024_119_29;joten;1
1328;119/2024;2024_119_29;jotka;1
1328;119/2024;2024_119_29;julkinen;1
1328;119/2024;2024_119_29;julkisen;1
1328;119/2024;2024_119_29;juuso;1
1328;119/2024;2024_119_29;järjenvastaisia;1
1328;119/2024;2024_119_29;järjestelmä;1
1328;119/2024;2024_119_29;kahden;1
1328;119/2024;2024_119_29;kaikille;1
1328;119/2024;2024_119_29;kaikki;1
1328;119/2024;2024_119_29;kannattaa;1
1328;119/2024;2024_119_29;kasvamassa;1
1328;119/2024;2024_119_29;kasvanut;1
1328;119/2024;2024_119_29;katsokaa;1
1328;119/2024;2024_119_29;katsotaan;1
1328;119/2024;2024_119_29;kerran;1
1328;119/2024;2024_119_29;keskustan;1
1328;119/2024;2024_119_29;kiitos;1
1328;119/2024;2024_119_29;kiuru;1
1328;119/2024;2024_119_29;kohta;1
1328;119/2024;2024_119_29;koko;2
1328;119/2024;2024_119_29;kokoomus;1
1328;119/2024;2024_119_29;korjaussarjasta;1
1328;119/2024;2024_119_29;korjausvelkaa;1
1328;119/2024;2024_119_29;kriisistä;1
1328;119/2024;2024_119_29;krista;1
1328;119/2024;2024_119_29;kuin;3
1328;119/2024;2024_119_29;kuka;1
1328;119/2024;2024_119_29;kuluja;1
1328;119/2024;2024_119_29;kun;6
1328;119/2024;2024_119_29;kuntoon;1
1328;119/2024;2024_119_29;kustannuksella;1
1328;119/2024;2024_119_29;kustannusten;1
1328;119/2024;2024_119_29;kuten;1
1328;119/2024;2024_119_29;kuviota;1
1328;119/2024;2024_119_29;kykene;1
1328;119/2024;2024_119_29;kysymys;1
1328;119/2024;2024_119_29;kysyä;1
1328;119/2024;2024_119_29;käsittämättömässä;1
1328;119/2024;2024_119_29;käsittämätöntä;1
1328;119/2024;2024_119_29;laaja-alaiseen;1
1328;119/2024;2024_119_29;leikitään;2
1328;119/2024;2024_119_29;liike;2
1328;119/2024;2024_119_29;lisää;1
1328;119/2024;2024_119_29;luottaa;3
1328;119/2024;2024_119_29;luottamaan;1
1328;119/2024;2024_119_29;luottamuksesta;1
1328;119/2024;2024_119_29;luottamus;1
1328;119/2024;2024_119_29;lupauksia;1
1328;119/2024;2024_119_29;lupauksiin;1
1328;119/2024;2024_119_29;lupausten;1
1328;119/2024;2024_119_29;luvattiin;1
1328;119/2024;2024_119_29;läpi;1
1328;119/2024;2024_119_29;lääkäriin;1
1328;119/2024;2024_119_29;lääkärille;1
1328;119/2024;2024_119_29;löytyvät;1
1328;119/2024;2024_119_29;maksaneet;1
1328;119/2024;2024_119_29;maksaneiden;1
1328;119/2024;2024_119_29;meillä;1
1328;119/2024;2024_119_29;menetyksen;1
1328;119/2024;2024_119_29;menetyksiä;1
1328;119/2024;2024_119_29;meno;1
1328;119/2024;2024_119_29;merkittävästi;1
1328;119/2024;2024_119_29;miettimään;1
1328;119/2024;2024_119_29;miljardien;1
1328;119/2024;2024_119_29;miljoonat;1
1328;119/2024;2024_119_29;millään;1
1328;119/2024;2024_119_29;ministeri;1
1328;119/2024;2024_119_29;ministerit;2
1328;119/2024;2024_119_29;mistä;1
1328;119/2024;2024_119_29;mitkä;1
1328;119/2024;2024_119_29;mitä;1
1328;119/2024;2024_119_29;mitään;1
1328;119/2024;2024_119_29;mutta;3
1328;119/2024;2024_119_29;muuta;1
1328;119/2024;2024_119_29;myös;1
1328;119/2024;2024_119_29;määrä;2
1328;119/2024;2024_119_29;ne;2
1328;119/2024;2024_119_29;niin;2
1328;119/2024;2024_119_29;no;1
1328;119/2024;2024_119_29;noin;1
1328;119/2024;2024_119_29;nopea;1
1328;119/2024;2024_119_29;nopeita;1
1328;119/2024;2024_119_29;nykyinen;1
1328;119/2024;2024_119_29;nyt;8
1328;119/2024;2024_119_29;nytin;1
1328;119/2024;2024_119_29;näihin;1
1328;119/2024;2024_119_29;näin;1
1328;119/2024;2024_119_29;näistä;1
1328;119/2024;2024_119_29;näitä;2
1328;119/2024;2024_119_29;näyttää;1
1328;119/2024;2024_119_29;odottaa;2
1328;119/2024;2024_119_29;oikean;1
1328;119/2024;2024_119_29;oikeasti;2
1328;119/2024;2024_119_29;oikein;1
1328;119/2024;2024_119_29;oikeus;1
1328;119/2024;2024_119_29;ole;2
1328;119/2024;2024_119_29;olemme;1
1328;119/2024;2024_119_29;olen;1
1328;119/2024;2024_119_29;oli;1
1328;119/2024;2024_119_29;olleet;1
1328;119/2024;2024_119_29;omalääkärimallia;1
1328;119/2024;2024_119_29;omalääkärimalliin;1
1328;119/2024;2024_119_29;omalääkäriä;1
1328;119/2024;2024_119_29;omatoimisena;1
1328;119/2024;2024_119_29;on;17
1328;119/2024;2024_119_29;onko;1
1328;119/2024;2024_119_29;osalta;1
1328;119/2024;2024_119_29;ottaa;1
1328;119/2024;2024_119_29;ovat;7
1328;119/2024;2024_119_29;paikka;1
1328;119/2024;2024_119_29;paljon;2
1328;119/2024;2024_119_29;paljonko;1
1328;119/2024;2024_119_29;palvelut;1
1328;119/2024;2024_119_29;panna;1
1328;119/2024;2024_119_29;parane;1
1328;119/2024;2024_119_29;parantavat;2
1328;119/2024;2024_119_29;parhaita;1
1328;119/2024;2024_119_29;pelataan;1
1328;119/2024;2024_119_29;pelin;1
1328;119/2024;2024_119_29;peliä;1
1328;119/2024;2024_119_29;pelkästään;1
1328;119/2024;2024_119_29;perustanut;1
1328;119/2024;2024_119_29;perusteella;1
1328;119/2024;2024_119_29;perusterveydenhuollossa;1
1328;119/2024;2024_119_29;pidemmät;1
1328;119/2024;2024_119_29;pidempään;1
1328;119/2024;2024_119_29;pidettäisiin;1
1328;119/2024;2024_119_29;pitää;7
1328;119/2024;2024_119_29;pohja;1
1328;119/2024;2024_119_29;pois;1
1328;119/2024;2024_119_29;poliittista;1
1328;119/2024;2024_119_29;puheet;1
1328;119/2024;2024_119_29;puheita;1
1328;119/2024;2024_119_29;puhemies;3
1328;119/2024;2024_119_29;puhunut;1
1328;119/2024;2024_119_29;puhutaan;1
1328;119/2024;2024_119_29;pulaa;1
1328;119/2024;2024_119_29;puolueet;1
1328;119/2024;2024_119_29;putoaa;1
1328;119/2024;2024_119_29;puuttuu;1
1328;119/2024;2024_119_29;pystyttävä;1
1328;119/2024;2024_119_29;päinvastoin;1
1328;119/2024;2024_119_29;pärjäämistä;1
1328;119/2024;2024_119_29;pääse;1
1328;119/2024;2024_119_29;pääsy;1
1328;119/2024;2024_119_29;pääsyä;1
1328;119/2024;2024_119_29;päätökset;1
1328;119/2024;2024_119_29;päätöksiä;2
1328;119/2024;2024_119_29;rahaa;1
1328;119/2024;2024_119_29;rahoituslaki;1
1328;119/2024;2024_119_29;rakentaa;1
1328;119/2024;2024_119_29;rakentamassa;1
1328;119/2024;2024_119_29;ratkaisevat;1
1328;119/2024;2024_119_29;rohkeita;1
1328;119/2024;2024_119_29;saa;2
1328;119/2024;2024_119_29;saada;1
1328;119/2024;2024_119_29;saanti;1
1328;119/2024;2024_119_29;saanut;1
1328;119/2024;2024_119_29;saavat;2
1328;119/2024;2024_119_29;sadat;1
1328;119/2024;2024_119_29;sairauspoissaolopäivä;1
1328;119/2024;2024_119_29;sairauspäivien;2
1328;119/2024;2024_119_29;samaan;2
1328;119/2024;2024_119_29;satoja;1
1328;119/2024;2024_119_29;se;2
1328;119/2024;2024_119_29;sekä;1
1328;119/2024;2024_119_29;selvittämään;1
1328;119/2024;2024_119_29;seuraavalla;1
1328;119/2024;2024_119_29;siihen;5
1328;119/2024;2024_119_29;siilon;1
1328;119/2024;2024_119_29;siirtyä;1
1328;119/2024;2024_119_29;siirtävät;1
1328;119/2024;2024_119_29;siis;1
1328;119/2024;2024_119_29;siksi;1
1328;119/2024;2024_119_29;silloin;1
1328;119/2024;2024_119_29;sitten;2
1328;119/2024;2024_119_29;sitä;3
1328;119/2024;2024_119_29;sote;2
1328;119/2024;2024_119_29;sote-siilon;1
1328;119/2024;2024_119_29;sotekulujen;1
1328;119/2024;2024_119_29;soten;1
1328;119/2024;2024_119_29;sotessa;1
1328;119/2024;2024_119_29;sotesta;2
1328;119/2024;2024_119_29;sotkua;1
1328;119/2024;2024_119_29;suomalaisia;1
1328;119/2024;2024_119_29;suomalaisille;1
1328;119/2024;2024_119_29;suomalaisten;4
1328;119/2024;2024_119_29;suunnitella;1
1328;119/2024;2024_119_29;suuralueiden;1
1328;119/2024;2024_119_29;suuremmat;1
1328;119/2024;2024_119_29;syntymisessä;1
1328;119/2024;2024_119_29;syntyy;1
1328;119/2024;2024_119_29;syyttelevät;1
1328;119/2024;2024_119_29;säästöohjelmasta;1
1328;119/2024;2024_119_29;säästötoimet;1
1328;119/2024;2024_119_29;tai;2
1328;119/2024;2024_119_29;talman;1
1328;119/2024;2024_119_29;talous;1
1328;119/2024;2024_119_29;talouskasvusta;1
1328;119/2024;2024_119_29;taloutta;1
1328;119/2024;2024_119_29;tarve;1
1328;119/2024;2024_119_29;tarvita;1
1328;119/2024;2024_119_29;tarvitaan;1
1328;119/2024;2024_119_29;tarvitsee;1
1328;119/2024;2024_119_29;tarvitsevat;1
1328;119/2024;2024_119_29;tavoin;1
1328;119/2024;2024_119_29;tavoitteena;1
1328;119/2024;2024_119_29;tehdä;1
1328;119/2024;2024_119_29;tehdään;2
1328;119/2024;2024_119_29;tehneet;1
1328;119/2024;2024_119_29;tehtävät;1
1328;119/2024;2024_119_29;tekonivelleikkaukseen;1
1328;119/2024;2024_119_29;teot;1
1328;119/2024;2024_119_29;terveydellä;2
1328;119/2024;2024_119_29;terveyden;1
1328;119/2024;2024_119_29;terveydenhuoltomme;1
1328;119/2024;2024_119_29;terveyttä;1
1328;119/2024;2024_119_29;tilanteessa;1
1328;119/2024;2024_119_29;toimeksi;1
1328;119/2024;2024_119_29;toimenpiteitä;1
1328;119/2024;2024_119_29;toimia;1
1328;119/2024;2024_119_29;touch;1
1328;119/2024;2024_119_29;tuhansia;1
1328;119/2024;2024_119_29;tuijotetaan;1
1328;119/2024;2024_119_29;tukevat;1
1328;119/2024;2024_119_29;tulee;1
1328;119/2024;2024_119_29;tulevan;1
1328;119/2024;2024_119_29;tuntuu;2
1328;119/2024;2024_119_29;tuottavat;1
1328;119/2024;2024_119_29;turhaan;1
1328;119/2024;2024_119_29;tyhjien;1
1328;119/2024;2024_119_29;tyhjiin;1
1328;119/2024;2024_119_29;tyhjiä;1
1328;119/2024;2024_119_29;tyhminä;1
1328;119/2024;2024_119_29;työikäisen;1
1328;119/2024;2024_119_29;työkykyä;1
1328;119/2024;2024_119_29;työkyvyttömiä;1
1328;119/2024;2024_119_29;työryhmiä;1
1328;119/2024;2024_119_29;työryhmän;1
1328;119/2024;2024_119_29;työssäkäyvistä;1
1328;119/2024;2024_119_29;työurat;1
1328;119/2024;2024_119_29;tämä;1
1328;119/2024;2024_119_29;tärkein;1
1328;119/2024;2024_119_29;tässä;2
1328;119/2024;2024_119_29;tätä;2
1328;119/2024;2024_119_29;täysin;1
1328;119/2024;2024_119_29;töitä;1
1328;119/2024;2024_119_29;ulkopuolelle;1
1328;119/2024;2024_119_29;useiden;1
1328;119/2024;2024_119_29;uskomatonta;1
1328;119/2024;2024_119_29;uudellamaalla;1
1328;119/2024;2024_119_29;uudistuksessa;1
1328;119/2024;2024_119_29;uusia;1
1328;119/2024;2024_119_29;uusiksi;1
1328;119/2024;2024_119_29;vaaleissa;1
1328;119/2024;2024_119_29;vaikka;1
1328;119/2024;2024_119_29;vain;4
1328;119/2024;2024_119_29;vakavasti;1
1328;119/2024;2024_119_29;valtavia;1
1328;119/2024;2024_119_29;valtiolta;1
1328;119/2024;2024_119_29;valtiovarainministeriön;1
1328;119/2024;2024_119_29;vanhat;1
1328;119/2024;2024_119_29;varaa;1
1328;119/2024;2024_119_29;varten;1
1328;119/2024;2024_119_29;veronsa;2
1328;119/2024;2024_119_29;vielä;2
1328;119/2024;2024_119_29;vieläkään;1
1328;119/2024;2024_119_29;viikko;1
1328;119/2024;2024_119_29;viime;2
1328;119/2024;2024_119_29;virkamiehet;1
1328;119/2024;2024_119_29;voi;2
1328;119/2024;2024_119_29;voitava;2
1328;119/2024;2024_119_29;vuoden;1
1328;119/2024;2024_119_29;vuodessa;1
1328;119/2024;2024_119_29;vuosina;1
1328;119/2024;2024_119_29;vuotiaille;1
1328;119/2024;2024_119_29;välikysymykseen;1
1328;119/2024;2024_119_29;välikysymys;1
1328;119/2024;2024_119_29;yhteiskunnalle;1
1328;119/2024;2024_119_29;yhtyy;1
1328;119/2024;2024_119_29;yksi;1
1328;119/2024;2024_119_29;yksinkertaisesti;1
1328;119/2024;2024_119_29;yksityiseen;1
1328;119/2024;2024_119_29;yliopistosairaaloiden;1
1328;119/2024;2024_119_29;ympärille;1
1328;119/2024;2024_119_29;yt-neuvotteluissa;2
1328;119/2024;2024_119_29;ärade;1
1328;12/2025;2025_12_21;aiheutetaan;1
1328;12/2025;2025_12_21;aikana;3
1328;12/2025;2025_12_21;aikoja;1
1328;12/2025;2025_12_21;aivan;1
1328;12/2025;2025_12_21;alijäämäisten;1
1328;12/2025;2025_12_21;alkaa;1
1328;12/2025;2025_12_21;aloittaa;1
1328;12/2025;2025_12_21;alueet;1
1328;12/2025;2025_12_21;alueiden;1
1328;12/2025;2025_12_21;alueille;1
1328;12/2025;2025_12_21;alueita;1
1328;12/2025;2025_12_21;ansainnut;1
1328;12/2025;2025_12_21;antaneet;1
1328;12/2025;2025_12_21;arviointimenettelyyn;1
1328;12/2025;2025_12_21;arvoisa;4
1328;12/2025;2025_12_21;arvokkaan;1
1328;12/2025;2025_12_21;arvostaa;1
1328;12/2025;2025_12_21;asumista;1
1328;12/2025;2025_12_21;edellisissä;1
1328;12/2025;2025_12_21;edellä;1
1328;12/2025;2025_12_21;edessä;1
1328;12/2025;2025_12_21;ei;7
1328;12/2025;2025_12_21;eikä;2
1328;12/2025;2025_12_21;eivät;2
1328;12/2025;2025_12_21;eli;2
1328;12/2025;2025_12_21;eläkkeelle;1
1328;12/2025;2025_12_21;eläkkeellä;1
1328;12/2025;2025_12_21;eläkkeestään;1
1328;12/2025;2025_12_21;elämänsä;1
1328;12/2025;2025_12_21;enintään;1
1328;12/2025;2025_12_21;enää;3
1328;12/2025;2025_12_21;epäinhimilliseen;1
1328;12/2025;2025_12_21;epäoikeudenmukaista;1
1328;12/2025;2025_12_21;eri;1
1328;12/2025;2025_12_21;erikoissairaanhoito;1
1328;12/2025;2025_12_21;eritteissään;1
1328;12/2025;2025_12_21;esimerkiksi;1
1328;12/2025;2025_12_21;esitin;1
1328;12/2025;2025_12_21;että;7
1328;12/2025;2025_12_21;euron;2
1328;12/2025;2025_12_21;hakenut;1
1328;12/2025;2025_12_21;hallitus;3
1328;12/2025;2025_12_21;haluaa;1
1328;12/2025;2025_12_21;halutaan;1
1328;12/2025;2025_12_21;hankkeet;1
1328;12/2025;2025_12_21;he;5
1328;12/2025;2025_12_21;heidän;3
1328;12/2025;2025_12_21;heidät;1
1328;12/2025;2025_12_21;heillä;1
1328;12/2025;2025_12_21;heistä;1
1328;12/2025;2025_12_21;heitteillä;1
1328;12/2025;2025_12_21;heittelee;1
1328;12/2025;2025_12_21;henkilökunnalta;1
1328;12/2025;2025_12_21;heti;1
1328;12/2025;2025_12_21;hoitajille;1
1328;12/2025;2025_12_21;hoitavat;2
1328;12/2025;2025_12_21;hoitoa;3
1328;12/2025;2025_12_21;hoitoon;1
1328;12/2025;2025_12_21;hoitoonpääsy;1
1328;12/2025;2025_12_21;hoitopaikka;1
1328;12/2025;2025_12_21;hoitotakuu;1
1328;12/2025;2025_12_21;hoitotakuuta;1
1328;12/2025;2025_12_21;hoivaa;3
1328;12/2025;2025_12_21;huolen;2
1328;12/2025;2025_12_21;huoltaan;1
1328;12/2025;2025_12_21;hyvinvoinnin;1
1328;12/2025;2025_12_21;hyvinvointialue;1
1328;12/2025;2025_12_21;hyvinvointialueet;1
1328;12/2025;2025_12_21;hyvinvointialueiden;1
1328;12/2025;2025_12_21;hän;1
1328;12/2025;2025_12_21;hänestä;1
1328;12/2025;2025_12_21;ihmeessä;1
1328;12/2025;2025_12_21;ihminen;1
1328;12/2025;2025_12_21;ihmisen;1
1328;12/2025;2025_12_21;ihmisille;2
1328;12/2025;2025_12_21;ihmisiä;1
1328;12/2025;2025_12_21;ihmistä;1
1328;12/2025;2025_12_21;ilman;1
1328;12/2025;2025_12_21;inhimillistä;1
1328;12/2025;2025_12_21;it-hankkeisiin;1
1328;12/2025;2025_12_21;ja;17
1328;12/2025;2025_12_21;jatkaa;1
1328;12/2025;2025_12_21;jatkossa;1
1328;12/2025;2025_12_21;jatkuvaa;1
1328;12/2025;2025_12_21;jo;4
1328;12/2025;2025_12_21;johtaa;1
1328;12/2025;2025_12_21;johtanut;1
1328;12/2025;2025_12_21;joissa;1
1328;12/2025;2025_12_21;joka;1
1328;12/2025;2025_12_21;jokainen;2
1328;12/2025;2025_12_21;josta;1
1328;12/2025;2025_12_21;jotka;2
1328;12/2025;2025_12_21;jotta;1
1328;12/2025;2025_12_21;joutumisella;1
1328;12/2025;2025_12_21;joutuvat;1
1328;12/2025;2025_12_21;julkisella;1
1328;12/2025;2025_12_21;järjestettävä;2
1328;12/2025;2025_12_21;järkevät;1
1328;12/2025;2025_12_21;jätetään;1
1328;12/2025;2025_12_21;jääneille;1
1328;12/2025;2025_12_21;kaatunut;1
1328;12/2025;2025_12_21;kasvaa;1
1328;12/2025;2025_12_21;kasvattaneet;1
1328;12/2025;2025_12_21;kautta;1
1328;12/2025;2025_12_21;kelan;1
1328;12/2025;2025_12_21;kerran;1
1328;12/2025;2025_12_21;keskittyä;1
1328;12/2025;2025_12_21;keskustan;1
1328;12/2025;2025_12_21;kiitos;1
1328;12/2025;2025_12_21;kodeissaan;1
1328;12/2025;2025_12_21;kodissaan;1
1328;12/2025;2025_12_21;kohdella;1
1328;12/2025;2025_12_21;kohdistettava;1
1328;12/2025;2025_12_21;koko;1
1328;12/2025;2025_12_21;kokonaan;1
1328;12/2025;2025_12_21;kolmatta;1
1328;12/2025;2025_12_21;korotettava;1
1328;12/2025;2025_12_21;korvaamia;1
1328;12/2025;2025_12_21;korvausta;1
1328;12/2025;2025_12_21;koska;1
1328;12/2025;2025_12_21;koti;1
1328;12/2025;2025_12_21;kotihoidon;1
1328;12/2025;2025_12_21;kotikunnaltaan;1
1328;12/2025;2025_12_21;kotitalousvähennystä;1
1328;12/2025;2025_12_21;kotonaan;2
1328;12/2025;2025_12_21;kuin;1
1328;12/2025;2025_12_21;kun;4
1328;12/2025;2025_12_21;kuntavero;1
1328;12/2025;2025_12_21;kuntien;2
1328;12/2025;2025_12_21;kuntoon;3
1328;12/2025;2025_12_21;kyllä;1
1328;12/2025;2025_12_21;kymmenes;1
1328;12/2025;2025_12_21;kärsimystä;1
1328;12/2025;2025_12_21;käsittämätöntä;1
1328;12/2025;2025_12_21;köyhyydestä;1
1328;12/2025;2025_12_21;laittaa;2
1328;12/2025;2025_12_21;lakkauttaa;1
1328;12/2025;2025_12_21;lapset;1
1328;12/2025;2025_12_21;lattialla;1
1328;12/2025;2025_12_21;liikaa;1
1328;12/2025;2025_12_21;lisäksi;1
1328;12/2025;2025_12_21;lisäkustannuksia;1
1328;12/2025;2025_12_21;lisätä;1
1328;12/2025;2025_12_21;lopettaa;1
1328;12/2025;2025_12_21;lupauksen;1
1328;12/2025;2025_12_21;lupausta;2
1328;12/2025;2025_12_21;luvanneet;1
1328;12/2025;2025_12_21;lyhytnäköisissä;1
1328;12/2025;2025_12_21;läheisistään;1
1328;12/2025;2025_12_21;lähimmäistään;2
1328;12/2025;2025_12_21;lääkäreiden;1
1328;12/2025;2025_12_21;lääkärin;1
1328;12/2025;2025_12_21;maanneet;1
1328;12/2025;2025_12_21;maata;1
1328;12/2025;2025_12_21;mahdollinen;1
1328;12/2025;2025_12_21;mahdollisimman;1
1328;12/2025;2025_12_21;mainituista;1
1328;12/2025;2025_12_21;maksaa;1
1328;12/2025;2025_12_21;maksavat;1
1328;12/2025;2025_12_21;maksettava;1
1328;12/2025;2025_12_21;meidän;1
1328;12/2025;2025_12_21;meillä;2
1328;12/2025;2025_12_21;meistä;1
1328;12/2025;2025_12_21;menetykset;1
1328;12/2025;2025_12_21;merkittävästi;1
1328;12/2025;2025_12_21;miksi;1
1328;12/2025;2025_12_21;miljardien;1
1328;12/2025;2025_12_21;miljoonaa;2
1328;12/2025;2025_12_21;miljoonan;1
1328;12/2025;2025_12_21;miljoonia;1
1328;12/2025;2025_12_21;monen;1
1328;12/2025;2025_12_21;monien;1
1328;12/2025;2025_12_21;moniin;1
1328;12/2025;2025_12_21;mukaan;1
1328;12/2025;2025_12_21;mutta;2
1328;12/2025;2025_12_21;muutaman;2
1328;12/2025;2025_12_21;myös;2
1328;12/2025;2025_12_21;määrä;1
1328;12/2025;2025_12_21;niin;4
1328;12/2025;2025_12_21;noin;1
1328;12/2025;2025_12_21;nojaan;1
1328;12/2025;2025_12_21;nousivat;1
1328;12/2025;2025_12_21;nyt;6
1328;12/2025;2025_12_21;näin;1
1328;12/2025;2025_12_21;näistä;1
1328;12/2025;2025_12_21;oikeasti;1
1328;12/2025;2025_12_21;olemme;3
1328;12/2025;2025_12_21;olen;1
1328;12/2025;2025_12_21;olisi;2
1328;12/2025;2025_12_21;olla;2
1328;12/2025;2025_12_21;omaishoitajaa;1
1328;12/2025;2025_12_21;omaishoitajat;2
1328;12/2025;2025_12_21;omaishoitajia;1
1328;12/2025;2025_12_21;omaishoitajien;1
1328;12/2025;2025_12_21;omaishoitajista;1
1328;12/2025;2025_12_21;omaishoitokorvauksestaan;1
1328;12/2025;2025_12_21;omalääkärimalli;1
1328;12/2025;2025_12_21;omalääkärimallia;1
1328;12/2025;2025_12_21;oman;1
1328;12/2025;2025_12_21;omassa;1
1328;12/2025;2025_12_21;omissa;2
1328;12/2025;2025_12_21;omista;1
1328;12/2025;2025_12_21;on;16
1328;12/2025;2025_12_21;onnensa;1
1328;12/2025;2025_12_21;osa;1
1328;12/2025;2025_12_21;ovat;7
1328;12/2025;2025_12_21;paikka;1
1328;12/2025;2025_12_21;pakon;1
1328;12/2025;2025_12_21;palveluihin;1
1328;12/2025;2025_12_21;palvelut;1
1328;12/2025;2025_12_21;panneet;1
1328;12/2025;2025_12_21;paras;1
1328;12/2025;2025_12_21;pelottelee;1
1328;12/2025;2025_12_21;perusterveydenhuoltoon;1
1328;12/2025;2025_12_21;pettää;2
1328;12/2025;2025_12_21;pidemmän;1
1328;12/2025;2025_12_21;pidämme;1
1328;12/2025;2025_12_21;pitkään;1
1328;12/2025;2025_12_21;pitäisi;1
1328;12/2025;2025_12_21;pitää;8
1328;12/2025;2025_12_21;poissaolopäiviä;1
1328;12/2025;2025_12_21;pompottelu;1
1328;12/2025;2025_12_21;puhemies;4
1328;12/2025;2025_12_21;puoli;1
1328;12/2025;2025_12_21;puolueet;2
1328;12/2025;2025_12_21;pyyteetöntä;1
1328;12/2025;2025_12_21;päivittäistä;1
1328;12/2025;2025_12_21;pärjää;2
1328;12/2025;2025_12_21;päälle;1
1328;12/2025;2025_12_21;päällekkäisiin;1
1328;12/2025;2025_12_21;pääsyä;1
1328;12/2025;2025_12_21;rahoitus;2
1328;12/2025;2025_12_21;rakensivat;1
1328;12/2025;2025_12_21;rangaista;1
1328;12/2025;2025_12_21;riitä;1
1328;12/2025;2025_12_21;saa;4
1328;12/2025;2025_12_21;saada;1
1328;12/2025;2025_12_21;saanut;1
1328;12/2025;2025_12_21;sadan;1
1328;12/2025;2025_12_21;sairaalan;2
1328;12/2025;2025_12_21;satoja;1
1328;12/2025;2025_12_21;se;1
1328;12/2025;2025_12_21;sektorilla;1
1328;12/2025;2025_12_21;sekä;1
1328;12/2025;2025_12_21;sen;1
1328;12/2025;2025_12_21;seuraavan;1
1328;12/2025;2025_12_21;siihen;1
1328;12/2025;2025_12_21;siirretä;1
1328;12/2025;2025_12_21;siitä;1
1328;12/2025;2025_12_21;siltä;1
1328;12/2025;2025_12_21;sitten;1
1328;12/2025;2025_12_21;sitä;1
1328;12/2025;2025_12_21;sote;1
1328;12/2025;2025_12_21;sote-irtisanomiset;1
1328;12/2025;2025_12_21;sotea;1
1328;12/2025;2025_12_21;sotien;1
1328;12/2025;2025_12_21;suomalainen;1
1328;12/2025;2025_12_21;suomalaiset;1
1328;12/2025;2025_12_21;suomalaisille;1
1328;12/2025;2025_12_21;syistä;1
1328;12/2025;2025_12_21;syntyneitä;1
1328;12/2025;2025_12_21;syntyy;1
1328;12/2025;2025_12_21;syytä;1
1328;12/2025;2025_12_21;sängyssä;1
1328;12/2025;2025_12_21;säästön;1
1328;12/2025;2025_12_21;säästöpaineissaan;1
1328;12/2025;2025_12_21;tai;1
1328;12/2025;2025_12_21;takia;1
1328;12/2025;2025_12_21;talman;4
1328;12/2025;2025_12_21;tapahtumassa;1
1328;12/2025;2025_12_21;tapauksista;1
1328;12/2025;2025_12_21;tarjottava;1
1328;12/2025;2025_12_21;tarpeen;1
1328;12/2025;2025_12_21;tarvitaan;1
1328;12/2025;2025_12_21;tarvitsee;1
1328;12/2025;2025_12_21;tarvitsevat;1
1328;12/2025;2025_12_21;tavalla;1
1328;12/2025;2025_12_21;tehdä;1
1328;12/2025;2025_12_21;tehneet;1
1328;12/2025;2025_12_21;tehokkuutta;1
1328;12/2025;2025_12_21;tekevät;1
1328;12/2025;2025_12_21;tilanteeseen;1
1328;12/2025;2025_12_21;tilanteisiin;1
1328;12/2025;2025_12_21;tuntikausia;1
1328;12/2025;2025_12_21;tuntuu;1
1328;12/2025;2025_12_21;tuo;1
1328;12/2025;2025_12_21;turhiin;1
1328;12/2025;2025_12_21;turvallinen;1
1328;12/2025;2025_12_21;työaikaisia;1
1328;12/2025;2025_12_21;työhön;1
1328;12/2025;2025_12_21;työtä;1
1328;12/2025;2025_12_21;työtään;1
1328;12/2025;2025_12_21;tällainen;1
1328;12/2025;2025_12_21;tällaisista;1
1328;12/2025;2025_12_21;tärkeimmän;1
1328;12/2025;2025_12_21;tärkein;1
1328;12/2025;2025_12_21;tätä;1
1328;12/2025;2025_12_21;täysin;2
1328;12/2025;2025_12_21;töissään;1
1328;12/2025;2025_12_21;unohtaneet;2
1328;12/2025;2025_12_21;uraa;1
1328;12/2025;2025_12_21;useita;1
1328;12/2025;2025_12_21;vaaleissa;1
1328;12/2025;2025_12_21;vaikeuttaneet;1
1328;12/2025;2025_12_21;vaikka;1
1328;12/2025;2025_12_21;vain;1
1328;12/2025;2025_12_21;valtionosuusjärjestelmä;1
1328;12/2025;2025_12_21;vanhat;2
1328;12/2025;2025_12_21;vanheneville;1
1328;12/2025;2025_12_21;vanhukset;2
1328;12/2025;2025_12_21;vanhuksista;1
1328;12/2025;2025_12_21;vanhusten;1
1328;12/2025;2025_12_21;vanhustenhuolto;1
1328;12/2025;2025_12_21;vanhuutensa;1
1328;12/2025;2025_12_21;velkaa;1
1328;12/2025;2025_12_21;velvoitteita;1
1328;12/2025;2025_12_21;venytetään;1
1328;12/2025;2025_12_21;verkon;1
1328;12/2025;2025_12_21;veroa;1
1328;12/2025;2025_12_21;verohuojennuksia;1
1328;12/2025;2025_12_21;veronmaksajat;1
1328;12/2025;2025_12_21;veronmaksajille;1
1328;12/2025;2025_12_21;verot;2
1328;12/2025;2025_12_21;vielä;2
1328;12/2025;2025_12_21;viestejä;1
1328;12/2025;2025_12_21;viiden;2
1328;12/2025;2025_12_21;viikko;1
1328;12/2025;2025_12_21;voi;4
1328;12/2025;2025_12_21;vuoden;1
1328;12/2025;2025_12_21;vuodessa;2
1328;12/2025;2025_12_21;vuotiaiden;1
1328;12/2025;2025_12_21;väkisin;1
1328;12/2025;2025_12_21;välikysymykseen;1
1328;12/2025;2025_12_21;yhdyn;1
1328;12/2025;2025_12_21;yhteiskunnalle;1
1328;12/2025;2025_12_21;yhteiskunnalliset;1
1328;12/2025;2025_12_21;yhteisöllistä;1
1328;12/2025;2025_12_21;yleensä;1
1328;12/2025;2025_12_21;yli;2
1328;12/2025;2025_12_21;ylijäämäisille;1
1328;12/2025;2025_12_21;yliopistollisen;1
1328;12/2025;2025_12_21;ympäri;1
1328;12/2025;2025_12_21;ympärivuorokautiseen;1
1328;12/2025;2025_12_21;yöpäivystyksen;1
1328;12/2025;2025_12_21;ärade;4
1328;120/2022;2022_120_31;aiheuttamista;1
1328;120/2022;2022_120_31;aikataulusta;1
1328;120/2022;2022_120_31;ainoastaan;1
1328;120/2022;2022_120_31;ainutkertainen;2
1328;120/2022;2022_120_31;aivan;3
1328;120/2022;2022_120_31;ajatuksella;1
1328;120/2022;2022_120_31;ajoissa;2
1328;120/2022;2022_120_31;ajopuu;1
1328;120/2022;2022_120_31;alistaa;1
1328;120/2022;2022_120_31;annat;1
1328;120/2022;2022_120_31;arvoisa;3
1328;120/2022;2022_120_31;asetus;1
1328;120/2022;2022_120_31;asetusta;1
1328;120/2022;2022_120_31;asia;1
1328;120/2022;2022_120_31;asiaan;1
1328;120/2022;2022_120_31;asioissa;1
1328;120/2022;2022_120_31;asioista;2
1328;120/2022;2022_120_31;asioita;1
1328;120/2022;2022_120_31;automaattisesti;1
1328;120/2022;2022_120_31;edellytyksiä;1
1328;120/2022;2022_120_31;egyptistä;1
1328;120/2022;2022_120_31;ei;13
1328;120/2022;2022_120_31;eikä;3
1328;120/2022;2022_120_31;eli;1
1328;120/2022;2022_120_31;emme;2
1328;120/2022;2022_120_31;epäonnistuneet;1
1328;120/2022;2022_120_31;eri;1
1328;120/2022;2022_120_31;erilaisiin;1
1328;120/2022;2022_120_31;erityisesti;1
1328;120/2022;2022_120_31;eroa;1
1328;120/2022;2022_120_31;esimerkiksi;1
1328;120/2022;2022_120_31;esittämää;1
1328;120/2022;2022_120_31;että;3
1328;120/2022;2022_120_31;etuja;1
1328;120/2022;2022_120_31;eu-komission;1
1328;120/2022;2022_120_31;eu-politiikassa;1
1328;120/2022;2022_120_31;eu-politiikasta;2
1328;120/2022;2022_120_31;eun;2
1328;120/2022;2022_120_31;euroopasta;1
1328;120/2022;2022_120_31;eussa;2
1328;120/2022;2022_120_31;fanaattisesti;1
1328;120/2022;2022_120_31;grahn-laasosen;1
1328;120/2022;2022_120_31;hajanaisella;1
1328;120/2022;2022_120_31;hallitukselle;1
1328;120/2022;2022_120_31;hallituksen;2
1328;120/2022;2022_120_31;hallituksessa;1
1328;120/2022;2022_120_31;hallitus;8
1328;120/2022;2022_120_31;helsinkiin;1
1328;120/2022;2022_120_31;henkilökohtaisesti;1
1328;120/2022;2022_120_31;heräsi;1
1328;120/2022;2022_120_31;hetki;1
1328;120/2022;2022_120_31;hoitaa;2
1328;120/2022;2022_120_31;hosumalla;1
1328;120/2022;2022_120_31;huolehtiminen;1
1328;120/2022;2022_120_31;huolehtimiseen;1
1328;120/2022;2022_120_31;huolestuttavaa;1
1328;120/2022;2022_120_31;huoli;1
1328;120/2022;2022_120_31;huolimatta;1
1328;120/2022;2022_120_31;hyvinvointia;1
1328;120/2022;2022_120_31;hyvä;1
1328;120/2022;2022_120_31;hän;1
1328;120/2022;2022_120_31;ikuinen;1
1328;120/2022;2022_120_31;ilman;3
1328;120/2022;2022_120_31;ilmasto;1
1328;120/2022;2022_120_31;ilmastokokouksessa;1
1328;120/2022;2022_120_31;ilmastonmuutokseen;1
1328;120/2022;2022_120_31;ilmastonsuojelu;1
1328;120/2022;2022_120_31;ilmastonsuojeluun;1
1328;120/2022;2022_120_31;investointeja;1
1328;120/2022;2022_120_31;irtopisteiden;1
1328;120/2022;2022_120_31;ja;28
1328;120/2022;2022_120_31;jatkuva;1
1328;120/2022;2022_120_31;jatkuvalla;1
1328;120/2022;2022_120_31;jo;1
1328;120/2022;2022_120_31;joku;2
1328;120/2022;2022_120_31;jos;2
1328;120/2022;2022_120_31;juhlapuheet;1
1328;120/2022;2022_120_31;juuri;1
1328;120/2022;2022_120_31;kaikki;1
1328;120/2022;2022_120_31;kaikkien;2
1328;120/2022;2022_120_31;kannalla;1
1328;120/2022;2022_120_31;kannalta;1
1328;120/2022;2022_120_31;kannatan;1
1328;120/2022;2022_120_31;kansainvälinen;2
1328;120/2022;2022_120_31;kansalliseen;1
1328;120/2022;2022_120_31;kansallisissa;1
1328;120/2022;2022_120_31;kanssa;1
1328;120/2022;2022_120_31;kanta;1
1328;120/2022;2022_120_31;kantaa;1
1328;120/2022;2022_120_31;kasassa;1
1328;120/2022;2022_120_31;kasvattaa;1
1328;120/2022;2022_120_31;kasvua;1
1328;120/2022;2022_120_31;katsokaa;1
1328;120/2022;2022_120_31;kausi;1
1328;120/2022;2022_120_31;kautta;1
1328;120/2022;2022_120_31;kehitys;1
1328;120/2022;2022_120_31;keinoista;1
1328;120/2022;2022_120_31;keräily;1
1328;120/2022;2022_120_31;keskeisen;1
1328;120/2022;2022_120_31;keskeisiin;1
1328;120/2022;2022_120_31;keskeisistä;1
1328;120/2022;2022_120_31;keskusta;1
1328;120/2022;2022_120_31;koko;2
1328;120/2022;2022_120_31;kollektiivinen;1
1328;120/2022;2022_120_31;koronan;1
1328;120/2022;2022_120_31;kriiseistä;1
1328;120/2022;2022_120_31;kriittisesti;1
1328;120/2022;2022_120_31;kuin;1
1328;120/2022;2022_120_31;kuinka;2
1328;120/2022;2022_120_31;kun;1
1328;120/2022;2022_120_31;kunnollisia;1
1328;120/2022;2022_120_31;kunnollista;1
1328;120/2022;2022_120_31;kustannuksista;1
1328;120/2022;2022_120_31;kuten;1
1328;120/2022;2022_120_31;kuulla;1
1328;120/2022;2022_120_31;kuuluvat;1
1328;120/2022;2022_120_31;kysymys;2
1328;120/2022;2022_120_31;kysymysten;1
1328;120/2022;2022_120_31;käden;1
1328;120/2022;2022_120_31;käsi;1
1328;120/2022;2022_120_31;käsittämätöntä;1
1328;120/2022;2022_120_31;kääntyi;1
1328;120/2022;2022_120_31;laiminlyöneet;1
1328;120/2022;2022_120_31;laiminlyönyt;1
1328;120/2022;2022_120_31;lentomatkalla;1
1328;120/2022;2022_120_31;liian;2
1328;120/2022;2022_120_31;liikaa;1
1328;120/2022;2022_120_31;liikkeellä;1
1328;120/2022;2022_120_31;loppui;1
1328;120/2022;2022_120_31;lukunsa;1
1328;120/2022;2022_120_31;luonnosta;2
1328;120/2022;2022_120_31;luontoasioihin;1
1328;120/2022;2022_120_31;luontokadosta;1
1328;120/2022;2022_120_31;luontokatoon;1
1328;120/2022;2022_120_31;löysällä;1
1328;120/2022;2022_120_31;maanomistajien;1
1328;120/2022;2022_120_31;maansa;1
1328;120/2022;2022_120_31;maitamme;1
1328;120/2022;2022_120_31;marin;1
1328;120/2022;2022_120_31;media;2
1328;120/2022;2022_120_31;meidän;2
1328;120/2022;2022_120_31;meille;1
1328;120/2022;2022_120_31;meillä;2
1328;120/2022;2022_120_31;meitä;1
1328;120/2022;2022_120_31;mennä;1
1328;120/2022;2022_120_31;merkittävissä;1
1328;120/2022;2022_120_31;metsiämme;1
1328;120/2022;2022_120_31;metsän;1
1328;120/2022;2022_120_31;metsänsä;1
1328;120/2022;2022_120_31;metsäpolitiikkaamme;1
1328;120/2022;2022_120_31;metsät;2
1328;120/2022;2022_120_31;metsätaloutta;1
1328;120/2022;2022_120_31;metsäyhtiöiltä;1
1328;120/2022;2022_120_31;mielestä;1
1328;120/2022;2022_120_31;miksi;1
1328;120/2022;2022_120_31;mitä;2
1328;120/2022;2022_120_31;mitään;4
1328;120/2022;2022_120_31;muille;1
1328;120/2022;2022_120_31;muodostaa;1
1328;120/2022;2022_120_31;muotoiltua;1
1328;120/2022;2022_120_31;mutta;4
1328;120/2022;2022_120_31;myöhään;1
1328;120/2022;2022_120_31;ne;1
1328;120/2022;2022_120_31;nettomaksaja;1
1328;120/2022;2022_120_31;neuvomaan;1
1328;120/2022;2022_120_31;neuvovat;1
1328;120/2022;2022_120_31;niiden;1
1328;120/2022;2022_120_31;niin;1
1328;120/2022;2022_120_31;niistä;2
1328;120/2022;2022_120_31;noteeraa;1
1328;120/2022;2022_120_31;nukkui;1
1328;120/2022;2022_120_31;nykyistä;1
1328;120/2022;2022_120_31;nyt;6
1328;120/2022;2022_120_31;näihin;1
1328;120/2022;2022_120_31;näin;1
1328;120/2022;2022_120_31;näissä;1
1328;120/2022;2022_120_31;näistä;1
1328;120/2022;2022_120_31;ohi;1
1328;120/2022;2022_120_31;oikea;1
1328;120/2022;2022_120_31;ole;6
1328;120/2022;2022_120_31;olemme;1
1328;120/2022;2022_120_31;olen;1
1328;120/2022;2022_120_31;oli;1
1328;120/2022;2022_120_31;olisi;1
1328;120/2022;2022_120_31;olla;3
1328;120/2022;2022_120_31;ollut;2
1328;120/2022;2022_120_31;oma;1
1328;120/2022;2022_120_31;omistamat;1
1328;120/2022;2022_120_31;on;10
1328;120/2022;2022_120_31;onkin;1
1328;120/2022;2022_120_31;onnensa;1
1328;120/2022;2022_120_31;osaavat;2
1328;120/2022;2022_120_31;ottaa;1
1328;120/2022;2022_120_31;ovat;2
1328;120/2022;2022_120_31;pahentaa;1
1328;120/2022;2022_120_31;paikkansa;1
1328;120/2022;2022_120_31;pakko;1
1328;120/2022;2022_120_31;pakoilu;1
1328;120/2022;2022_120_31;paljon;1
1328;120/2022;2022_120_31;peiliin;1
1328;120/2022;2022_120_31;perusteellisesti;1
1328;120/2022;2022_120_31;pikkusormen;1
1328;120/2022;2022_120_31;piti;1
1328;120/2022;2022_120_31;pitäisi;1
1328;120/2022;2022_120_31;pitää;3
1328;120/2022;2022_120_31;poliittisten;1
1328;120/2022;2022_120_31;puheella;1
1328;120/2022;2022_120_31;puhemies;3
1328;120/2022;2022_120_31;puhua;1
1328;120/2022;2022_120_31;puhutaan;1
1328;120/2022;2022_120_31;puhutakaan;1
1328;120/2022;2022_120_31;purukumivirityksillä;1
1328;120/2022;2022_120_31;puuttua;1
1328;120/2022;2022_120_31;pysyy;1
1328;120/2022;2022_120_31;pääministeri;5
1328;120/2022;2022_120_31;pääministerin;2
1328;120/2022;2022_120_31;päätökset;1
1328;120/2022;2022_120_31;päätöksissä;1
1328;120/2022;2022_120_31;päätös;2
1328;120/2022;2022_120_31;päätösvaltaan;1
1328;120/2022;2022_120_31;rakennellaan;1
1328;120/2022;2022_120_31;ratkaisuihin;1
1328;120/2022;2022_120_31;ratkotaan;1
1328;120/2022;2022_120_31;riitelyllä;1
1328;120/2022;2022_120_31;rivakasti;1
1328;120/2022;2022_120_31;roolista;1
1328;120/2022;2022_120_31;ruotsi;1
1328;120/2022;2022_120_31;ruotsin;1
1328;120/2022;2022_120_31;saavuta;1
1328;120/2022;2022_120_31;sai;2
1328;120/2022;2022_120_31;sanon;1
1328;120/2022;2022_120_31;se;3
1328;120/2022;2022_120_31;selittely;1
1328;120/2022;2022_120_31;selittäkö;1
1328;120/2022;2022_120_31;selkosuomeksi;1
1328;120/2022;2022_120_31;selvityksiä;1
1328;120/2022;2022_120_31;sen;1
1328;120/2022;2022_120_31;seuraavalle;1
1328;120/2022;2022_120_31;seuraavan;1
1328;120/2022;2022_120_31;siirretään;2
1328;120/2022;2022_120_31;sitoutuu;1
1328;120/2022;2022_120_31;sitten;1
1328;120/2022;2022_120_31;sitä;1
1328;120/2022;2022_120_31;sosialisoida;1
1328;120/2022;2022_120_31;suhtautua;1
1328;120/2022;2022_120_31;suhtautuva;1
1328;120/2022;2022_120_31;suomalaiset;1
1328;120/2022;2022_120_31;suomalaisten;3
1328;120/2022;2022_120_31;suomella;2
1328;120/2022;2022_120_31;suomen;5
1328;120/2022;2022_120_31;suomi;2
1328;120/2022;2022_120_31;suunnitelma;1
1328;120/2022;2022_120_31;suuntaa;1
1328;120/2022;2022_120_31;synny;1
1328;120/2022;2022_120_31;takia;1
1328;120/2022;2022_120_31;takki;1
1328;120/2022;2022_120_31;talman;3
1328;120/2022;2022_120_31;taloutta;1
1328;120/2022;2022_120_31;tapauksessa;1
1328;120/2022;2022_120_31;tarkkarajainen;2
1328;120/2022;2022_120_31;tarkoittaa;1
1328;120/2022;2022_120_31;tasapainosta;1
1328;120/2022;2022_120_31;tavoitteille;1
1328;120/2022;2022_120_31;tavoitteisiin;1
1328;120/2022;2022_120_31;tehdä;3
1328;120/2022;2022_120_31;tehneet;1
1328;120/2022;2022_120_31;tehnyt;1
1328;120/2022;2022_120_31;tehtävän;1
1328;120/2022;2022_120_31;tekee;1
1328;120/2022;2022_120_31;terveitä;1
1328;120/2022;2022_120_31;tiedä;1
1328;120/2022;2022_120_31;tiesi;1
1328;120/2022;2022_120_31;tilannetta;1
1328;120/2022;2022_120_31;toimintakykyinen;1
1328;120/2022;2022_120_31;toimivaa;1
1328;120/2022;2022_120_31;tulevaisuutta;1
1328;120/2022;2022_120_31;tullaan;1
1328;120/2022;2022_120_31;tulppaaneja;1
1328;120/2022;2022_120_31;tunnu;1
1328;120/2022;2022_120_31;työpaikkoja;1
1328;120/2022;2022_120_31;tähän;1
1328;120/2022;2022_120_31;tällaisista;1
1328;120/2022;2022_120_31;tämä;2
1328;120/2022;2022_120_31;tämän;2
1328;120/2022;2022_120_31;tärkeille;1
1328;120/2022;2022_120_31;tärkeintä;1
1328;120/2022;2022_120_31;tärkeitä;1
1328;120/2022;2022_120_31;tärkeät;1
1328;120/2022;2022_120_31;tässä;1
1328;120/2022;2022_120_31;tästä;1
1328;120/2022;2022_120_31;tätä;3
1328;120/2022;2022_120_31;täydellinen;1
1328;120/2022;2022_120_31;täysin;3
1328;120/2022;2022_120_31;uusia;1
1328;120/2022;2022_120_31;vaan;1
1328;120/2022;2022_120_31;vaikka;4
1328;120/2022;2022_120_31;vaikuttaa;1
1328;120/2022;2022_120_31;vaikuttamassa;2
1328;120/2022;2022_120_31;vaikutusvaltaa;1
1328;120/2022;2022_120_31;vain;1
1328;120/2022;2022_120_31;valvoa;1
1328;120/2022;2022_120_31;varaa;1
1328;120/2022;2022_120_31;vasen;1
1328;120/2022;2022_120_31;vasta;1
1328;120/2022;2022_120_31;vastaa;2
1328;120/2022;2022_120_31;vastakkainasettelulla;1
1328;120/2022;2022_120_31;vastustaa;2
1328;120/2022;2022_120_31;vastusti;1
1328;120/2022;2022_120_31;vastuu;1
1328;120/2022;2022_120_31;vastuulle;1
1328;120/2022;2022_120_31;vastuun;1
1328;120/2022;2022_120_31;vastuussa;1
1328;120/2022;2022_120_31;velkapaketin;1
1328;120/2022;2022_120_31;velkapaketteja;1
1328;120/2022;2022_120_31;venkoilun;1
1328;120/2022;2022_120_31;viedä;1
1328;120/2022;2022_120_31;vielä;1
1328;120/2022;2022_120_31;vievät;1
1328;120/2022;2022_120_31;vihervasemmisto;1
1328;120/2022;2022_120_31;vihervasemmistolaiset;1
1328;120/2022;2022_120_31;viime;1
1328;120/2022;2022_120_31;viimeinen;1
1328;120/2022;2022_120_31;voi;2
1328;120/2022;2022_120_31;voitot;1
1328;120/2022;2022_120_31;vuosi;1
1328;120/2022;2022_120_31;vuosia;1
1328;120/2022;2022_120_31;välikysymys;1
1328;120/2022;2022_120_31;välikysymystä;1
1328;120/2022;2022_120_31;yhteistyötä;1
1328;120/2022;2022_120_31;yhteisvelka;1
1328;120/2022;2022_120_31;yhtenäisempiä;1
1328;120/2022;2022_120_31;yhtään;1
1328;120/2022;2022_120_31;ykn;1
1328;120/2022;2022_120_31;yksittäisten;1
1328;120/2022;2022_120_31;ylläpitää;1
1328;120/2022;2022_120_31;ymmärrä;1
1328;120/2022;2022_120_31;ymmärtävän;1
1328;120/2022;2022_120_31;yrittää;1
1328;120/2022;2022_120_31;yritysten;1
1328;120/2022;2022_120_31;yönä;1
1328;120/2022;2022_120_31;älkää;1
1328;120/2022;2022_120_31;ärade;3
1328;120/2022;2022_120_31;äärimmäisen;1
1328;120/2024;2024_120_94;aika;1
1328;120/2024;2024_120_94;aina;1
1328;120/2024;2024_120_94;ajan;1
1328;120/2024;2024_120_94;arvoisa;1
1328;120/2024;2024_120_94;ei;2
1328;120/2024;2024_120_94;eli;1
1328;120/2024;2024_120_94;ensi;3
1328;120/2024;2024_120_94;että;10
1328;120/2024;2024_120_94;haluaisin;1
1328;120/2024;2024_120_94;ihan;1
1328;120/2024;2024_120_94;ilmoitettiin;1
1328;120/2024;2024_120_94;ilmoittavat;1
1328;120/2024;2024_120_94;ilmoitti;1
1328;120/2024;2024_120_94;ilmoittivat;1
1328;120/2024;2024_120_94;ja;3
1328;120/2024;2024_120_94;jo;1
1328;120/2024;2024_120_94;jotka;1
1328;120/2024;2024_120_94;kerran;1
1328;120/2024;2024_120_94;kiitos;2
1328;120/2024;2024_120_94;koko;1
1328;120/2024;2024_120_94;konkurssit;1
1328;120/2024;2024_120_94;koputtaa;1
1328;120/2024;2024_120_94;koronlasku;1
1328;120/2024;2024_120_94;korot;1
1328;120/2024;2024_120_94;kun;1
1328;120/2024;2024_120_94;kysyin;1
1328;120/2024;2024_120_94;kysyisin;1
1328;120/2024;2024_120_94;laitokset;1
1328;120/2024;2024_120_94;laskevat;1
1328;120/2024;2024_120_94;lisääntyvät;1
1328;120/2024;2024_120_94;mennä;1
1328;120/2024;2024_120_94;merkit;1
1328;120/2024;2024_120_94;mihin;2
1328;120/2024;2024_120_94;miinustalouskasvu;1
1328;120/2024;2024_120_94;minulle;1
1328;120/2024;2024_120_94;minä;1
1328;120/2024;2024_120_94;missä;1
1328;120/2024;2024_120_94;mitkä;1
1328;120/2024;2024_120_94;monet;1
1328;120/2024;2024_120_94;mutta;1
1328;120/2024;2024_120_94;naurua;1
1328;120/2024;2024_120_94;ne;3
1328;120/2024;2024_120_94;niin;1
1328;120/2024;2024_120_94;nousemaan;1
1328;120/2024;2024_120_94;nyt;2
1328;120/2024;2024_120_94;näitä;1
1328;120/2024;2024_120_94;näkyvillä;1
1328;120/2024;2024_120_94;näyttävät;1
1328;120/2024;2024_120_94;ollut;1
1328;120/2024;2024_120_94;on;8
1328;120/2024;2024_120_94;ovat;1
1328;120/2024;2024_120_94;perustua;1
1328;120/2024;2024_120_94;perustuu;2
1328;120/2024;2024_120_94;prosenttia;1
1328;120/2024;2024_120_94;puhemies;3
1328;120/2024;2024_120_94;puhutaan;2
1328;120/2024;2024_120_94;pääministeriltä;1
1328;120/2024;2024_120_94;se;4
1328;120/2024;2024_120_94;sen;1
1328;120/2024;2024_120_94;siihen;1
1328;120/2024;2024_120_94;siitä;1
1328;120/2024;2024_120_94;silloin;1
1328;120/2024;2024_120_94;tai;1
1328;120/2024;2024_120_94;takaisin;1
1328;120/2024;2024_120_94;talousaiheeseen;1
1328;120/2024;2024_120_94;talouskasvu;1
1328;120/2024;2024_120_94;talouskasvua;2
1328;120/2024;2024_120_94;talouskasvun;1
1328;120/2024;2024_120_94;talouskasvusta;1
1328;120/2024;2024_120_94;talouskasvuun;1
1328;120/2024;2024_120_94;tarpeeksi;1
1328;120/2024;2024_120_94;te;1
1328;120/2024;2024_120_94;teidän;1
1328;120/2024;2024_120_94;tiedän;1
1328;120/2024;2024_120_94;tule;1
1328;120/2024;2024_120_94;tulee;1
1328;120/2024;2024_120_94;tulossa;1
1328;120/2024;2024_120_94;työttömyys;1
1328;120/2024;2024_120_94;tähän;1
1328;120/2024;2024_120_94;tänä;1
1328;120/2024;2024_120_94;tässä;1
1328;120/2024;2024_120_94;tästä;1
1328;120/2024;2024_120_94;uskonne;1
1328;120/2024;2024_120_94;uskotte;1
1328;120/2024;2024_120_94;valonpilkahduksia;1
1328;120/2024;2024_120_94;valonpilkahdus;1
1328;120/2024;2024_120_94;valtiovarainministeri;1
1328;120/2024;2024_120_94;viime;1
1328;120/2024;2024_120_94;voi;1
1328;120/2024;2024_120_94;vuonna;4
1328;120/2024;2024_120_94;vuonnakin;1
1328;121/2020;2020_121_20;aidosti;1
1328;121/2020;2020_121_20;aikaa;1
1328;121/2020;2020_121_20;aina;1
1328;121/2020;2020_121_20;ainoaksi;1
1328;121/2020;2020_121_20;aivan;3
1328;121/2020;2020_121_20;ajan;1
1328;121/2020;2020_121_20;alentaminen;1
1328;121/2020;2020_121_20;annika;1
1328;121/2020;2020_121_20;arvoisa;1
1328;121/2020;2020_121_20;asiakkaat;1
1328;121/2020;2020_121_20;asuvilla;1
1328;121/2020;2020_121_20;avustuksia;1
1328;121/2020;2020_121_20;budjetissa;1
1328;121/2020;2020_121_20;budjetit;1
1328;121/2020;2020_121_20;edes;1
1328;121/2020;2020_121_20;edut;1
1328;121/2020;2020_121_20;ehdottamaa;1
1328;121/2020;2020_121_20;ei;6
1328;121/2020;2020_121_20;eikä;2
1328;121/2020;2020_121_20;eiliseen;1
1328;121/2020;2020_121_20;eilisestä;1
1328;121/2020;2020_121_20;eivät;1
1328;121/2020;2020_121_20;eivätkä;1
1328;121/2020;2020_121_20;eletään;1
1328;121/2020;2020_121_20;elvyttämiseen;1
1328;121/2020;2020_121_20;elvyttämistä;1
1328;121/2020;2020_121_20;elvyttää;1
1328;121/2020;2020_121_20;elämme;1
1328;121/2020;2020_121_20;elämään;1
1328;121/2020;2020_121_20;energiaverotusta;1
1328;121/2020;2020_121_20;ennustettavuutta;1
1328;121/2020;2020_121_20;ennätysvauhtia;1
1328;121/2020;2020_121_20;ensi;2
1328;121/2020;2020_121_20;ensin;1
1328;121/2020;2020_121_20;epäluottamuslausetta;1
1328;121/2020;2020_121_20;epävarmuudessa;1
1328;121/2020;2020_121_20;erilaiset;1
1328;121/2020;2020_121_20;erilaista;1
1328;121/2020;2020_121_20;eteenpäin;1
1328;121/2020;2020_121_20;etteivät;1
1328;121/2020;2020_121_20;että;7
1328;121/2020;2020_121_20;euroa;1
1328;121/2020;2020_121_20;euron;1
1328;121/2020;2020_121_20;hajottaa;1
1328;121/2020;2020_121_20;hallituksen;3
1328;121/2020;2020_121_20;hallitusta;1
1328;121/2020;2020_121_20;haluaa;1
1328;121/2020;2020_121_20;halutaan;1
1328;121/2020;2020_121_20;hoitaa;3
1328;121/2020;2020_121_20;huolissani;1
1328;121/2020;2020_121_20;ihmisiä;2
1328;121/2020;2020_121_20;ihmisten;1
1328;121/2020;2020_121_20;ilmapiiristä;1
1328;121/2020;2020_121_20;ilmeisesti;1
1328;121/2020;2020_121_20;infosta;1
1328;121/2020;2020_121_20;investoi;1
1328;121/2020;2020_121_20;investoinnit;1
1328;121/2020;2020_121_20;investointeihin;1
1328;121/2020;2020_121_20;investoivat;1
1328;121/2020;2020_121_20;ja;27
1328;121/2020;2020_121_20;jaetaan;1
1328;121/2020;2020_121_20;jo;2
1328;121/2020;2020_121_20;johdolla;1
1328;121/2020;2020_121_20;joitakin;1
1328;121/2020;2020_121_20;jos;1
1328;121/2020;2020_121_20;jossa;1
1328;121/2020;2020_121_20;josta;1
1328;121/2020;2020_121_20;joustavasti;1
1328;121/2020;2020_121_20;julisti;1
1328;121/2020;2020_121_20;julkisen;1
1328;121/2020;2020_121_20;järjen;2
1328;121/2020;2020_121_20;järjestäytymättömissä;1
1328;121/2020;2020_121_20;jää;1
1328;121/2020;2020_121_20;jäädä;1
1328;121/2020;2020_121_20;kaikilla;1
1328;121/2020;2020_121_20;kaikki;3
1328;121/2020;2020_121_20;kaikkiaan;1
1328;121/2020;2020_121_20;kallis;1
1328;121/2020;2020_121_20;kannatan;1
1328;121/2020;2020_121_20;kannattavaa;1
1328;121/2020;2020_121_20;kannattavuudesta;1
1328;121/2020;2020_121_20;kannustaa;1
1328;121/2020;2020_121_20;kansalaisten;1
1328;121/2020;2020_121_20;kanssa;2
1328;121/2020;2020_121_20;kasassa;1
1328;121/2020;2020_121_20;kasvavat;1
1328;121/2020;2020_121_20;kasvu;1
1328;121/2020;2020_121_20;kasvuun;1
1328;121/2020;2020_121_20;keinoja;1
1328;121/2020;2020_121_20;keinot;1
1328;121/2020;2020_121_20;keskisuuret;1
1328;121/2020;2020_121_20;keskustan;1
1328;121/2020;2020_121_20;kiire;1
1328;121/2020;2020_121_20;kirjoihin;1
1328;121/2020;2020_121_20;kiurun;2
1328;121/2020;2020_121_20;koko;1
1328;121/2020;2020_121_20;kompromissi;1
1328;121/2020;2020_121_20;koputtaa;3
1328;121/2020;2020_121_20;koronan;2
1328;121/2020;2020_121_20;koronanhoito;1
1328;121/2020;2020_121_20;korvien;1
1328;121/2020;2020_121_20;kotitalousvähennystä;1
1328;121/2020;2020_121_20;kova;1
1328;121/2020;2020_121_20;kriisitietoisuutta;1
1328;121/2020;2020_121_20;kuin;1
1328;121/2020;2020_121_20;kuinka;1
1328;121/2020;2020_121_20;kuka;2
1328;121/2020;2020_121_20;kuluttajille;1
1328;121/2020;2020_121_20;kummallista;1
1328;121/2020;2020_121_20;kun;3
1328;121/2020;2020_121_20;kuukautta;1
1328;121/2020;2020_121_20;kyllä;1
1328;121/2020;2020_121_20;käsittämättömän;1
1328;121/2020;2020_121_20;käsittämätöntä;1
1328;121/2020;2020_121_20;käyttö;1
1328;121/2020;2020_121_20;liike;1
1328;121/2020;2020_121_20;liikenteen;1
1328;121/2020;2020_121_20;lisätä;2
1328;121/2020;2020_121_20;lisää;3
1328;121/2020;2020_121_20;lopulta;1
1328;121/2020;2020_121_20;luomisesta;1
1328;121/2020;2020_121_20;luoneet;1
1328;121/2020;2020_121_20;luovat;1
1328;121/2020;2020_121_20;lähes;1
1328;121/2020;2020_121_20;läppäreihin;1
1328;121/2020;2020_121_20;löfvenin;1
1328;121/2020;2020_121_20;maksaa;2
1328;121/2020;2020_121_20;meille;1
1328;121/2020;2020_121_20;meillä;2
1328;121/2020;2020_121_20;menot;1
1328;121/2020;2020_121_20;mielestä;1
1328;121/2020;2020_121_20;mielikuvan;1
1328;121/2020;2020_121_20;miljardia;1
1328;121/2020;2020_121_20;miljardin;1
1328;121/2020;2020_121_20;missä;1
1328;121/2020;2020_121_20;mitä;1
1328;121/2020;2020_121_20;mitään;4
1328;121/2020;2020_121_20;monen;1
1328;121/2020;2020_121_20;monien;1
1328;121/2020;2020_121_20;monta;1
1328;121/2020;2020_121_20;muiden;1
1328;121/2020;2020_121_20;mutta;5
1328;121/2020;2020_121_20;muusta;1
1328;121/2020;2020_121_20;muut;1
1328;121/2020;2020_121_20;muutenkin;1
1328;121/2020;2020_121_20;muutoksia;1
1328;121/2020;2020_121_20;muutoksilla;1
1328;121/2020;2020_121_20;muuttaa;1
1328;121/2020;2020_121_20;myös;1
1328;121/2020;2020_121_20;naurua;1
1328;121/2020;2020_121_20;ne;1
1328;121/2020;2020_121_20;neuvotelleet;1
1328;121/2020;2020_121_20;niin;6
1328;121/2020;2020_121_20;nostaa;1
1328;121/2020;2020_121_20;nyt;1
1328;121/2020;2020_121_20;nytin;1
1328;121/2020;2020_121_20;näillä;1
1328;121/2020;2020_121_20;näin;1
1328;121/2020;2020_121_20;näyttää;1
1328;121/2020;2020_121_20;näytöt;1
1328;121/2020;2020_121_20;oikealta;1
1328;121/2020;2020_121_20;oikeastaan;1
1328;121/2020;2020_121_20;oikeita;1
1328;121/2020;2020_121_20;ole;2
1328;121/2020;2020_121_20;olen;1
1328;121/2020;2020_121_20;olisi;3
1328;121/2020;2020_121_20;olla;1
1328;121/2020;2020_121_20;oltava;1
1328;121/2020;2020_121_20;oma;1
1328;121/2020;2020_121_20;on;12
1328;121/2020;2020_121_20;oppivelvollisuuden;1
1328;121/2020;2020_121_20;oppivelvollisuudenkin;1
1328;121/2020;2020_121_20;orpon;1
1328;121/2020;2020_121_20;otetaan;1
1328;121/2020;2020_121_20;ovat;5
1328;121/2020;2020_121_20;ovatko;1
1328;121/2020;2020_121_20;pahinta;1
1328;121/2020;2020_121_20;paikallisesta;1
1328;121/2020;2020_121_20;paikallista;1
1328;121/2020;2020_121_20;paisuttamista;1
1328;121/2020;2020_121_20;pakko;1
1328;121/2020;2020_121_20;palata;1
1328;121/2020;2020_121_20;palkkaavat;1
1328;121/2020;2020_121_20;palkoista;1
1328;121/2020;2020_121_20;panostaa;1
1328;121/2020;2020_121_20;paremmat;1
1328;121/2020;2020_121_20;pidentäminen;1
1328;121/2020;2020_121_20;pidetään;1
1328;121/2020;2020_121_20;pienet;1
1328;121/2020;2020_121_20;piiristä;1
1328;121/2020;2020_121_20;piisaa;1
1328;121/2020;2020_121_20;pitäisi;3
1328;121/2020;2020_121_20;pitää;8
1328;121/2020;2020_121_20;politiikkaa;1
1328;121/2020;2020_121_20;poukkoilua;1
1328;121/2020;2020_121_20;prosenttia;1
1328;121/2020;2020_121_20;pudotettu;1
1328;121/2020;2020_121_20;puheenjohtaja;1
1328;121/2020;2020_121_20;puheet;3
1328;121/2020;2020_121_20;puheillaan;1
1328;121/2020;2020_121_20;puhemies;4
1328;121/2020;2020_121_20;puhetta;1
1328;121/2020;2020_121_20;punavihreää;1
1328;121/2020;2020_121_20;puolen;1
1328;121/2020;2020_121_20;puuttuvat;1
1328;121/2020;2020_121_20;pystyä;1
1328;121/2020;2020_121_20;päivähoitomaksujen;1
1328;121/2020;2020_121_20;päälle;1
1328;121/2020;2020_121_20;pääministeri;2
1328;121/2020;2020_121_20;pääministerin;2
1328;121/2020;2020_121_20;päätökset;1
1328;121/2020;2020_121_20;pörssiyritysten;1
1328;121/2020;2020_121_20;rahat;1
1328;121/2020;2020_121_20;rajusti;1
1328;121/2020;2020_121_20;rakentaa;1
1328;121/2020;2020_121_20;rakenteiden;1
1328;121/2020;2020_121_20;ratkaisevat;1
1328;121/2020;2020_121_20;ravintoloiden;1
1328;121/2020;2020_121_20;remonttia;1
1328;121/2020;2020_121_20;riitä;1
1328;121/2020;2020_121_20;roolissa;1
1328;121/2020;2020_121_20;rouva;1
1328;121/2020;2020_121_20;ruotsi;2
1328;121/2020;2020_121_20;ruotsin;1
1328;121/2020;2020_121_20;ruotsissa;1
1328;121/2020;2020_121_20;ryhtyä;1
1328;121/2020;2020_121_20;saa;1
1328;121/2020;2020_121_20;saada;1
1328;121/2020;2020_121_20;saarikko;1
1328;121/2020;2020_121_20;saatava;1
1328;121/2020;2020_121_20;samat;1
1328;121/2020;2020_121_20;sanotaan;1
1328;121/2020;2020_121_20;se;3
1328;121/2020;2020_121_20;seisoo;1
1328;121/2020;2020_121_20;sekamelska;1
1328;121/2020;2020_121_20;sektorien;1
1328;121/2020;2020_121_20;siellä;2
1328;121/2020;2020_121_20;siirretään;1
1328;121/2020;2020_121_20;siirtää;1
1328;121/2020;2020_121_20;siitä;2
1328;121/2020;2020_121_20;siivoaa;1
1328;121/2020;2020_121_20;siltä;1
1328;121/2020;2020_121_20;sopia;1
1328;121/2020;2020_121_20;sopimisesta;1
1328;121/2020;2020_121_20;sopimista;1
1328;121/2020;2020_121_20;sosiaalidemokraatit;1
1328;121/2020;2020_121_20;sosiaaliturvan;1
1328;121/2020;2020_121_20;sotkun;1
1328;121/2020;2020_121_20;suomeen;1
1328;121/2020;2020_121_20;suomen;1
1328;121/2020;2020_121_20;suomi;3
1328;121/2020;2020_121_20;synkkien;1
1328;121/2020;2020_121_20;syntynyt;1
1328;121/2020;2020_121_20;syntyy;1
1328;121/2020;2020_121_20;syvää;1
1328;121/2020;2020_121_20;talouden;2
1328;121/2020;2020_121_20;talous;1
1328;121/2020;2020_121_20;tapahtumien;1
1328;121/2020;2020_121_20;tarkoittaa;1
1328;121/2020;2020_121_20;tarkoitus;1
1328;121/2020;2020_121_20;tarvetta;2
1328;121/2020;2020_121_20;tarvitaan;1
1328;121/2020;2020_121_20;tarvitse;1
1328;121/2020;2020_121_20;tarvittavat;1
1328;121/2020;2020_121_20;tehdessä;1
1328;121/2020;2020_121_20;tekemällä;1
1328;121/2020;2020_121_20;terveen;1
1328;121/2020;2020_121_20;tervettä;1
1328;121/2020;2020_121_20;tilanteessa;2
1328;121/2020;2020_121_20;todella;1
1328;121/2020;2020_121_20;toivottomassa;1
1328;121/2020;2020_121_20;tolkkua;1
1328;121/2020;2020_121_20;tosiaan;1
1328;121/2020;2020_121_20;tukien;1
1328;121/2020;2020_121_20;tulee;1
1328;121/2020;2020_121_20;tuleman;1
1328;121/2020;2020_121_20;tulevaisuuden;1
1328;121/2020;2020_121_20;tulevaisuuteen;1
1328;121/2020;2020_121_20;tulokseksi;1
1328;121/2020;2020_121_20;turhaa;1
1328;121/2020;2020_121_20;työ;1
1328;121/2020;2020_121_20;työajoista;1
1328;121/2020;2020_121_20;työllisyyteen;1
1328;121/2020;2020_121_20;työllisyyttä;2
1328;121/2020;2020_121_20;työmarkkinajärjestöt;1
1328;121/2020;2020_121_20;työmarkkinoiden;1
1328;121/2020;2020_121_20;työn;1
1328;121/2020;2020_121_20;työpaikan;1
1328;121/2020;2020_121_20;työpaikat;1
1328;121/2020;2020_121_20;työpaikkoja;1
1328;121/2020;2020_121_20;työpaikoilla;1
1328;121/2020;2020_121_20;työttömyysturvan;1
1328;121/2020;2020_121_20;työttömyyttä;2
1328;121/2020;2020_121_20;työvoiman;2
1328;121/2020;2020_121_20;tä;1
1328;121/2020;2020_121_20;tähän;1
1328;121/2020;2020_121_20;tällaista;1
1328;121/2020;2020_121_20;tämä;2
1328;121/2020;2020_121_20;tämän;4
1328;121/2020;2020_121_20;tässä;2
1328;121/2020;2020_121_20;tästä;1
1328;121/2020;2020_121_20;täysin;2
1328;121/2020;2020_121_20;töihin;1
1328;121/2020;2020_121_20;töitä;1
1328;121/2020;2020_121_20;unohtuisivat;1
1328;121/2020;2020_121_20;usko;1
1328;121/2020;2020_121_20;uudet;1
1328;121/2020;2020_121_20;uudistuksiin;1
1328;121/2020;2020_121_20;vaaleissa;1
1328;121/2020;2020_121_20;vahvistuu;1
1328;121/2020;2020_121_20;vaikka;2
1328;121/2020;2020_121_20;vaikutusta;1
1328;121/2020;2020_121_20;vain;2
1328;121/2020;2020_121_20;varsinaisesti;1
1328;121/2020;2020_121_20;vasemmalta;2
1328;121/2020;2020_121_20;vastaavasti;1
1328;121/2020;2020_121_20;vastakkainasettelua;1
1328;121/2020;2020_121_20;vastuu;1
1328;121/2020;2020_121_20;vastuun;1
1328;121/2020;2020_121_20;velkaa;1
1328;121/2020;2020_121_20;velkaantuu;2
1328;121/2020;2020_121_20;velkarahalla;1
1328;121/2020;2020_121_20;velkavaihde;1
1328;121/2020;2020_121_20;veronalennukset;1
1328;121/2020;2020_121_20;veronalennuksiin;1
1328;121/2020;2020_121_20;verotusta;1
1328;121/2020;2020_121_20;vielä;1
1328;121/2020;2020_121_20;vievät;1
1328;121/2020;2020_121_20;viikon;1
1328;121/2020;2020_121_20;voi;1
1328;121/2020;2020_121_20;voidaan;2
1328;121/2020;2020_121_20;vuoden;3
1328;121/2020;2020_121_20;vuodessa;1
1328;121/2020;2020_121_20;vuonna;1
1328;121/2020;2020_121_20;vähän;1
1328;121/2020;2020_121_20;välein;1
1328;121/2020;2020_121_20;väliin;1
1328;121/2020;2020_121_20;välittömästi;1
1328;121/2020;2020_121_20;väärän;1
1328;121/2020;2020_121_20;yhteiskuntavastuusta;1
1328;121/2020;2020_121_20;yhteisöverosta;1
1328;121/2020;2020_121_20;yhtään;2
1328;121/2020;2020_121_20;ykkösasia;1
1328;121/2020;2020_121_20;ykköstavoite;1
1328;121/2020;2020_121_20;yksin;1
1328;121/2020;2020_121_20;yksinpuhelujen;1
1328;121/2020;2020_121_20;yli;1
1328;121/2020;2020_121_20;ymmärrä;1
1328;121/2020;2020_121_20;ymmärsi;1
1328;121/2020;2020_121_20;yrittäjät;2
1328;121/2020;2020_121_20;yritykset;2
1328;121/2020;2020_121_20;yrityksille;1
1328;121/2020;2020_121_20;yrityksissä;1
1328;121/2020;2020_121_20;yritys;1
1328;121/2020;2020_121_20;yritysten;3
1328;121/2020;2020_121_20;yritysverotuksen;1
1328;121/2020;2020_121_20;äänestetty;1
1328;121/2020;2020_121_20;ääntä;1
1328;121/2021;2021_121_22;ainakaan;1
1328;121/2021;2021_121_22;ajaisi;1
1328;121/2021;2021_121_22;ajatella;1
1328;121/2021;2021_121_22;ajatuksilla;1
1328;121/2021;2021_121_22;ajavat;1
1328;121/2021;2021_121_22;alaikäisille;1
1328;121/2021;2021_121_22;alaikäisten;2
1328;121/2021;2021_121_22;arvoisa;3
1328;121/2021;2021_121_22;asian;1
1328;121/2021;2021_121_22;asiantuntijat;1
1328;121/2021;2021_121_22;asiat;1
1328;121/2021;2021_121_22;auki;1
1328;121/2021;2021_121_22;avoimesti;1
1328;121/2021;2021_121_22;avoin;1
1328;121/2021;2021_121_22;edistävää;1
1328;121/2021;2021_121_22;edistää;1
1328;121/2021;2021_121_22;edustaako;1
1328;121/2021;2021_121_22;ei;4
1328;121/2021;2021_121_22;eikä;1
1328;121/2021;2021_121_22;eivät;1
1328;121/2021;2021_121_22;elinkeinoelämä;1
1328;121/2021;2021_121_22;enemmän;3
1328;121/2021;2021_121_22;ensi;1
1328;121/2021;2021_121_22;epäonnistuneen;1
1328;121/2021;2021_121_22;erittäin;1
1328;121/2021;2021_121_22;esille;1
1328;121/2021;2021_121_22;esimerkkinä;1
1328;121/2021;2021_121_22;esitetty;1
1328;121/2021;2021_121_22;esittää;1
1328;121/2021;2021_121_22;esityksiä;1
1328;121/2021;2021_121_22;esitystä;2
1328;121/2021;2021_121_22;että;11
1328;121/2021;2021_121_22;hallitsematonta;3
1328;121/2021;2021_121_22;hallittua;1
1328;121/2021;2021_121_22;hallitukselta;1
1328;121/2021;2021_121_22;hallituksen;3
1328;121/2021;2021_121_22;hallituksessa;1
1328;121/2021;2021_121_22;hallitus;1
1328;121/2021;2021_121_22;hallituskaudella;2
1328;121/2021;2021_121_22;hallituspuolueet;1
1328;121/2021;2021_121_22;haloo;1
1328;121/2021;2021_121_22;heidän;3
1328;121/2021;2021_121_22;heitä;1
1328;121/2021;2021_121_22;helpottaa;1
1328;121/2021;2021_121_22;helvettiin;1
1328;121/2021;2021_121_22;hengenvaarallisille;1
1328;121/2021;2021_121_22;herää;1
1328;121/2021;2021_121_22;hetki;1
1328;121/2021;2021_121_22;hiljaisuudessa;1
1328;121/2021;2021_121_22;hosumalla;1
1328;121/2021;2021_121_22;humanitäärisen;1
1328;121/2021;2021_121_22;huomioon;2
1328;121/2021;2021_121_22;huudatko;1
1328;121/2021;2021_121_22;hyvin;1
1328;121/2021;2021_121_22;hyväksyneet;1
1328;121/2021;2021_121_22;hyväksyä;1
1328;121/2021;2021_121_22;ihmissalakuljettajien;1
1328;121/2021;2021_121_22;ilmastopuolue;1
1328;121/2021;2021_121_22;istuu;1
1328;121/2021;2021_121_22;ja;13
1328;121/2021;2021_121_22;jatkuvasti;1
1328;121/2021;2021_121_22;jo;2
1328;121/2021;2021_121_22;johtaminen;1
1328;121/2021;2021_121_22;joka;1
1328;121/2021;2021_121_22;jotka;1
1328;121/2021;2021_121_22;juuri;1
1328;121/2021;2021_121_22;jälkeen;1
1328;121/2021;2021_121_22;kabineteissa;1
1328;121/2021;2021_121_22;kaikessa;1
1328;121/2021;2021_121_22;kaikilla;1
1328;121/2021;2021_121_22;kamppailee;1
1328;121/2021;2021_121_22;kannatamme;1
1328;121/2021;2021_121_22;kansainvälinen;1
1328;121/2021;2021_121_22;kansainvälistä;1
1328;121/2021;2021_121_22;kanssa;2
1328;121/2021;2021_121_22;katsoo;1
1328;121/2021;2021_121_22;katsotaan;1
1328;121/2021;2021_121_22;kauniilla;1
1328;121/2021;2021_121_22;kautta;1
1328;121/2021;2021_121_22;kertoa;2
1328;121/2021;2021_121_22;keskittää;1
1328;121/2021;2021_121_22;keskustelua;1
1328;121/2021;2021_121_22;kielteiset;1
1328;121/2021;2021_121_22;kiireellä;1
1328;121/2021;2021_121_22;kiristämistä;1
1328;121/2021;2021_121_22;kokonaisuudesta;1
1328;121/2021;2021_121_22;kommentoida;1
1328;121/2021;2021_121_22;konkretisoituu;1
1328;121/2021;2021_121_22;korjata;1
1328;121/2021;2021_121_22;korjataan;1
1328;121/2021;2021_121_22;koskevaa;1
1328;121/2021;2021_121_22;koskevan;1
1328;121/2021;2021_121_22;koskevassa;1
1328;121/2021;2021_121_22;kotouttamisen;1
1328;121/2021;2021_121_22;kotoutuspolitiikasta;1
1328;121/2021;2021_121_22;koulutetun;1
1328;121/2021;2021_121_22;kun;5
1328;121/2021;2021_121_22;kutsua;1
1328;121/2021;2021_121_22;kuuluu;1
1328;121/2021;2021_121_22;kyse;3
1328;121/2021;2021_121_22;kysymys;1
1328;121/2021;2021_121_22;kärnä;1
1328;121/2021;2021_121_22;kärnän;1
1328;121/2021;2021_121_22;käydä;1
1328;121/2021;2021_121_22;laatimassa;1
1328;121/2021;2021_121_22;lainsäädännön;1
1328;121/2021;2021_121_22;lainsäädännössä;1
1328;121/2021;2021_121_22;lainsäädäntöä;2
1328;121/2021;2021_121_22;laittomasti;1
1328;121/2021;2021_121_22;lasten;1
1328;121/2021;2021_121_22;leena;1
1328;121/2021;2021_121_22;lehmänkauppojen;1
1328;121/2021;2021_121_22;liike;6
1328;121/2021;2021_121_22;linjaansa;1
1328;121/2021;2021_121_22;lisäämään;1
1328;121/2021;2021_121_22;lisääntyisivät;1
1328;121/2021;2021_121_22;lisäävät;1
1328;121/2021;2021_121_22;logiikka;1
1328;121/2021;2021_121_22;logiikkaa;1
1328;121/2021;2021_121_22;lähdetty;1
1328;121/2021;2021_121_22;lähdimme;1
1328;121/2021;2021_121_22;lähettämistä;1
1328;121/2021;2021_121_22;länsi-euroopan;1
1328;121/2021;2021_121_22;länsieurooppalaisten;1
1328;121/2021;2021_121_22;löysintä;1
1328;121/2021;2021_121_22;löytää;1
1328;121/2021;2021_121_22;maa;1
1328;121/2021;2021_121_22;maahanmuuton;3
1328;121/2021;2021_121_22;maahanmuutossa;1
1328;121/2021;2021_121_22;maahanmuutosta;1
1328;121/2021;2021_121_22;maahanmuutto;2
1328;121/2021;2021_121_22;maahanmuuttoa;6
1328;121/2021;2021_121_22;maahanmuuttoministeri;2
1328;121/2021;2021_121_22;maahanmuuttopoliittista;1
1328;121/2021;2021_121_22;maahanmuuttopolitiikan;1
1328;121/2021;2021_121_22;maahanmuuttopolitiikasta;1
1328;121/2021;2021_121_22;maahanmuuttoviraston;1
1328;121/2021;2021_121_22;maalla;1
1328;121/2021;2021_121_22;maassa;1
1328;121/2021;2021_121_22;maasta;1
1328;121/2021;2021_121_22;mahdollisuus;1
1328;121/2021;2021_121_22;maiden;1
1328;121/2021;2021_121_22;maissa;1
1328;121/2021;2021_121_22;mallia;1
1328;121/2021;2021_121_22;matkaan;1
1328;121/2021;2021_121_22;matkoille;1
1328;121/2021;2021_121_22;me;1
1328;121/2021;2021_121_22;meidän;1
1328;121/2021;2021_121_22;menossa;1
1328;121/2021;2021_121_22;meri;1
1328;121/2021;2021_121_22;mielestämme;1
1328;121/2021;2021_121_22;mielipiteensä;1
1328;121/2021;2021_121_22;migrissä;1
1328;121/2021;2021_121_22;mikko;1
1328;121/2021;2021_121_22;miksi;1
1328;121/2021;2021_121_22;mikä;2
1328;121/2021;2021_121_22;mitä;1
1328;121/2021;2021_121_22;moni;1
1328;121/2021;2021_121_22;mukaan;1
1328;121/2021;2021_121_22;mukana;1
1328;121/2021;2021_121_22;mutta;1
1328;121/2021;2021_121_22;muualla;1
1328;121/2021;2021_121_22;muuttaa;1
1328;121/2021;2021_121_22;myös;1
1328;121/2021;2021_121_22;negatiiviset;1
1328;121/2021;2021_121_22;niin;2
1328;121/2021;2021_121_22;nostaa;1
1328;121/2021;2021_121_22;nostaminen;1
1328;121/2021;2021_121_22;nyt;9
1328;121/2021;2021_121_22;näissä;1
1328;121/2021;2021_121_22;ole;1
1328;121/2021;2021_121_22;olemme;1
1328;121/2021;2021_121_22;olen;1
1328;121/2021;2021_121_22;oleskelevien;1
1328;121/2021;2021_121_22;oleskelulupa-automaatti;1
1328;121/2021;2021_121_22;olevansa;1
1328;121/2021;2021_121_22;olevasta;1
1328;121/2021;2021_121_22;olisi;1
1328;121/2021;2021_121_22;olisivat;1
1328;121/2021;2021_121_22;ollaan;1
1328;121/2021;2021_121_22;ollenkaan;1
1328;121/2021;2021_121_22;ollut;1
1328;121/2021;2021_121_22;oma;1
1328;121/2021;2021_121_22;on;14
1328;121/2021;2021_121_22;osa;1
1328;121/2021;2021_121_22;osana;1
1328;121/2021;2021_121_22;otetaan;2
1328;121/2021;2021_121_22;ovat;1
1328;121/2021;2021_121_22;pelolla;1
1328;121/2021;2021_121_22;perehtynyt;1
1328;121/2021;2021_121_22;perheenjäsenilleen;1
1328;121/2021;2021_121_22;perheenyhdistämisen;1
1328;121/2021;2021_121_22;perheenyhdistämistä;1
1328;121/2021;2021_121_22;perheiden;1
1328;121/2021;2021_121_22;perussuomalaisten;1
1328;121/2021;2021_121_22;pitkään;1
1328;121/2021;2021_121_22;pitää;1
1328;121/2021;2021_121_22;pohjoismaiden;1
1328;121/2021;2021_121_22;poistaminen;1
1328;121/2021;2021_121_22;poistuminen;1
1328;121/2021;2021_121_22;positiiviset;1
1328;121/2021;2021_121_22;prioriteetit;1
1328;121/2021;2021_121_22;puhemies;3
1328;121/2021;2021_121_22;puhua;1
1328;121/2021;2021_121_22;puolue;1
1328;121/2021;2021_121_22;puolueeksi;1
1328;121/2021;2021_121_22;puolueilla;1
1328;121/2021;2021_121_22;pyrkimys;1
1328;121/2021;2021_121_22;pyrkimystä;2
1328;121/2021;2021_121_22;pyytänyt;1
1328;121/2021;2021_121_22;päällystetty;1
1328;121/2021;2021_121_22;rajat;1
1328;121/2021;2021_121_22;ratkaisuja;1
1328;121/2021;2021_121_22;resursseja;1
1328;121/2021;2021_121_22;saamiseksi;1
1328;121/2021;2021_121_22;saaneiden;1
1328;121/2021;2021_121_22;sanonta;1
1328;121/2021;2021_121_22;se;1
1328;121/2021;2021_121_22;sekä;2
1328;121/2021;2021_121_22;sellainen;1
1328;121/2021;2021_121_22;sellaiseen;1
1328;121/2021;2021_121_22;sen;3
1328;121/2021;2021_121_22;siihen;1
1328;121/2021;2021_121_22;siinä;1
1328;121/2021;2021_121_22;siitä;2
1328;121/2021;2021_121_22;sijaan;1
1328;121/2021;2021_121_22;siksi;1
1328;121/2021;2021_121_22;sillä;1
1328;121/2021;2021_121_22;sinisilmäisestä;1
1328;121/2021;2021_121_22;sinisilmäistä;1
1328;121/2021;2021_121_22;sisäministeriössä;1
1328;121/2021;2021_121_22;sitä;2
1328;121/2021;2021_121_22;suojelua;1
1328;121/2021;2021_121_22;suomalaiseen;1
1328;121/2021;2021_121_22;suomeen;2
1328;121/2021;2021_121_22;suomen;2
1328;121/2021;2021_121_22;suomessa;1
1328;121/2021;2021_121_22;suomi;1
1328;121/2021;2021_121_22;suunnasta;1
1328;121/2021;2021_121_22;suuntaan;1
1328;121/2021;2021_121_22;suuresta;1
1328;121/2021;2021_121_22;syynä;1
1328;121/2021;2021_121_22;talman;3
1328;121/2021;2021_121_22;tapauksessa;1
1328;121/2021;2021_121_22;tarvitaan;1
1328;121/2021;2021_121_22;taustakeskusteluissa;1
1328;121/2021;2021_121_22;tie;1
1328;121/2021;2021_121_22;tilastoja;1
1328;121/2021;2021_121_22;todennäköisesti;1
1328;121/2021;2021_121_22;todeta;1
1328;121/2021;2021_121_22;toimia;1
1328;121/2021;2021_121_22;toimintaansa;1
1328;121/2021;2021_121_22;toiseen;1
1328;121/2021;2021_121_22;toistaa;1
1328;121/2021;2021_121_22;traumatisoiville;1
1328;121/2021;2021_121_22;tue;1
1328;121/2021;2021_121_22;tulisi;3
1328;121/2021;2021_121_22;tulleiden;1
1328;121/2021;2021_121_22;tuntuvat;1
1328;121/2021;2021_121_22;tuo;1
1328;121/2021;2021_121_22;tyytyväinen;1
1328;121/2021;2021_121_22;työllistämisestä;1
1328;121/2021;2021_121_22;työvoiman;1
1328;121/2021;2021_121_22;työvoimapulaa;1
1328;121/2021;2021_121_22;tähän;3
1328;121/2021;2021_121_22;tällä;1
1328;121/2021;2021_121_22;tämä;1
1328;121/2021;2021_121_22;tämän;1
1328;121/2021;2021_121_22;tärkeä;1
1328;121/2021;2021_121_22;tässä;3
1328;121/2021;2021_121_22;tästä;1
1328;121/2021;2021_121_22;tätä;2
1328;121/2021;2021_121_22;ulkomaalaisen;1
1328;121/2021;2021_121_22;usealla;1
1328;121/2021;2021_121_22;uskaltaa;1
1328;121/2021;2021_121_22;vaiheessa;1
1328;121/2021;2021_121_22;vaikutukset;1
1328;121/2021;2021_121_22;vailla;1
1328;121/2021;2021_121_22;vain;1
1328;121/2021;2021_121_22;valmistelee;1
1328;121/2021;2021_121_22;valta;1
1328;121/2021;2021_121_22;vasta;1
1328;121/2021;2021_121_22;vastaa;1
1328;121/2021;2021_121_22;vastusta;1
1328;121/2021;2021_121_22;vastustaa;1
1328;121/2021;2021_121_22;vetovoimatekijöitä;1
1328;121/2021;2021_121_22;vielä;1
1328;121/2021;2021_121_22;vihreiden;2
1328;121/2021;2021_121_22;vihreä;1
1328;121/2021;2021_121_22;vihreät;1
1328;121/2021;2021_121_22;virhe;1
1328;121/2021;2021_121_22;virkamiehistä;1
1328;121/2021;2021_121_22;voi;1
1328;121/2021;2021_121_22;voidaan;2
1328;121/2021;2021_121_22;voisi;1
1328;121/2021;2021_121_22;vähäistä;1
1328;121/2021;2021_121_22;välihuuto;1
1328;121/2021;2021_121_22;välikysymykseen;1
1328;121/2021;2021_121_22;välikysymyksessä;3
1328;121/2021;2021_121_22;yhdistämistä;1
1328;121/2021;2021_121_22;yhteiskunta;1
1328;121/2021;2021_121_22;yhteiskuntaan;1
1328;121/2021;2021_121_22;yhtenä;1
1328;121/2021;2021_121_22;ärade;3
1328;121/2022;2022_121_68;arvoisa;1
1328;121/2022;2022_121_68;asiassa;1
1328;121/2022;2022_121_68;eduskunnan;1
1328;121/2022;2022_121_68;ei;2
1328;121/2022;2022_121_68;eteenpäin;1
1328;121/2022;2022_121_68;eu-komissio;1
1328;121/2022;2022_121_68;eu-komissioon;1
1328;121/2022;2022_121_68;hallituksen;1
1328;121/2022;2022_121_68;hallituksessa;1
1328;121/2022;2022_121_68;hallitus;3
1328;121/2022;2022_121_68;hetkellä;1
1328;121/2022;2022_121_68;itse;1
1328;121/2022;2022_121_68;ja;4
1328;121/2022;2022_121_68;kanta;1
1328;121/2022;2022_121_68;kukaan;1
1328;121/2022;2022_121_68;kun;1
1328;121/2022;2022_121_68;linja;2
1328;121/2022;2022_121_68;marin;1
1328;121/2022;2022_121_68;metsäasia;1
1328;121/2022;2022_121_68;mielestänne;1
1328;121/2022;2022_121_68;mikä;3
1328;121/2022;2022_121_68;myöhässä;1
1328;121/2022;2022_121_68;nahkoineen;1
1328;121/2022;2022_121_68;niin;1
1328;121/2022;2022_121_68;nyt;1
1328;121/2022;2022_121_68;on;5
1328;121/2022;2022_121_68;onko;1
1328;121/2022;2022_121_68;panna;1
1328;121/2022;2022_121_68;pillit;1
1328;121/2022;2022_121_68;pitäisikö;1
1328;121/2022;2022_121_68;puhemies;1
1328;121/2022;2022_121_68;puhutaan;1
1328;121/2022;2022_121_68;pussiin;1
1328;121/2022;2022_121_68;päivineen;1
1328;121/2022;2022_121_68;pääministeri;2
1328;121/2022;2022_121_68;saamelaisasiassa;1
1328;121/2022;2022_121_68;sekamelska;1
1328;121/2022;2022_121_68;sitä;1
1328;121/2022;2022_121_68;suomen;1
1328;121/2022;2022_121_68;talman;1
1328;121/2022;2022_121_68;te;1
1328;121/2022;2022_121_68;teidän;2
1328;121/2022;2022_121_68;tiedä;2
1328;121/2022;2022_121_68;toimintakykyinen;1
1328;121/2022;2022_121_68;toimintakyvystä;1
1328;121/2022;2022_121_68;tällä;1
1328;121/2022;2022_121_68;tästä;1
1328;121/2022;2022_121_68;tätä;1
1328;121/2022;2022_121_68;täysi;1
1328;121/2022;2022_121_68;vai;1
1328;121/2022;2022_121_68;valiokunnat;1
1328;121/2022;2022_121_68;varmaan;1
1328;121/2022;2022_121_68;vastaatte;1
1328;121/2022;2022_121_68;vieläkään;1
1328;121/2022;2022_121_68;vietiin;1
1328;121/2022;2022_121_68;vuoden;1
1328;121/2022;2022_121_68;ärade;1
1328;122/2020;2020_122_45;ahdingossa;1
1328;122/2020;2020_122_45;arvoisa;1
1328;122/2020;2020_122_45;asti;1
1328;122/2020;2020_122_45;auki;2
1328;122/2020;2020_122_45;ei;3
1328;122/2020;2020_122_45;elävät;1
1328;122/2020;2020_122_45;ennakoivuutta;1
1328;122/2020;2020_122_45;että;1
1328;122/2020;2020_122_45;hallitus;2
1328;122/2020;2020_122_45;he;1
1328;122/2020;2020_122_45;heidän;1
1328;122/2020;2020_122_45;heillä;1
1328;122/2020;2020_122_45;hoidon;1
1328;122/2020;2020_122_45;hyvä;2
1328;122/2020;2020_122_45;hämärän;1
1328;122/2020;2020_122_45;ja;7
1328;122/2020;2020_122_45;jatkuvassa;1
1328;122/2020;2020_122_45;joku;1
1328;122/2020;2020_122_45;jos;1
1328;122/2020;2020_122_45;kaikkien;1
1328;122/2020;2020_122_45;kaipaamaa;1
1328;122/2020;2020_122_45;kanssa;1
1328;122/2020;2020_122_45;kiurun;1
1328;122/2020;2020_122_45;kokonaisuudesta;1
1328;122/2020;2020_122_45;koronaa;1
1328;122/2020;2020_122_45;koronan;2
1328;122/2020;2020_122_45;koska;1
1328;122/2020;2020_122_45;kuka;1
1328;122/2020;2020_122_45;kukaan;1
1328;122/2020;2020_122_45;kun;1
1328;122/2020;2020_122_45;kuukausia;1
1328;122/2020;2020_122_45;kyse;1
1328;122/2020;2020_122_45;loppumaan;1
1328;122/2020;2020_122_45;matkailu;1
1328;122/2020;2020_122_45;matkustaa;1
1328;122/2020;2020_122_45;mihin;1
1328;122/2020;2020_122_45;normaalisti;1
1328;122/2020;2020_122_45;näihin;1
1328;122/2020;2020_122_45;olla;2
1328;122/2020;2020_122_45;ollut;1
1328;122/2020;2020_122_45;on;5
1328;122/2020;2020_122_45;onko;1
1328;122/2020;2020_122_45;pakko;1
1328;122/2020;2020_122_45;peitossa;1
1328;122/2020;2020_122_45;pidemmällä;1
1328;122/2020;2020_122_45;pitää;2
1328;122/2020;2020_122_45;poukkoilu;1
1328;122/2020;2020_122_45;puhemies;1
1328;122/2020;2020_122_45;pärjätä;1
1328;122/2020;2020_122_45;päätösten;1
1328;122/2020;2020_122_45;ravintolat;2
1328;122/2020;2020_122_45;ravintolayrittäjän;1
1328;122/2020;2020_122_45;ruotsiin;1
1328;122/2020;2020_122_45;saa;1
1328;122/2020;2020_122_45;saada;2
1328;122/2020;2020_122_45;saadaan;1
1328;122/2020;2020_122_45;saavat;2
1328;122/2020;2020_122_45;se;1
1328;122/2020;2020_122_45;selkeä;1
1328;122/2020;2020_122_45;seuraavalla;1
1328;122/2020;2020_122_45;seuraavana;1
1328;122/2020;2020_122_45;siltä;1
1328;122/2020;2020_122_45;sitten;1
1328;122/2020;2020_122_45;strategia;1
1328;122/2020;2020_122_45;suhtaudutte;1
1328;122/2020;2020_122_45;suunnitella;1
1328;122/2020;2020_122_45;taas;1
1328;122/2020;2020_122_45;tapahtuma;1
1328;122/2020;2020_122_45;tempoilu;1
1328;122/2020;2020_122_45;tiedettävä;1
1328;122/2020;2020_122_45;tiedä;1
1328;122/2020;2020_122_45;todellakaan;1
1328;122/2020;2020_122_45;toimi;1
1328;122/2020;2020_122_45;toimintaansa;1
1328;122/2020;2020_122_45;tulee;1
1328;122/2020;2020_122_45;tulevaisuudesta;1
1328;122/2020;2020_122_45;tulevaisuus;1
1328;122/2020;2020_122_45;tuntuu;1
1328;122/2020;2020_122_45;työntekijöiden;1
1328;122/2020;2020_122_45;työntekijöihinsä;1
1328;122/2020;2020_122_45;tähtäimellä;1
1328;122/2020;2020_122_45;tähän;1
1328;122/2020;2020_122_45;tällainen;1
1328;122/2020;2020_122_45;töitä;1
1328;122/2020;2020_122_45;valomerkki;1
1328;122/2020;2020_122_45;valossa;1
1328;122/2020;2020_122_45;varten;1
1328;122/2020;2020_122_45;vastaa;1
1328;122/2020;2020_122_45;vielä;1
1328;122/2020;2020_122_45;viikkona;2
1328;122/2020;2020_122_45;viikolla;1
1328;122/2020;2020_122_45;yhtenä;2
1328;122/2020;2020_122_45;ylimielisesti;1
1328;122/2020;2020_122_45;yrittäjien;1
1328;122/2020;2020_122_45;yrittäjiin;1
1328;123/2024;2024_123_20;aika;1
1328;123/2024;2024_123_20;aikaisemmin;1
1328;123/2024;2024_123_20;aikoja;1
1328;123/2024;2024_123_20;ainoa;1
1328;123/2024;2024_123_20;ajan;1
1328;123/2024;2024_123_20;alennetaan;1
1328;123/2024;2024_123_20;alentaa;1
1328;123/2024;2024_123_20;alentaminen;1
1328;123/2024;2024_123_20;alkaa;1
1328;123/2024;2024_123_20;alueella;1
1328;123/2024;2024_123_20;alvin;1
1328;123/2024;2024_123_20;arki;1
1328;123/2024;2024_123_20;arvion;1
1328;123/2024;2024_123_20;arvoisa;3
1328;123/2024;2024_123_20;arvolisävero;1
1328;123/2024;2024_123_20;arvonlisävero;1
1328;123/2024;2024_123_20;asiat;1
1328;123/2024;2024_123_20;auttaa;1
1328;123/2024;2024_123_20;avulla;2
1328;123/2024;2024_123_20;ben;3
1328;123/2024;2024_123_20;bruttokansantuotteeseen;1
1328;123/2024;2024_123_20;edes;1
1328;123/2024;2024_123_20;ei;4
1328;123/2024;2024_123_20;eikä;1
1328;123/2024;2024_123_20;elintaso;1
1328;123/2024;2024_123_20;enemmän;4
1328;123/2024;2024_123_20;energian;1
1328;123/2024;2024_123_20;eniten;1
1328;123/2024;2024_123_20;ennen;1
1328;123/2024;2024_123_20;ennätystahtiin;1
1328;123/2024;2024_123_20;ennätysvauhtia;1
1328;123/2024;2024_123_20;enää;1
1328;123/2024;2024_123_20;epäoikeudenmukainen;1
1328;123/2024;2024_123_20;erityinen;1
1328;123/2024;2024_123_20;erityisesti;2
1328;123/2024;2024_123_20;erityisiä;1
1328;123/2024;2024_123_20;erityistalousalue;2
1328;123/2024;2024_123_20;esimerkiksi;1
1328;123/2024;2024_123_20;etenemään;1
1328;123/2024;2024_123_20;että;4
1328;123/2024;2024_123_20;euroa;3
1328;123/2024;2024_123_20;eurolla;1
1328;123/2024;2024_123_20;euroon;1
1328;123/2024;2024_123_20;euroopan;1
1328;123/2024;2024_123_20;eussa;1
1328;123/2024;2024_123_20;haaveet;1
1328;123/2024;2024_123_20;haetaan;1
1328;123/2024;2024_123_20;hallitukseen;1
1328;123/2024;2024_123_20;hallitus;1
1328;123/2024;2024_123_20;hallituskausien;1
1328;123/2024;2024_123_20;halutaan;2
1328;123/2024;2024_123_20;hankitaan;1
1328;123/2024;2024_123_20;harmaa;1
1328;123/2024;2024_123_20;harrastuksiin;1
1328;123/2024;2024_123_20;hetki;1
1328;123/2024;2024_123_20;hinta;1
1328;123/2024;2024_123_20;hoitojonoissa;1
1328;123/2024;2024_123_20;huolehtia;1
1328;123/2024;2024_123_20;huolestuttava;1
1328;123/2024;2024_123_20;huomanneet;1
1328;123/2024;2024_123_20;huonointa;1
1328;123/2024;2024_123_20;hyvinvoinnin;1
1328;123/2024;2024_123_20;hyödyttää;1
1328;123/2024;2024_123_20;höpö;2
1328;123/2024;2024_123_20;ihmiset;1
1328;123/2024;2024_123_20;investoi;1
1328;123/2024;2024_123_20;investoinneille;1
1328;123/2024;2024_123_20;investointeja;5
1328;123/2024;2024_123_20;investointi;1
1328;123/2024;2024_123_20;investointipotti;1
1328;123/2024;2024_123_20;itsensä;1
1328;123/2024;2024_123_20;itserahoitukseksi;1
1328;123/2024;2024_123_20;itä-suomesta;1
1328;123/2024;2024_123_20;ja;34
1328;123/2024;2024_123_20;jatkua;1
1328;123/2024;2024_123_20;jatkuvaksi;1
1328;123/2024;2024_123_20;jatkuvasti;1
1328;123/2024;2024_123_20;jo;1
1328;123/2024;2024_123_20;joiden;1
1328;123/2024;2024_123_20;joilla;1
1328;123/2024;2024_123_20;joka;2
1328;123/2024;2024_123_20;jokainen;1
1328;123/2024;2024_123_20;jolla;2
1328;123/2024;2024_123_20;jos;1
1328;123/2024;2024_123_20;josta;1
1328;123/2024;2024_123_20;joulua;1
1328;123/2024;2024_123_20;joutua;1
1328;123/2024;2024_123_20;julkiselle;1
1328;123/2024;2024_123_20;julkisen;1
1328;123/2024;2024_123_20;julkista;2
1328;123/2024;2024_123_20;jumiin;1
1328;123/2024;2024_123_20;jumissa;1
1328;123/2024;2024_123_20;junaratojen;1
1328;123/2024;2024_123_20;jää;1
1328;123/2024;2024_123_20;jäädytetään;2
1328;123/2024;2024_123_20;kaikilla;2
1328;123/2024;2024_123_20;kaikki;4
1328;123/2024;2024_123_20;kaikkia;1
1328;123/2024;2024_123_20;kaipaa;1
1328;123/2024;2024_123_20;kannustaa;1
1328;123/2024;2024_123_20;kannustetaan;1
1328;123/2024;2024_123_20;kantavan;1
1328;123/2024;2024_123_20;karanneet;1
1328;123/2024;2024_123_20;kartonki;1
1328;123/2024;2024_123_20;kasvaa;2
1328;123/2024;2024_123_20;kasvavat;1
1328;123/2024;2024_123_20;kasvu;2
1328;123/2024;2024_123_20;kasvuun;1
1328;123/2024;2024_123_20;kerää;1
1328;123/2024;2024_123_20;kiihdyttämö;1
1328;123/2024;2024_123_20;kiinni;1
1328;123/2024;2024_123_20;kilpailukyky;1
1328;123/2024;2024_123_20;kodeissa;1
1328;123/2024;2024_123_20;kodin;1
1328;123/2024;2024_123_20;kohdistettuja;1
1328;123/2024;2024_123_20;kohtuuttomaan;1
1328;123/2024;2024_123_20;koko;5
1328;123/2024;2024_123_20;kokoomukseen;1
1328;123/2024;2024_123_20;kompensoi;1
1328;123/2024;2024_123_20;kompensoida;1
1328;123/2024;2024_123_20;konkursseja;1
1328;123/2024;2024_123_20;korotetaan;1
1328;123/2024;2024_123_20;korottaa;1
1328;123/2024;2024_123_20;koska;1
1328;123/2024;2024_123_20;kotihoito;1
1328;123/2024;2024_123_20;kotitalousvähennystä;2
1328;123/2024;2024_123_20;kuin;3
1328;123/2024;2024_123_20;kuitenkin;1
1328;123/2024;2024_123_20;kulut;1
1328;123/2024;2024_123_20;kuluttaa;1
1328;123/2024;2024_123_20;kun;6
1328;123/2024;2024_123_20;kuntoon;1
1328;123/2024;2024_123_20;kurjuutta;1
1328;123/2024;2024_123_20;kustannusten;1
1328;123/2024;2024_123_20;kärjessä;1
1328;123/2024;2024_123_20;käsistä;1
1328;123/2024;2024_123_20;laitetaan;1
1328;123/2024;2024_123_20;laittamaan;1
1328;123/2024;2024_123_20;lakkoon;1
1328;123/2024;2024_123_20;laskea;1
1328;123/2024;2024_123_20;laskenut;1
1328;123/2024;2024_123_20;lasketaan;1
1328;123/2024;2024_123_20;laskettu;1
1328;123/2024;2024_123_20;lasku;1
1328;123/2024;2024_123_20;leikkauksia;1
1328;123/2024;2024_123_20;liikkeelle;1
1328;123/2024;2024_123_20;lisää;2
1328;123/2024;2024_123_20;lisääntyy;2
1328;123/2024;2024_123_20;lompakossaan;1
1328;123/2024;2024_123_20;luotettavat;1
1328;123/2024;2024_123_20;luottamus;1
1328;123/2024;2024_123_20;luottamusta;1
1328;123/2024;2024_123_20;lupamenettelyyn;1
1328;123/2024;2024_123_20;lähes;2
1328;123/2024;2024_123_20;maailmassa;1
1328;123/2024;2024_123_20;maksa;1
1328;123/2024;2024_123_20;maksaa;4
1328;123/2024;2024_123_20;maksaneet;1
1328;123/2024;2024_123_20;meidän;1
1328;123/2024;2024_123_20;meiltä;1
1328;123/2024;2024_123_20;menee;1
1328;123/2024;2024_123_20;menettämistä;1
1328;123/2024;2024_123_20;meno;2
1328;123/2024;2024_123_20;menoihin;1
1328;123/2024;2024_123_20;menot;2
1328;123/2024;2024_123_20;merkitys;1
1328;123/2024;2024_123_20;miljardi;1
1328;123/2024;2024_123_20;miljardia;5
1328;123/2024;2024_123_20;miljardiin;1
1328;123/2024;2024_123_20;miljardilla;1
1328;123/2024;2024_123_20;miljardin;1
1328;123/2024;2024_123_20;mistä;1
1328;123/2024;2024_123_20;mittareilla;1
1328;123/2024;2024_123_20;mitään;1
1328;123/2024;2024_123_20;monissa;1
1328;123/2024;2024_123_20;monta;1
1328;123/2024;2024_123_20;muiden;1
1328;123/2024;2024_123_20;mukaan;1
1328;123/2024;2024_123_20;mutta;1
1328;123/2024;2024_123_20;muu;1
1328;123/2024;2024_123_20;muutosta;1
1328;123/2024;2024_123_20;muuttunut;1
1328;123/2024;2024_123_20;myydään;1
1328;123/2024;2024_123_20;myöhäisemmäksi;1
1328;123/2024;2024_123_20;myöntää;1
1328;123/2024;2024_123_20;myös;4
1328;123/2024;2024_123_20;määrä;1
1328;123/2024;2024_123_20;määräaikaisia;1
1328;123/2024;2024_123_20;ne;1
1328;123/2024;2024_123_20;niin;3
1328;123/2024;2024_123_20;niitä;3
1328;123/2024;2024_123_20;no;1
1328;123/2024;2024_123_20;nopeasti;1
1328;123/2024;2024_123_20;nousee;1
1328;123/2024;2024_123_20;nousu;1
1328;123/2024;2024_123_20;nykyinen;2
1328;123/2024;2024_123_20;nykyiselle;2
1328;123/2024;2024_123_20;nykytasolla;1
1328;123/2024;2024_123_20;nyt;3
1328;123/2024;2024_123_20;näistä;1
1328;123/2024;2024_123_20;näkymät;1
1328;123/2024;2024_123_20;näyttääkö;1
1328;123/2024;2024_123_20;olla;3
1328;123/2024;2024_123_20;on;20
1328;123/2024;2024_123_20;osa;1
1328;123/2024;2024_123_20;osaajilla;1
1328;123/2024;2024_123_20;osan;1
1328;123/2024;2024_123_20;otetaan;2
1328;123/2024;2024_123_20;ovat;5
1328;123/2024;2024_123_20;oy;1
1328;123/2024;2024_123_20;pahnan;1
1328;123/2024;2024_123_20;palkankorotukset;1
1328;123/2024;2024_123_20;palkka;2
1328;123/2024;2024_123_20;paperi;1
1328;123/2024;2024_123_20;parantaa;1
1328;123/2024;2024_123_20;pelastaa;1
1328;123/2024;2024_123_20;pelkäävät;1
1328;123/2024;2024_123_20;perheen;1
1328;123/2024;2024_123_20;perijä;1
1328;123/2024;2024_123_20;perintövero;2
1328;123/2024;2024_123_20;perittyään;1
1328;123/2024;2024_123_20;perustaa;1
1328;123/2024;2024_123_20;perustetaan;1
1328;123/2024;2024_123_20;perustettu;1
1328;123/2024;2024_123_20;peräkkäin;1
1328;123/2024;2024_123_20;pidemmällä;1
1328;123/2024;2024_123_20;pienenevät;1
1328;123/2024;2024_123_20;pitkäjänteisen;1
1328;123/2024;2024_123_20;pitkään;1
1328;123/2024;2024_123_20;pitäisi;2
1328;123/2024;2024_123_20;pitää;9
1328;123/2024;2024_123_20;pohjilla;1
1328;123/2024;2024_123_20;poistetaan;1
1328;123/2024;2024_123_20;poliittinen;1
1328;123/2024;2024_123_20;potti;1
1328;123/2024;2024_123_20;prosentilla;1
1328;123/2024;2024_123_20;prosentin;1
1328;123/2024;2024_123_20;prosenttia;3
1328;123/2024;2024_123_20;prosenttiin;5
1328;123/2024;2024_123_20;pudotetaan;2
1328;123/2024;2024_123_20;pudottaminen;1
1328;123/2024;2024_123_20;pudotuksessa;1
1328;123/2024;2024_123_20;puhemies;3
1328;123/2024;2024_123_20;puolesta;1
1328;123/2024;2024_123_20;puolet;1
1328;123/2024;2024_123_20;puolueet;1
1328;123/2024;2024_123_20;puuttuvat;2
1328;123/2024;2024_123_20;pystyi;1
1328;123/2024;2024_123_20;päinvastoin;1
1328;123/2024;2024_123_20;päätöksiä;1
1328;123/2024;2024_123_20;pörssiin;1
1328;123/2024;2024_123_20;remontit;1
1328;123/2024;2024_123_20;riittävän;1
1328;123/2024;2024_123_20;riitä;2
1328;123/2024;2024_123_20;rikki;1
1328;123/2024;2024_123_20;rohkeita;1
1328;123/2024;2024_123_20;ruoan;3
1328;123/2024;2024_123_20;ruokamenoihin;1
1328;123/2024;2024_123_20;ruotsissa;3
1328;123/2024;2024_123_20;saa;1
1328;123/2024;2024_123_20;saada;2
1328;123/2024;2024_123_20;saadaan;2
1328;123/2024;2024_123_20;sahatavara;1
1328;123/2024;2024_123_20;samat;1
1328;123/2024;2024_123_20;sata;1
1328;123/2024;2024_123_20;satamat;1
1328;123/2024;2024_123_20;se;6
1328;123/2024;2024_123_20;sellu;1
1328;123/2024;2024_123_20;semmoinen;1
1328;123/2024;2024_123_20;siellä;2
1328;123/2024;2024_123_20;siirretään;1
1328;123/2024;2024_123_20;siirtämällä;1
1328;123/2024;2024_123_20;siitä;2
1328;123/2024;2024_123_20;sijoittajia;1
1328;123/2024;2024_123_20;sillä;1
1328;123/2024;2024_123_20;siltä;1
1328;123/2024;2024_123_20;sitten;2
1328;123/2024;2024_123_20;sitä;1
1328;123/2024;2024_123_20;skaalarahasto;2
1328;123/2024;2024_123_20;sote;1
1328;123/2024;2024_123_20;suhteessa;1
1328;123/2024;2024_123_20;suomalaiset;2
1328;123/2024;2024_123_20;suomalaisiin;1
1328;123/2024;2024_123_20;suomalaista;1
1328;123/2024;2024_123_20;suomelta;1
1328;123/2024;2024_123_20;suomen;2
1328;123/2024;2024_123_20;suomessa;1
1328;123/2024;2024_123_20;suomesta;2
1328;123/2024;2024_123_20;suomi;2
1328;123/2024;2024_123_20;suunnitelman;1
1328;123/2024;2024_123_20;suunniteltuja;1
1328;123/2024;2024_123_20;suurin;1
1328;123/2024;2024_123_20;synkkää;1
1328;123/2024;2024_123_20;syövät;1
1328;123/2024;2024_123_20;sää;1
1328;123/2024;2024_123_20;säästöön;1
1328;123/2024;2024_123_20;taittaa;1
1328;123/2024;2024_123_20;tajuaa;1
1328;123/2024;2024_123_20;takaa;1
1328;123/2024;2024_123_20;takaisin;1
1328;123/2024;2024_123_20;takia;1
1328;123/2024;2024_123_20;talman;3
1328;123/2024;2024_123_20;taloudelle;1
1328;123/2024;2024_123_20;taloudellinen;1
1328;123/2024;2024_123_20;talouden;2
1328;123/2024;2024_123_20;taloudesta;1
1328;123/2024;2024_123_20;talous;4
1328;123/2024;2024_123_20;talouskasvu;2
1328;123/2024;2024_123_20;talouskasvun;1
1328;123/2024;2024_123_20;talouteen;1
1328;123/2024;2024_123_20;taloutta;1
1328;123/2024;2024_123_20;tappaa;1
1328;123/2024;2024_123_20;tarina;1
1328;123/2024;2024_123_20;tarvitaan;1
1328;123/2024;2024_123_20;tarvitsemme;1
1328;123/2024;2024_123_20;tasapainoiluksi;1
1328;123/2024;2024_123_20;tasolle;2
1328;123/2024;2024_123_20;tavallisiin;2
1328;123/2024;2024_123_20;tehdä;4
1328;123/2024;2024_123_20;tehdään;1
1328;123/2024;2024_123_20;tehty;2
1328;123/2024;2024_123_20;tekemään;2
1328;123/2024;2024_123_20;tienaa;1
1328;123/2024;2024_123_20;tietääkseni;1
1328;123/2024;2024_123_20;tilanne;1
1328;123/2024;2024_123_20;tilanteeseen;1
1328;123/2024;2024_123_20;todella;1
1328;123/2024;2024_123_20;todellakaan;1
1328;123/2024;2024_123_20;toimeentulotukea;1
1328;123/2024;2024_123_20;toimeliaisuus;1
1328;123/2024;2024_123_20;toimi;1
1328;123/2024;2024_123_20;toimista;1
1328;123/2024;2024_123_20;toimivat;1
1328;123/2024;2024_123_20;tuetaan;1
1328;123/2024;2024_123_20;tulee;1
1328;123/2024;2024_123_20;tulevaan;1
1328;123/2024;2024_123_20;tulevaisuuteen;1
1328;123/2024;2024_123_20;tulevilla;1
1328;123/2024;2024_123_20;tulisi;1
1328;123/2024;2024_123_20;tuloverotusta;2
1328;123/2024;2024_123_20;tuo;1
1328;123/2024;2024_123_20;tuottavuus;1
1328;123/2024;2024_123_20;turun;1
1328;123/2024;2024_123_20;turvallisuuden;1
1328;123/2024;2024_123_20;työllisyysprosentin;1
1328;123/2024;2024_123_20;työmarkkinoiden;1
1328;123/2024;2024_123_20;työpaikkansa;1
1328;123/2024;2024_123_20;työttömien;1
1328;123/2024;2024_123_20;työttömyys;1
1328;123/2024;2024_123_20;työttömyysmenot;1
1328;123/2024;2024_123_20;tähtäimellä;1
1328;123/2024;2024_123_20;tähän;1
1328;123/2024;2024_123_20;tällä;1
1328;123/2024;2024_123_20;tämmöinen;1
1328;123/2024;2024_123_20;tämä;1
1328;123/2024;2024_123_20;tämän;2
1328;123/2024;2024_123_20;tässä;1
1328;123/2024;2024_123_20;tätä;1
1328;123/2024;2024_123_20;töitä;3
1328;123/2024;2024_123_20;ulkomaisilla;1
1328;123/2024;2024_123_20;ulosotossa;1
1328;123/2024;2024_123_20;unelmat;1
1328;123/2024;2024_123_20;uralla;1
1328;123/2024;2024_123_20;uskoa;1
1328;123/2024;2024_123_20;vaihtoehtoja;1
1328;123/2024;2024_123_20;vaikuttava;1
1328;123/2024;2024_123_20;vaikuttavia;1
1328;123/2024;2024_123_20;vain;3
1328;123/2024;2024_123_20;vakaaksi;1
1328;123/2024;2024_123_20;valtio;1
1328;123/2024;2024_123_20;valtion;1
1328;123/2024;2024_123_20;vanhat;1
1328;123/2024;2024_123_20;vapaassa;1
1328;123/2024;2024_123_20;varmasti;1
1328;123/2024;2024_123_20;varten;1
1328;123/2024;2024_123_20;vauhtia;1
1328;123/2024;2024_123_20;veikkaus;1
1328;123/2024;2024_123_20;velan;1
1328;123/2024;2024_123_20;velkaa;2
1328;123/2024;2024_123_20;veroa;1
1328;123/2024;2024_123_20;veroetuja;1
1328;123/2024;2024_123_20;veronkorotuksia;1
1328;123/2024;2024_123_20;veronsa;1
1328;123/2024;2024_123_20;veroremontin;1
1328;123/2024;2024_123_20;veroremontti;1
1328;123/2024;2024_123_20;verotulot;1
1328;123/2024;2024_123_20;verovapauksia;1
1328;123/2024;2024_123_20;vetää;1
1328;123/2024;2024_123_20;viedään;1
1328;123/2024;2024_123_20;vielä;2
1328;123/2024;2024_123_20;vienti;1
1328;123/2024;2024_123_20;vientitilaston;1
1328;123/2024;2024_123_20;viimeinen;1
1328;123/2024;2024_123_20;viiteen;1
1328;123/2024;2024_123_20;vmn;1
1328;123/2024;2024_123_20;voi;4
1328;123/2024;2024_123_20;voidaan;1
1328;123/2024;2024_123_20;vuotta;3
1328;123/2024;2024_123_20;vähentää;2
1328;123/2024;2024_123_20;vähintään;1
1328;123/2024;2024_123_20;vähän;1
1328;123/2024;2024_123_20;välihuuto;1
1328;123/2024;2024_123_20;yhden;1
1328;123/2024;2024_123_20;yhteensä;1
1328;123/2024;2024_123_20;yhteisövero;1
1328;123/2024;2024_123_20;yhteisöveroa;1
1328;123/2024;2024_123_20;yhteisöveron;2
1328;123/2024;2024_123_20;yhtä;1
1328;123/2024;2024_123_20;yli;1
1328;123/2024;2024_123_20;ymmärtää;1
1328;123/2024;2024_123_20;yrittäjien;1
1328;123/2024;2024_123_20;yrittäneet;2
1328;123/2024;2024_123_20;yrityksen;1
1328;123/2024;2024_123_20;yrityksiin;1
1328;123/2024;2024_123_20;yrityksille;1
1328;123/2024;2024_123_20;yrityksissä;1
1328;123/2024;2024_123_20;yritys;1
1328;123/2024;2024_123_20;yritysten;2
1328;123/2024;2024_123_20;yritystukia;2
1328;123/2024;2024_123_20;zyskowicz;2
1328;123/2024;2024_123_20;zyskowiczin;1
1328;123/2024;2024_123_20;ärade;3
1328;124/2022;2022_124_27;aikana;2
1328;124/2022;2022_124_27;aina;1
1328;124/2022;2022_124_27;alettaisiin;1
1328;124/2022;2022_124_27;alkaen;1
1328;124/2022;2022_124_27;alla;1
1328;124/2022;2022_124_27;alusta;1
1328;124/2022;2022_124_27;antaa;1
1328;124/2022;2022_124_27;arvoinen;1
1328;124/2022;2022_124_27;arvoisa;4
1328;124/2022;2022_124_27;arvokasta;1
1328;124/2022;2022_124_27;asettaa;1
1328;124/2022;2022_124_27;digitaalinen;1
1328;124/2022;2022_124_27;digitaalisuus;1
1328;124/2022;2022_124_27;edustuskelpoisia;1
1328;124/2022;2022_124_27;edustustoa;1
1328;124/2022;2022_124_27;edustustot;1
1328;124/2022;2022_124_27;ei;4
1328;124/2022;2022_124_27;eikä;1
1328;124/2022;2022_124_27;eivät;1
1328;124/2022;2022_124_27;eli;2
1328;124/2022;2022_124_27;elää;1
1328;124/2022;2022_124_27;energiakustannusten;1
1328;124/2022;2022_124_27;ensisijaisesti;1
1328;124/2022;2022_124_27;enää;1
1328;124/2022;2022_124_27;erittäin;1
1328;124/2022;2022_124_27;erityisen;1
1328;124/2022;2022_124_27;erityisten;1
1328;124/2022;2022_124_27;eteenpäin;1
1328;124/2022;2022_124_27;että;8
1328;124/2022;2022_124_27;etätyötä;1
1328;124/2022;2022_124_27;euron;1
1328;124/2022;2022_124_27;hajanaisuutta;1
1328;124/2022;2022_124_27;hallinnollisesti;1
1328;124/2022;2022_124_27;hallussa;1
1328;124/2022;2022_124_27;hallussaan;2
1328;124/2022;2022_124_27;haluaisin;2
1328;124/2022;2022_124_27;hinta;1
1328;124/2022;2022_124_27;hoitaa;1
1328;124/2022;2022_124_27;hyvä;2
1328;124/2022;2022_124_27;hyvässä;1
1328;124/2022;2022_124_27;hyytyy;1
1328;124/2022;2022_124_27;hyödyntää;1
1328;124/2022;2022_124_27;hyötykäyttöön;1
1328;124/2022;2022_124_27;ikäluokat;1
1328;124/2022;2022_124_27;ja;24
1328;124/2022;2022_124_27;jatkuvaksi;1
1328;124/2022;2022_124_27;jatkuvasti;2
1328;124/2022;2022_124_27;joilla;1
1328;124/2022;2022_124_27;jos;1
1328;124/2022;2022_124_27;jälkeen;1
1328;124/2022;2022_124_27;järkevästi;1
1328;124/2022;2022_124_27;jääneet;1
1328;124/2022;2022_124_27;jäävät;1
1328;124/2022;2022_124_27;kaiken;1
1328;124/2022;2022_124_27;kautta;1
1328;124/2022;2022_124_27;kehittäminen;1
1328;124/2022;2022_124_27;kehityskohde;1
1328;124/2022;2022_124_27;kenelle;1
1328;124/2022;2022_124_27;kertaa;1
1328;124/2022;2022_124_27;keskenään;1
1328;124/2022;2022_124_27;keskitettynä;1
1328;124/2022;2022_124_27;keskittämällä;1
1328;124/2022;2022_124_27;keskittämään;1
1328;124/2022;2022_124_27;keskittää;1
1328;124/2022;2022_124_27;kiinteistöihin;2
1328;124/2022;2022_124_27;kiinteistöille;1
1328;124/2022;2022_124_27;kiinteistöistä;1
1328;124/2022;2022_124_27;kiinteistöjen;5
1328;124/2022;2022_124_27;kiinteistöjä;2
1328;124/2022;2022_124_27;kiinteistöomaisuus;1
1328;124/2022;2022_124_27;kiinteistöt;1
1328;124/2022;2022_124_27;kiinteistöä;1
1328;124/2022;2022_124_27;kiitos;2
1328;124/2022;2022_124_27;kinastelevat;1
1328;124/2022;2022_124_27;kohdalla;1
1328;124/2022;2022_124_27;kohdallaan;1
1328;124/2022;2022_124_27;konsernin;1
1328;124/2022;2022_124_27;korjausvelka;1
1328;124/2022;2022_124_27;koronan;1
1328;124/2022;2022_124_27;kuin;2
1328;124/2022;2022_124_27;kulttuurihistoriallisesti;1
1328;124/2022;2022_124_27;kun;4
1328;124/2022;2022_124_27;kunnossa;1
1328;124/2022;2022_124_27;kuntoon;1
1328;124/2022;2022_124_27;kustannustehokkaasti;1
1328;124/2022;2022_124_27;kustannustehokkaat;1
1328;124/2022;2022_124_27;kuuluu;1
1328;124/2022;2022_124_27;kymmenet;1
1328;124/2022;2022_124_27;käsky;1
1328;124/2022;2022_124_27;käyntikorttimme;1
1328;124/2022;2022_124_27;käyttö;1
1328;124/2022;2022_124_27;käyttökelpoisten;1
1328;124/2022;2022_124_27;käyttöä;2
1328;124/2022;2022_124_27;käytännössä;1
1328;124/2022;2022_124_27;käytännöt;1
1328;124/2022;2022_124_27;käytön;1
1328;124/2022;2022_124_27;käytössä;1
1328;124/2022;2022_124_27;laitokset;1
1328;124/2022;2022_124_27;laittaa;1
1328;124/2022;2022_124_27;liittyy;2
1328;124/2022;2022_124_27;lisäksi;1
1328;124/2022;2022_124_27;lisätä;1
1328;124/2022;2022_124_27;lisääntyy;1
1328;124/2022;2022_124_27;lopuksi;1
1328;124/2022;2022_124_27;lukunsa;1
1328;124/2022;2022_124_27;lähes;1
1328;124/2022;2022_124_27;lähtökohta;1
1328;124/2022;2022_124_27;löytyy;2
1328;124/2022;2022_124_27;maailmalla;1
1328;124/2022;2022_124_27;mahdollisimman;3
1328;124/2022;2022_124_27;meidän;1
1328;124/2022;2022_124_27;meillä;1
1328;124/2022;2022_124_27;mikäkin;1
1328;124/2022;2022_124_27;miljardin;1
1328;124/2022;2022_124_27;ministeriltä;1
1328;124/2022;2022_124_27;mittarit;1
1328;124/2022;2022_124_27;monet;1
1328;124/2022;2022_124_27;monta;1
1328;124/2022;2022_124_27;mutta;1
1328;124/2022;2022_124_27;muuttaa;2
1328;124/2022;2022_124_27;myydä;3
1328;124/2022;2022_124_27;myymisessä;1
1328;124/2022;2022_124_27;myynteihin;1
1328;124/2022;2022_124_27;myytävää;1
1328;124/2022;2022_124_27;myös;12
1328;124/2022;2022_124_27;nato-jäsenyys;1
1328;124/2022;2022_124_27;ne;2
1328;124/2022;2022_124_27;niiden;3
1328;124/2022;2022_124_27;niin;3
1328;124/2022;2022_124_27;noussut;1
1328;124/2022;2022_124_27;nousu;1
1328;124/2022;2022_124_27;nykyaikainen;1
1328;124/2022;2022_124_27;nykyaikaiset;1
1328;124/2022;2022_124_27;nykyistä;1
1328;124/2022;2022_124_27;nyt;1
1328;124/2022;2022_124_27;näihin;1
1328;124/2022;2022_124_27;nämä;1
1328;124/2022;2022_124_27;oikeassa;1
1328;124/2022;2022_124_27;ole;2
1328;124/2022;2022_124_27;olevat;1
1328;124/2022;2022_124_27;olevia;1
1328;124/2022;2022_124_27;olisi;2
1328;124/2022;2022_124_27;olla;6
1328;124/2022;2022_124_27;oma;1
1328;124/2022;2022_124_27;omaa;1
1328;124/2022;2022_124_27;omaisuutta;1
1328;124/2022;2022_124_27;omistamiin;1
1328;124/2022;2022_124_27;omistuksessa;2
1328;124/2022;2022_124_27;omistus;1
1328;124/2022;2022_124_27;on;13
1328;124/2022;2022_124_27;ostaja;1
1328;124/2022;2022_124_27;osuus;1
1328;124/2022;2022_124_27;ovat;2
1328;124/2022;2022_124_27;ovatko;1
1328;124/2022;2022_124_27;paikassa;1
1328;124/2022;2022_124_27;painaa;1
1328;124/2022;2022_124_27;painetta;1
1328;124/2022;2022_124_27;palveluiden;2
1328;124/2022;2022_124_27;palveluihin;1
1328;124/2022;2022_124_27;palveluita;1
1328;124/2022;2022_124_27;palvelujen;1
1328;124/2022;2022_124_27;palvelut;1
1328;124/2022;2022_124_27;pandemian;1
1328;124/2022;2022_124_27;parantaa;2
1328;124/2022;2022_124_27;parantamalla;1
1328;124/2022;2022_124_27;paremmalla;1
1328;124/2022;2022_124_27;peruskorjaus;1
1328;124/2022;2022_124_27;perusteiden;1
1328;124/2022;2022_124_27;pidä;1
1328;124/2022;2022_124_27;pienenevät;1
1328;124/2022;2022_124_27;piirtää;1
1328;124/2022;2022_124_27;pitkäjänteinen;1
1328;124/2022;2022_124_27;pitää;15
1328;124/2022;2022_124_27;pois;2
1328;124/2022;2022_124_27;puheenaiheeksi;1
1328;124/2022;2022_124_27;puhemies;4
1328;124/2022;2022_124_27;puhtaalta;1
1328;124/2022;2022_124_27;puolet;1
1328;124/2022;2022_124_27;puolustusvoimien;1
1328;124/2022;2022_124_27;pystyttävä;1
1328;124/2022;2022_124_27;pysyviksi;1
1328;124/2022;2022_124_27;pöydältä;1
1328;124/2022;2022_124_27;rajavartiolaitoksen;1
1328;124/2022;2022_124_27;rakennuksen;1
1328;124/2022;2022_124_27;rakennusta;1
1328;124/2022;2022_124_27;rakentaa;2
1328;124/2022;2022_124_27;rakentaminen;1
1328;124/2022;2022_124_27;riittävät;1
1328;124/2022;2022_124_27;rönsyt;1
1328;124/2022;2022_124_27;sallia;1
1328;124/2022;2022_124_27;sanoa;1
1328;124/2022;2022_124_27;sanottu;1
1328;124/2022;2022_124_27;se;4
1328;124/2022;2022_124_27;sekä;1
1328;124/2022;2022_124_27;selkeä;2
1328;124/2022;2022_124_27;selkeät;1
1328;124/2022;2022_124_27;selvittää;1
1328;124/2022;2022_124_27;selvää;3
1328;124/2022;2022_124_27;senaatti-kiinteistöjen;1
1328;124/2022;2022_124_27;senaatti-konsernille;2
1328;124/2022;2022_124_27;senaatti-konsernin;1
1328;124/2022;2022_124_27;siihen;1
1328;124/2022;2022_124_27;siiloutumista;1
1328;124/2022;2022_124_27;siitä;2
1328;124/2022;2022_124_27;siten;1
1328;124/2022;2022_124_27;sitä;1
1328;124/2022;2022_124_27;suomella;1
1328;124/2022;2022_124_27;suomi;1
1328;124/2022;2022_124_27;suunnitelma;1
1328;124/2022;2022_124_27;suunnittelu;1
1328;124/2022;2022_124_27;suunnittelua;1
1328;124/2022;2022_124_27;suunnittelulla;1
1328;124/2022;2022_124_27;suuri;1
1328;124/2022;2022_124_27;systemaattisesti;1
1328;124/2022;2022_124_27;ta;1
1328;124/2022;2022_124_27;tai;1
1328;124/2022;2022_124_27;talman;4
1328;124/2022;2022_124_27;taloudelliset;1
1328;124/2022;2022_124_27;tarjonta;1
1328;124/2022;2022_124_27;tarjontaa;1
1328;124/2022;2022_124_27;tarkoittaa;1
1328;124/2022;2022_124_27;tarpeellinen;1
1328;124/2022;2022_124_27;tarpeeseen;1
1328;124/2022;2022_124_27;tarvetta;2
1328;124/2022;2022_124_27;tarvitse;1
1328;124/2022;2022_124_27;tarvittava;1
1328;124/2022;2022_124_27;tavoitteet;1
1328;124/2022;2022_124_27;tehokas;1
1328;124/2022;2022_124_27;tehokkaasti;2
1328;124/2022;2022_124_27;tehokkuutta;1
1328;124/2022;2022_124_27;tehostaa;1
1328;124/2022;2022_124_27;tehtävänä;1
1328;124/2022;2022_124_27;teki;1
1328;124/2022;2022_124_27;tietysti;1
1328;124/2022;2022_124_27;tietää;1
1328;124/2022;2022_124_27;tilanteen;1
1328;124/2022;2022_124_27;tilat;2
1328;124/2022;2022_124_27;tiloja;1
1328;124/2022;2022_124_27;tilojen;2
1328;124/2022;2022_124_27;toimijalle;1
1328;124/2022;2022_124_27;toiminnot;1
1328;124/2022;2022_124_27;toiminut;1
1328;124/2022;2022_124_27;toimitilat;1
1328;124/2022;2022_124_27;toimitilojen;6
1328;124/2022;2022_124_27;toimivat;1
1328;124/2022;2022_124_27;toimivia;1
1328;124/2022;2022_124_27;toteuttamiseksi;1
1328;124/2022;2022_124_27;tulee;1
1328;124/2022;2022_124_27;tuleva;1
1328;124/2022;2022_124_27;tulevat;2
1328;124/2022;2022_124_27;tuo;2
1328;124/2022;2022_124_27;turhaan;1
1328;124/2022;2022_124_27;turvallisuus;2
1328;124/2022;2022_124_27;tyhjiksi;1
1328;124/2022;2022_124_27;työelämää;1
1328;124/2022;2022_124_27;työntekijästä;1
1328;124/2022;2022_124_27;tämä;1
1328;124/2022;2022_124_27;tämän;2
1328;124/2022;2022_124_27;tätä;1
1328;124/2022;2022_124_27;ulkomailla;2
1328;124/2022;2022_124_27;ulkoministeriön;1
1328;124/2022;2022_124_27;ulkopuolelta;1
1328;124/2022;2022_124_27;uusia;2
1328;124/2022;2022_124_27;uusien;1
1328;124/2022;2022_124_27;uutta;1
1328;124/2022;2022_124_27;vaatimuksia;1
1328;124/2022;2022_124_27;vaihtoehto;1
1328;124/2022;2022_124_27;vaikuttamaan;1
1328;124/2022;2022_124_27;vain;1
1328;124/2022;2022_124_27;valmiit;1
1328;124/2022;2022_124_27;valta;1
1328;124/2022;2022_124_27;valtiolla;2
1328;124/2022;2022_124_27;valtion;15
1328;124/2022;2022_124_27;valtionhallinnon;1
1328;124/2022;2022_124_27;varusmiespalvelukseen;1
1328;124/2022;2022_124_27;vastaavalle;1
1328;124/2022;2022_124_27;vastuun;1
1328;124/2022;2022_124_27;viedään;1
1328;124/2022;2022_124_27;vielä;1
1328;124/2022;2022_124_27;viennistä;1
1328;124/2022;2022_124_27;viiden;1
1328;124/2022;2022_124_27;viimeistään;1
1328;124/2022;2022_124_27;virastot;1
1328;124/2022;2022_124_27;voi;3
1328;124/2022;2022_124_27;vuoden;2
1328;124/2022;2022_124_27;vuokraaminen;1
1328;124/2022;2022_124_27;vuokrasta;1
1328;124/2022;2022_124_27;väestönsuojat;1
1328;124/2022;2022_124_27;välittömästi;1
1328;124/2022;2022_124_27;yhteispalveluita;2
1328;124/2022;2022_124_27;yhteispalvelujen;1
1328;124/2022;2022_124_27;yhteisten;1
1328;124/2022;2022_124_27;ylläpito;1
1328;124/2022;2022_124_27;ärade;4
1328;125/2020;2020_125_19;aidosti;1
1328;125/2020;2020_125_19;aikana;1
1328;125/2020;2020_125_19;aitoa;1
1328;125/2020;2020_125_19;aivan;2
1328;125/2020;2020_125_19;alentaminen;1
1328;125/2020;2020_125_19;alijäämäinen;1
1328;125/2020;2020_125_19;aloitetaan;1
1328;125/2020;2020_125_19;aloittamana;1
1328;125/2020;2020_125_19;ammatteihin;1
1328;125/2020;2020_125_19;antti;1
1328;125/2020;2020_125_19;arja;1
1328;125/2020;2020_125_19;arkijärjen;1
1328;125/2020;2020_125_19;arvoisa;1
1328;125/2020;2020_125_19;asettaa;1
1328;125/2020;2020_125_19;auta;1
1328;125/2020;2020_125_19;auto;1
1328;125/2020;2020_125_19;autojaan;1
1328;125/2020;2020_125_19;avasi;1
1328;125/2020;2020_125_19;avulla;1
1328;125/2020;2020_125_19;avustuksia;1
1328;125/2020;2020_125_19;ay-liike;1
1328;125/2020;2020_125_19;ay-liikkeen;1
1328;125/2020;2020_125_19;budjetissa;1
1328;125/2020;2020_125_19;budjetti;2
1328;125/2020;2020_125_19;budjettiin;1
1328;125/2020;2020_125_19;digitalisaatio;1
1328;125/2020;2020_125_19;edellytykset;1
1328;125/2020;2020_125_19;edes;2
1328;125/2020;2020_125_19;edustus;2
1328;125/2020;2020_125_19;ehdotus;2
1328;125/2020;2020_125_19;ei;9
1328;125/2020;2020_125_19;eivät;1
1328;125/2020;2020_125_19;eli;2
1328;125/2020;2020_125_19;elinvoima;1
1328;125/2020;2020_125_19;elvyttämiseen;1
1328;125/2020;2020_125_19;elvyttää;1
1328;125/2020;2020_125_19;elvytystä;1
1328;125/2020;2020_125_19;eläville;1
1328;125/2020;2020_125_19;en;1
1328;125/2020;2020_125_19;enemmän;1
1328;125/2020;2020_125_19;energiaverotusta;1
1328;125/2020;2020_125_19;ennätysvauhtia;1
1328;125/2020;2020_125_19;ensi;1
1328;125/2020;2020_125_19;ensin;1
1328;125/2020;2020_125_19;erilaiset;1
1328;125/2020;2020_125_19;erityisesti;1
1328;125/2020;2020_125_19;ettei;1
1328;125/2020;2020_125_19;etteivät;1
1328;125/2020;2020_125_19;että;8
1328;125/2020;2020_125_19;etukäteen;1
1328;125/2020;2020_125_19;eun;1
1328;125/2020;2020_125_19;euron;1
1328;125/2020;2020_125_19;hallituksen;3
1328;125/2020;2020_125_19;hallituksiin;1
1328;125/2020;2020_125_19;hallituksissa;1
1328;125/2020;2020_125_19;hallitus;2
1328;125/2020;2020_125_19;hallitusta;1
1328;125/2020;2020_125_19;haluaa;1
1328;125/2020;2020_125_19;halutaan;1
1328;125/2020;2020_125_19;haukkuminen;1
1328;125/2020;2020_125_19;he;1
1328;125/2020;2020_125_19;helpotuksia;1
1328;125/2020;2020_125_19;hiljaiseksi;1
1328;125/2020;2020_125_19;hoitaa;2
1328;125/2020;2020_125_19;huolissani;1
1328;125/2020;2020_125_19;hyvä;1
1328;125/2020;2020_125_19;hyötyvänsä;1
1328;125/2020;2020_125_19;hän;1
1328;125/2020;2020_125_19;hänelle;1
1328;125/2020;2020_125_19;häviää;1
1328;125/2020;2020_125_19;idea;1
1328;125/2020;2020_125_19;ideologiansa;1
1328;125/2020;2020_125_19;ihmiset;1
1328;125/2020;2020_125_19;ihmisiä;1
1328;125/2020;2020_125_19;ilman;1
1328;125/2020;2020_125_19;ilmapiiristä;1
1328;125/2020;2020_125_19;inka-linja;1
1328;125/2020;2020_125_19;investoida;1
1328;125/2020;2020_125_19;investoinnit;2
1328;125/2020;2020_125_19;investointeihin;1
1328;125/2020;2020_125_19;investointien;1
1328;125/2020;2020_125_19;isänmaan;1
1328;125/2020;2020_125_19;ja;36
1328;125/2020;2020_125_19;jaetaan;1
1328;125/2020;2020_125_19;jaloillaan;1
1328;125/2020;2020_125_19;jatkuvaan;1
1328;125/2020;2020_125_19;johdolla;1
1328;125/2020;2020_125_19;johtamassa;1
1328;125/2020;2020_125_19;joka;1
1328;125/2020;2020_125_19;jossa;1
1328;125/2020;2020_125_19;jotta;1
1328;125/2020;2020_125_19;joukkoliikenteen;1
1328;125/2020;2020_125_19;joustavuutta;1
1328;125/2020;2020_125_19;julisti;1
1328;125/2020;2020_125_19;juvonen;1
1328;125/2020;2020_125_19;järjen;1
1328;125/2020;2020_125_19;järjestäytymättömät;1
1328;125/2020;2020_125_19;kaiken;1
1328;125/2020;2020_125_19;kaikki;1
1328;125/2020;2020_125_19;kaikkiin;1
1328;125/2020;2020_125_19;kallis;1
1328;125/2020;2020_125_19;kannattavuudesta;1
1328;125/2020;2020_125_19;kannustaa;1
1328;125/2020;2020_125_19;kanssa;1
1328;125/2020;2020_125_19;kasassa;1
1328;125/2020;2020_125_19;kasvaa;1
1328;125/2020;2020_125_19;kasvu;2
1328;125/2020;2020_125_19;kasvuun;1
1328;125/2020;2020_125_19;keinot;1
1328;125/2020;2020_125_19;kepu;1
1328;125/2020;2020_125_19;kertaa;1
1328;125/2020;2020_125_19;kertaakaan;1
1328;125/2020;2020_125_19;kertonut;2
1328;125/2020;2020_125_19;keskellä;1
1328;125/2020;2020_125_19;keskisuuret;1
1328;125/2020;2020_125_19;keskisuurten;1
1328;125/2020;2020_125_19;keskuudestaan;1
1328;125/2020;2020_125_19;kiire;1
1328;125/2020;2020_125_19;kiitos;1
1328;125/2020;2020_125_19;kiivetä;1
1328;125/2020;2020_125_19;kirjoihin;1
1328;125/2020;2020_125_19;kirjoittavat;1
1328;125/2020;2020_125_19;kiurusta;1
1328;125/2020;2020_125_19;kohdistetut;1
1328;125/2020;2020_125_19;kokoava;1
1328;125/2020;2020_125_19;kokoomus;1
1328;125/2020;2020_125_19;kolmen;1
1328;125/2020;2020_125_19;kompromissi;1
1328;125/2020;2020_125_19;koostuu;1
1328;125/2020;2020_125_19;korjaamaan;1
1328;125/2020;2020_125_19;koronan;1
1328;125/2020;2020_125_19;korottaa;1
1328;125/2020;2020_125_19;koska;2
1328;125/2020;2020_125_19;kotitalousvähennystä;1
1328;125/2020;2020_125_19;koulutukseen;2
1328;125/2020;2020_125_19;kova;1
1328;125/2020;2020_125_19;kriisin;1
1328;125/2020;2020_125_19;kuin;1
1328;125/2020;2020_125_19;kulutukseen;1
1328;125/2020;2020_125_19;kun;2
1328;125/2020;2020_125_19;kunnat;1
1328;125/2020;2020_125_19;kurvisen;1
1328;125/2020;2020_125_19;kustannusten;1
1328;125/2020;2020_125_19;kuu;1
1328;125/2020;2020_125_19;kuulu;1
1328;125/2020;2020_125_19;kuuluu;1
1328;125/2020;2020_125_19;kuunnella;1
1328;125/2020;2020_125_19;kuusi;1
1328;125/2020;2020_125_19;kyllästyneet;1
1328;125/2020;2020_125_19;kylvää;1
1328;125/2020;2020_125_19;käsittämättömän;1
1328;125/2020;2020_125_19;käynyt;1
1328;125/2020;2020_125_19;käyttäjämäärät;1
1328;125/2020;2020_125_19;käyttävät;1
1328;125/2020;2020_125_19;käyttää;1
1328;125/2020;2020_125_19;laina;1
1328;125/2020;2020_125_19;lainaa;1
1328;125/2020;2020_125_19;lainasta;1
1328;125/2020;2020_125_19;liike;2
1328;125/2020;2020_125_19;liikkumisen;1
1328;125/2020;2020_125_19;liittoon;1
1328;125/2020;2020_125_19;linja;1
1328;125/2020;2020_125_19;lisäisivät;1
1328;125/2020;2020_125_19;lisää;5
1328;125/2020;2020_125_19;lisääminen;1
1328;125/2020;2020_125_19;lisäämiseen;1
1328;125/2020;2020_125_19;lisäämiseksi;1
1328;125/2020;2020_125_19;lopuksi;1
1328;125/2020;2020_125_19;lopulta;1
1328;125/2020;2020_125_19;luoda;1
1328;125/2020;2020_125_19;luoneet;1
1328;125/2020;2020_125_19;luottamusmiehen;1
1328;125/2020;2020_125_19;luottamusta;1
1328;125/2020;2020_125_19;luulevat;1
1328;125/2020;2020_125_19;lypsylehmä;1
1328;125/2020;2020_125_19;lyötiin;1
1328;125/2020;2020_125_19;lähes;1
1328;125/2020;2020_125_19;läpinäkyvyyttä;1
1328;125/2020;2020_125_19;läppäreihin;1
1328;125/2020;2020_125_19;maksaa;1
1328;125/2020;2020_125_19;mallit;1
1328;125/2020;2020_125_19;markkinavoimien;1
1328;125/2020;2020_125_19;meille;1
1328;125/2020;2020_125_19;meillä;1
1328;125/2020;2020_125_19;menot;1
1328;125/2020;2020_125_19;metronomin;1
1328;125/2020;2020_125_19;metsäteollisuuden;1
1328;125/2020;2020_125_19;metsäteollisuus;2
1328;125/2020;2020_125_19;mielessä;1
1328;125/2020;2020_125_19;mihinkään;1
1328;125/2020;2020_125_19;miksi;1
1328;125/2020;2020_125_19;mikään;1
1328;125/2020;2020_125_19;miljardia;4
1328;125/2020;2020_125_19;miljardin;3
1328;125/2020;2020_125_19;mitä;1
1328;125/2020;2020_125_19;molemmat;1
1328;125/2020;2020_125_19;monta;1
1328;125/2020;2020_125_19;motivaatiota;1
1328;125/2020;2020_125_19;muistuttaa;1
1328;125/2020;2020_125_19;muita;1
1328;125/2020;2020_125_19;mukana;1
1328;125/2020;2020_125_19;mutta;2
1328;125/2020;2020_125_19;myynnistä;1
1328;125/2020;2020_125_19;myöntyä;1
1328;125/2020;2020_125_19;myös;3
1328;125/2020;2020_125_19;naurua;2
1328;125/2020;2020_125_19;nelipäiväisestä;1
1328;125/2020;2020_125_19;neljän;1
1328;125/2020;2020_125_19;neuvotella;1
1328;125/2020;2020_125_19;niillä;1
1328;125/2020;2020_125_19;niin;3
1328;125/2020;2020_125_19;niittää;1
1328;125/2020;2020_125_19;niitä;1
1328;125/2020;2020_125_19;nokittelevat;1
1328;125/2020;2020_125_19;nousee;1
1328;125/2020;2020_125_19;nykyistä;1
1328;125/2020;2020_125_19;nyt;3
1328;125/2020;2020_125_19;nytillä;1
1328;125/2020;2020_125_19;nytin;1
1328;125/2020;2020_125_19;näin;3
1328;125/2020;2020_125_19;nämä;1
1328;125/2020;2020_125_19;oikeudenmukainen;1
1328;125/2020;2020_125_19;ole;3
1328;125/2020;2020_125_19;olen;2
1328;125/2020;2020_125_19;olisi;1
1328;125/2020;2020_125_19;olla;3
1328;125/2020;2020_125_19;omaisuuden;1
1328;125/2020;2020_125_19;on;20
1328;125/2020;2020_125_19;onko;2
1328;125/2020;2020_125_19;opeteltavaa;1
1328;125/2020;2020_125_19;oppivelvollisuuden;2
1328;125/2020;2020_125_19;otetaan;2
1328;125/2020;2020_125_19;ovat;9
1328;125/2020;2020_125_19;paikallinen;1
1328;125/2020;2020_125_19;paikalliseen;1
1328;125/2020;2020_125_19;paikallisesta;2
1328;125/2020;2020_125_19;paljon;1
1328;125/2020;2020_125_19;palkata;1
1328;125/2020;2020_125_19;paremmat;1
1328;125/2020;2020_125_19;parempi;1
1328;125/2020;2020_125_19;perässä;1
1328;125/2020;2020_125_19;pidemmällä;1
1328;125/2020;2020_125_19;pidentäminen;1
1328;125/2020;2020_125_19;pidetään;1
1328;125/2020;2020_125_19;pidä;1
1328;125/2020;2020_125_19;pienet;1
1328;125/2020;2020_125_19;pienituloisimpiin;1
1328;125/2020;2020_125_19;pienten;1
1328;125/2020;2020_125_19;piiristä;1
1328;125/2020;2020_125_19;pitäisi;2
1328;125/2020;2020_125_19;pitää;10
1328;125/2020;2020_125_19;politiikan;1
1328;125/2020;2020_125_19;politiikkaa;2
1328;125/2020;2020_125_19;poteroistaan;1
1328;125/2020;2020_125_19;pudotettu;1
1328;125/2020;2020_125_19;puhdasta;1
1328;125/2020;2020_125_19;puheet;1
1328;125/2020;2020_125_19;puhemies;1
1328;125/2020;2020_125_19;punavihreää;1
1328;125/2020;2020_125_19;puolesta;1
1328;125/2020;2020_125_19;puolueiden;1
1328;125/2020;2020_125_19;pysty;1
1328;125/2020;2020_125_19;päivä;1
1328;125/2020;2020_125_19;päivähoitomaksujen;1
1328;125/2020;2020_125_19;päivän;2
1328;125/2020;2020_125_19;pääministeri;5
1328;125/2020;2020_125_19;pääministerin;2
1328;125/2020;2020_125_19;päätöksestä;1
1328;125/2020;2020_125_19;pörssiyritysten;1
1328;125/2020;2020_125_19;rahastusta;1
1328;125/2020;2020_125_19;rahat;1
1328;125/2020;2020_125_19;rangaista;1
1328;125/2020;2020_125_19;realistinen;1
1328;125/2020;2020_125_19;rehtorit;1
1328;125/2020;2020_125_19;riitaan;1
1328;125/2020;2020_125_19;riitä;1
1328;125/2020;2020_125_19;rikki;2
1328;125/2020;2020_125_19;romahtaneet;1
1328;125/2020;2020_125_19;roolinsa;1
1328;125/2020;2020_125_19;ruotsi;1
1328;125/2020;2020_125_19;ruotsissa;2
1328;125/2020;2020_125_19;ruuhkamaksut;1
1328;125/2020;2020_125_19;saada;1
1328;125/2020;2020_125_19;saamattomuuteen;1
1328;125/2020;2020_125_19;sanonut;1
1328;125/2020;2020_125_19;sanotaan;1
1328;125/2020;2020_125_19;sdp;1
1328;125/2020;2020_125_19;se;6
1328;125/2020;2020_125_19;seisoo;1
1328;125/2020;2020_125_19;sellaista;1
1328;125/2020;2020_125_19;sen;1
1328;125/2020;2020_125_19;seuraa;1
1328;125/2020;2020_125_19;siellä;2
1328;125/2020;2020_125_19;sieltä;1
1328;125/2020;2020_125_19;siirtyä;1
1328;125/2020;2020_125_19;siirtää;1
1328;125/2020;2020_125_19;siitä;3
1328;125/2020;2020_125_19;sillä;1
1328;125/2020;2020_125_19;sisäistä;1
1328;125/2020;2020_125_19;sitten;1
1328;125/2020;2020_125_19;sitä;3
1328;125/2020;2020_125_19;sopia;1
1328;125/2020;2020_125_19;sopiminen;1
1328;125/2020;2020_125_19;sopimiseen;1
1328;125/2020;2020_125_19;sopimisesta;2
1328;125/2020;2020_125_19;sosiaalidemokraatit;1
1328;125/2020;2020_125_19;sote-uudistus;1
1328;125/2020;2020_125_19;suomen;1
1328;125/2020;2020_125_19;suomi;4
1328;125/2020;2020_125_19;takaisin;1
1328;125/2020;2020_125_19;talman;1
1328;125/2020;2020_125_19;talouden;1
1328;125/2020;2020_125_19;talous;2
1328;125/2020;2020_125_19;talouskohtaiseksi;1
1328;125/2020;2020_125_19;tapahtui;1
1328;125/2020;2020_125_19;tarpeellinen;1
1328;125/2020;2020_125_19;tarvita;1
1328;125/2020;2020_125_19;tarvitse;1
1328;125/2020;2020_125_19;tavoittamattomissa;1
1328;125/2020;2020_125_19;tehdä;1
1328;125/2020;2020_125_19;tehdään;1
1328;125/2020;2020_125_19;tehtävä;1
1328;125/2020;2020_125_19;tekee;1
1328;125/2020;2020_125_19;tekemällä;1
1328;125/2020;2020_125_19;tekoäly;1
1328;125/2020;2020_125_19;tes-järjestelmä;1
1328;125/2020;2020_125_19;tiedä;1
1328;125/2020;2020_125_19;tiedän;1
1328;125/2020;2020_125_19;tien;1
1328;125/2020;2020_125_19;tikitystä;1
1328;125/2020;2020_125_19;todella;1
1328;125/2020;2020_125_19;toimia;1
1328;125/2020;2020_125_19;toiminnalle;1
1328;125/2020;2020_125_19;toimittajat;1
1328;125/2020;2020_125_19;toisiaan;1
1328;125/2020;2020_125_19;toisivat;1
1328;125/2020;2020_125_19;toivoi;1
1328;125/2020;2020_125_19;tosiaan;1
1328;125/2020;2020_125_19;tukien;1
1328;125/2020;2020_125_19;tulevaisuuteen;1
1328;125/2020;2020_125_19;tulevaisuutta;1
1328;125/2020;2020_125_19;tuntuu;1
1328;125/2020;2020_125_19;tuo;1
1328;125/2020;2020_125_19;tuottavuuden;1
1328;125/2020;2020_125_19;tuovat;2
1328;125/2020;2020_125_19;turhaa;1
1328;125/2020;2020_125_19;turvaa;1
1328;125/2020;2020_125_19;työ;1
1328;125/2020;2020_125_19;työhön;1
1328;125/2020;2020_125_19;työkalu;1
1328;125/2020;2020_125_19;työllisyyteen;1
1328;125/2020;2020_125_19;työllisyyttä;1
1328;125/2020;2020_125_19;työmarkkinajärjestöjen;2
1328;125/2020;2020_125_19;työmarkkinajärjestöt;1
1328;125/2020;2020_125_19;työntekijöiden;3
1328;125/2020;2020_125_19;työntekijöille;1
1328;125/2020;2020_125_19;työntekijöillä;1
1328;125/2020;2020_125_19;työpaikkoja;1
1328;125/2020;2020_125_19;työpäivä;1
1328;125/2020;2020_125_19;työttömyyttä;1
1328;125/2020;2020_125_19;työviikko;1
1328;125/2020;2020_125_19;työviikosta;1
1328;125/2020;2020_125_19;tähtäimellä;1
1328;125/2020;2020_125_19;tällaista;1
1328;125/2020;2020_125_19;tälle;1
1328;125/2020;2020_125_19;tämän;1
1328;125/2020;2020_125_19;tänä;1
1328;125/2020;2020_125_19;tästä;1
1328;125/2020;2020_125_19;töitä;1
1328;125/2020;2020_125_19;unohtaneen;1
1328;125/2020;2020_125_19;uskallusta;1
1328;125/2020;2020_125_19;uudistusta;2
1328;125/2020;2020_125_19;uutta;1
1328;125/2020;2020_125_19;vaaleissa;1
1328;125/2020;2020_125_19;vaan;1
1328;125/2020;2020_125_19;vahvistuu;1
1328;125/2020;2020_125_19;vaikka;2
1328;125/2020;2020_125_19;vainajaa;1
1328;125/2020;2020_125_19;valitseman;1
1328;125/2020;2020_125_19;vanki;1
1328;125/2020;2020_125_19;vapaavuoreen;1
1328;125/2020;2020_125_19;vasemmalta;1
1328;125/2020;2020_125_19;vastakkainasettelua;1
1328;125/2020;2020_125_19;vastustavat;1
1328;125/2020;2020_125_19;vastuun;1
1328;125/2020;2020_125_19;vauhtiin;1
1328;125/2020;2020_125_19;velkaa;1
1328;125/2020;2020_125_19;velkaantuu;2
1328;125/2020;2020_125_19;velkaelvytys;1
1328;125/2020;2020_125_19;velkarahalla;1
1328;125/2020;2020_125_19;veronalennukset;2
1328;125/2020;2020_125_19;vielä;1
1328;125/2020;2020_125_19;vihaiseksi;1
1328;125/2020;2020_125_19;viides;2
1328;125/2020;2020_125_19;voida;1
1328;125/2020;2020_125_19;voima;1
1328;125/2020;2020_125_19;voimaa;1
1328;125/2020;2020_125_19;voivat;2
1328;125/2020;2020_125_19;vuoden;1
1328;125/2020;2020_125_19;vuonna;1
1328;125/2020;2020_125_19;vähän;1
1328;125/2020;2020_125_19;väkeä;1
1328;125/2020;2020_125_19;välihuuto;1
1328;125/2020;2020_125_19;väärässä;1
1328;125/2020;2020_125_19;väärää;1
1328;125/2020;2020_125_19;ydin;1
1328;125/2020;2020_125_19;yhteishenkeä;1
1328;125/2020;2020_125_19;yhteiskuntavastuusta;1
1328;125/2020;2020_125_19;ykkösasia;1
1328;125/2020;2020_125_19;yksin;2
1328;125/2020;2020_125_19;yksityiseen;1
1328;125/2020;2020_125_19;yli;2
1328;125/2020;2020_125_19;ylimielisiä;1
1328;125/2020;2020_125_19;yrityksen;1
1328;125/2020;2020_125_19;yritykset;3
1328;125/2020;2020_125_19;yrityksille;1
1328;125/2020;2020_125_19;yritysten;7
1328;125/2020;2020_125_19;yritystä;1
1328;125/2020;2020_125_19;yritysveroon;1
1328;125/2020;2020_125_19;ärade;1
1328;125/2020;2020_125_19;äänestetty;1
1328;125/2020;2020_125_19;äänestäneet;1
1328;125/2020;2020_125_19;ääntä;1
1328;125/2022;2022_125_19;aiotte;1
1328;125/2022;2022_125_19;arvoisa;1
1328;125/2022;2022_125_19;arvonlisäveroa;1
1328;125/2022;2022_125_19;arvonlisäverosta;1
1328;125/2022;2022_125_19;edeltäjänne;1
1328;125/2022;2022_125_19;ehdotukseni;1
1328;125/2022;2022_125_19;ei;1
1328;125/2022;2022_125_19;eikä;1
1328;125/2022;2022_125_19;eli;1
1328;125/2022;2022_125_19;enemmän;1
1328;125/2022;2022_125_19;että;1
1328;125/2022;2022_125_19;hallitus;1
1328;125/2022;2022_125_19;hinta;1
1328;125/2022;2022_125_19;hintaa;1
1328;125/2022;2022_125_19;historiansa;1
1328;125/2022;2022_125_19;hyvältä;1
1328;125/2022;2022_125_19;ja;6
1328;125/2022;2022_125_19;joku;1
1328;125/2022;2022_125_19;jotain;1
1328;125/2022;2022_125_19;kallistunut;1
1328;125/2022;2022_125_19;kiitos;1
1328;125/2022;2022_125_19;kilowattitunnilta;1
1328;125/2022;2022_125_19;koska;1
1328;125/2022;2022_125_19;kotimainen;1
1328;125/2022;2022_125_19;kotimaisessa;1
1328;125/2022;2022_125_19;kriisissä;1
1328;125/2022;2022_125_19;kuin;1
1328;125/2022;2022_125_19;kurvinen;2
1328;125/2022;2022_125_19;kuulitte;1
1328;125/2022;2022_125_19;laittaa;1
1328;125/2022;2022_125_19;lannoitteet;1
1328;125/2022;2022_125_19;lannoitteiden;1
1328;125/2022;2022_125_19;laskettava;1
1328;125/2022;2022_125_19;leppä;1
1328;125/2022;2022_125_19;lähes;1
1328;125/2022;2022_125_19;maailmassa;1
1328;125/2022;2022_125_19;maata-lous;1
1328;125/2022;2022_125_19;maataloustuottajien;1
1328;125/2022;2022_125_19;maksavat;1
1328;125/2022;2022_125_19;meidän;1
1328;125/2022;2022_125_19;ministeri;2
1328;125/2022;2022_125_19;mitä;2
1328;125/2022;2022_125_19;mutta;2
1328;125/2022;2022_125_19;nopeasti;1
1328;125/2022;2022_125_19;näytä;2
1328;125/2022;2022_125_19;oikeasti;1
1328;125/2022;2022_125_19;olette;1
1328;125/2022;2022_125_19;olla;1
1328;125/2022;2022_125_19;ollenkaan;1
1328;125/2022;2022_125_19;omavaraisuuteen;1
1328;125/2022;2022_125_19;on;6
1328;125/2022;2022_125_19;pahimmassa;1
1328;125/2022;2022_125_19;paljon;1
1328;125/2022;2022_125_19;pitäisi;1
1328;125/2022;2022_125_19;pitää;2
1328;125/2022;2022_125_19;polttoöljy;1
1328;125/2022;2022_125_19;prosenttia;1
1328;125/2022;2022_125_19;puhemies;1
1328;125/2022;2022_125_19;puhuneet;1
1328;125/2022;2022_125_19;puolesta;1
1328;125/2022;2022_125_19;pyrkiä;1
1328;125/2022;2022_125_19;rahallisesti;1
1328;125/2022;2022_125_19;raja;1
1328;125/2022;2022_125_19;ruoan;1
1328;125/2022;2022_125_19;ruoassa;1
1328;125/2022;2022_125_19;saa;1
1328;125/2022;2022_125_19;sanotte;1
1328;125/2022;2022_125_19;sataprosenttiseen;1
1328;125/2022;2022_125_19;se;2
1328;125/2022;2022_125_19;sellainen;1
1328;125/2022;2022_125_19;senttiä;1
1328;125/2022;2022_125_19;siihen;1
1328;125/2022;2022_125_19;suoraan;1
1328;125/2022;2022_125_19;sähköjen;1
1328;125/2022;2022_125_19;sähkölaskussa;1
1328;125/2022;2022_125_19;sähkön;1
1328;125/2022;2022_125_19;talman;1
1328;125/2022;2022_125_19;talvena;1
1328;125/2022;2022_125_19;te;1
1328;125/2022;2022_125_19;tehdä;1
1328;125/2022;2022_125_19;tehtävä;1
1328;125/2022;2022_125_19;tilanne;1
1328;125/2022;2022_125_19;tilannetta;1
1328;125/2022;2022_125_19;tilapäisesti;1
1328;125/2022;2022_125_19;tukea;1
1328;125/2022;2022_125_19;tukemisesta;1
1328;125/2022;2022_125_19;tulevana;1
1328;125/2022;2022_125_19;tuottajien;1
1328;125/2022;2022_125_19;tähän;1
1328;125/2022;2022_125_19;vain;1
1328;125/2022;2022_125_19;viljasta;1
1328;125/2022;2022_125_19;viljelijöitä;1
1328;125/2022;2022_125_19;voi;1
1328;125/2022;2022_125_19;vähän;1
1328;125/2022;2022_125_19;ymmärtävän;1
1328;125/2022;2022_125_19;ärade;1
1328;126/2020;2020_126_348;arvoisa;1
1328;126/2020;2020_126_348;ja;1
1328;126/2020;2020_126_348;johtaa;1
1328;126/2020;2020_126_348;koronakriisistä;1
1328;126/2020;2020_126_348;kuka;2
1328;126/2020;2020_126_348;kysymys;1
1328;126/2020;2020_126_348;lyhyt;1
1328;126/2020;2020_126_348;puhemies;1
1328;126/2020;2020_126_348;vastaa;1
1328;126/2021;2021_126_87;arvoisa;1
1328;126/2021;2021_126_87;ei;1
1328;126/2021;2021_126_87;ettei;1
1328;126/2021;2021_126_87;että;2
1328;126/2021;2021_126_87;hallituksen;1
1328;126/2021;2021_126_87;hallituksessa;1
1328;126/2021;2021_126_87;hallitusohjelmassa;1
1328;126/2021;2021_126_87;hyväksyy;1
1328;126/2021;2021_126_87;hän;1
1328;126/2021;2021_126_87;ja;1
1328;126/2021;2021_126_87;jos;2
1328;126/2021;2021_126_87;kertokaa;1
1328;126/2021;2021_126_87;kertoo;1
1328;126/2021;2021_126_87;kuitenkin;1
1328;126/2021;2021_126_87;kukaan;1
1328;126/2021;2021_126_87;kyllä;1
1328;126/2021;2021_126_87;lisäksi;1
1328;126/2021;2021_126_87;lisätään;1
1328;126/2021;2021_126_87;lisää;1
1328;126/2021;2021_126_87;lukee;1
1328;126/2021;2021_126_87;maakuntavero;2
1328;126/2021;2021_126_87;maakuntaveroa;2
1328;126/2021;2021_126_87;maakuntaverosta;1
1328;126/2021;2021_126_87;marin;1
1328;126/2021;2021_126_87;miksi;1
1328;126/2021;2021_126_87;mutta;1
1328;126/2021;2021_126_87;niin;1
1328;126/2021;2021_126_87;nyt;2
1328;126/2021;2021_126_87;oli;1
1328;126/2021;2021_126_87;on;2
1328;126/2021;2021_126_87;onko;1
1328;126/2021;2021_126_87;ota;1
1328;126/2021;2021_126_87;ottamassa;1
1328;126/2021;2021_126_87;puhdasta;1
1328;126/2021;2021_126_87;puhemies;1
1328;126/2021;2021_126_87;puhutaan;1
1328;126/2021;2021_126_87;päälle;1
1328;126/2021;2021_126_87;pääministeri;2
1328;126/2021;2021_126_87;sanoo;1
1328;126/2021;2021_126_87;se;1
1328;126/2021;2021_126_87;sekasotkun;1
1328;126/2021;2021_126_87;sekavaa;1
1328;126/2021;2021_126_87;selkeästi;1
1328;126/2021;2021_126_87;selvää;1
1328;126/2021;2021_126_87;sen;1
1328;126/2021;2021_126_87;siitä;1
1328;126/2021;2021_126_87;sinne;1
1328;126/2021;2021_126_87;sitä;1
1328;126/2021;2021_126_87;sosialismia;1
1328;126/2021;2021_126_87;sote;1
1328;126/2021;2021_126_87;talman;1
1328;126/2021;2021_126_87;toimintoja;1
1328;126/2021;2021_126_87;touhu;1
1328;126/2021;2021_126_87;tulee;1
1328;126/2021;2021_126_87;tulossa;1
1328;126/2021;2021_126_87;tämä;1
1328;126/2021;2021_126_87;tämän;2
1328;126/2021;2021_126_87;vai;1
1328;126/2021;2021_126_87;valmistellaan;1
1328;126/2021;2021_126_87;valtionvarainministeri;1
1328;126/2021;2021_126_87;valtiovarainministeri;2
1328;126/2021;2021_126_87;vastustaa;1
1328;126/2021;2021_126_87;vastustavansa;1
1328;126/2021;2021_126_87;velkaa;1
1328;126/2021;2021_126_87;vielä;1
1328;126/2021;2021_126_87;välillä;1
1328;126/2021;2021_126_87;ärade;1
1328;129/2025;2025_129_23;aidosti;1
1328;129/2025;2025_129_23;ajoitettu;1
1328;129/2025;2025_129_23;alennus;2
1328;129/2025;2025_129_23;alentaa;1
1328;129/2025;2025_129_23;alla;1
1328;129/2025;2025_129_23;alvia;1
1328;129/2025;2025_129_23;ammattilaiset;1
1328;129/2025;2025_129_23;ammattilaisten;1
1328;129/2025;2025_129_23;arvoisa;4
1328;129/2025;2025_129_23;asteittain;1
1328;129/2025;2025_129_23;bkt;1
1328;129/2025;2025_129_23;edellisen;1
1328;129/2025;2025_129_23;edes;1
1328;129/2025;2025_129_23;ehdotuksia;1
1328;129/2025;2025_129_23;ei;3
1328;129/2025;2025_129_23;eikä;4
1328;129/2025;2025_129_23;eivät;1
1328;129/2025;2025_129_23;eli;1
1328;129/2025;2025_129_23;eläkeläisiin;1
1328;129/2025;2025_129_23;eläkeläisiä;1
1328;129/2025;2025_129_23;eläkeläisten;1
1328;129/2025;2025_129_23;eläkeyhtiöiden;2
1328;129/2025;2025_129_23;emme;1
1328;129/2025;2025_129_23;enemmän;3
1328;129/2025;2025_129_23;enintään;1
1328;129/2025;2025_129_23;enää;2
1328;129/2025;2025_129_23;eri;1
1328;129/2025;2025_129_23;erikseen;1
1328;129/2025;2025_129_23;erityinen;1
1328;129/2025;2025_129_23;erityistalousalue;2
1328;129/2025;2025_129_23;erityistalousalueeseen;1
1328;129/2025;2025_129_23;etsiä;1
1328;129/2025;2025_129_23;että;3
1328;129/2025;2025_129_23;eun;1
1328;129/2025;2025_129_23;euroa;4
1328;129/2025;2025_129_23;eurolla;1
1328;129/2025;2025_129_23;euron;4
1328;129/2025;2025_129_23;euroon;1
1328;129/2025;2025_129_23;hallituksella;1
1328;129/2025;2025_129_23;hallitus;1
1328;129/2025;2025_129_23;hanskassa;1
1328;129/2025;2025_129_23;hoidettu;1
1328;129/2025;2025_129_23;hoitaa;1
1328;129/2025;2025_129_23;homma;1
1328;129/2025;2025_129_23;ilman;2
1328;129/2025;2025_129_23;investoi;1
1328;129/2025;2025_129_23;investoivat;1
1328;129/2025;2025_129_23;isänmaan;1
1328;129/2025;2025_129_23;ja;22
1328;129/2025;2025_129_23;jolloin;1
1328;129/2025;2025_129_23;jos;1
1328;129/2025;2025_129_23;jotka;2
1328;129/2025;2025_129_23;joulun;1
1328;129/2025;2025_129_23;julkinen;2
1328;129/2025;2025_129_23;julkista;1
1328;129/2025;2025_129_23;jäisi;2
1328;129/2025;2025_129_23;jälkeen;1
1328;129/2025;2025_129_23;jää;1
1328;129/2025;2025_129_23;kaavamainen;1
1328;129/2025;2025_129_23;kaikki;3
1328;129/2025;2025_129_23;kaikkien;1
1328;129/2025;2025_129_23;kansainväliset;1
1328;129/2025;2025_129_23;kansankapitalismi;2
1328;129/2025;2025_129_23;kasvaa;1
1328;129/2025;2025_129_23;kasvattaa;1
1328;129/2025;2025_129_23;kasvu;1
1328;129/2025;2025_129_23;kasvua;2
1328;129/2025;2025_129_23;kasvuhaluisia;1
1328;129/2025;2025_129_23;kasvuun;2
1328;129/2025;2025_129_23;kasvuyritykset;1
1328;129/2025;2025_129_23;kasvuyrityksiin;3
1328;129/2025;2025_129_23;kasvuyrityksiä;2
1328;129/2025;2025_129_23;kasvuyritysten;1
1328;129/2025;2025_129_23;kerron;1
1328;129/2025;2025_129_23;keskituloisiin;1
1328;129/2025;2025_129_23;keskituloisten;1
1328;129/2025;2025_129_23;kestämätön;1
1328;129/2025;2025_129_23;kiitos;2
1328;129/2025;2025_129_23;kohta;1
1328;129/2025;2025_129_23;kokonaan;1
1328;129/2025;2025_129_23;kolme;1
1328;129/2025;2025_129_23;kolmen;1
1328;129/2025;2025_129_23;kotimaiset;1
1328;129/2025;2025_129_23;kotimaisia;1
1328;129/2025;2025_129_23;kotimaisiin;3
1328;129/2025;2025_129_23;kotitalouksien;1
1328;129/2025;2025_129_23;kuin;1
1328;129/2025;2025_129_23;kuittaa;1
1328;129/2025;2025_129_23;kuluta;1
1328;129/2025;2025_129_23;kulutukseen;1
1328;129/2025;2025_129_23;kun;3
1328;129/2025;2025_129_23;kunniaan;2
1328;129/2025;2025_129_23;käteen;2
1328;129/2025;2025_129_23;lahjavero;2
1328;129/2025;2025_129_23;laittaa;1
1328;129/2025;2025_129_23;lasketaan;1
1328;129/2025;2025_129_23;liian;1
1328;129/2025;2025_129_23;liikevaihtoon;2
1328;129/2025;2025_129_23;listaamattomiin;1
1328;129/2025;2025_129_23;lisäraha;1
1328;129/2025;2025_129_23;lopuksi;1
1328;129/2025;2025_129_23;makaa;1
1328;129/2025;2025_129_23;malli;1
1328;129/2025;2025_129_23;mallia;1
1328;129/2025;2025_129_23;massiivinen;2
1328;129/2025;2025_129_23;meidän;1
1328;129/2025;2025_129_23;melkein;1
1328;129/2025;2025_129_23;menee;1
1328;129/2025;2025_129_23;mikä;1
1328;129/2025;2025_129_23;mikään;1
1328;129/2025;2025_129_23;miljardia;4
1328;129/2025;2025_129_23;miljardiin;2
1328;129/2025;2025_129_23;miljardilla;1
1328;129/2025;2025_129_23;miljardin;2
1328;129/2025;2025_129_23;mistä;1
1328;129/2025;2025_129_23;miten;1
1328;129/2025;2025_129_23;mitään;1
1328;129/2025;2025_129_23;moninkertaiseksi;1
1328;129/2025;2025_129_23;mukaan;3
1328;129/2025;2025_129_23;muu;1
1328;129/2025;2025_129_23;myös;2
1328;129/2025;2025_129_23;ne;2
1328;129/2025;2025_129_23;niin;4
1328;129/2025;2025_129_23;niitä;1
1328;129/2025;2025_129_23;nimettävät;1
1328;129/2025;2025_129_23;nostaa;1
1328;129/2025;2025_129_23;nousee;1
1328;129/2025;2025_129_23;nousisi;1
1328;129/2025;2025_129_23;nykyistä;1
1328;129/2025;2025_129_23;nyt;2
1328;129/2025;2025_129_23;näin;1
1328;129/2025;2025_129_23;näistä;1
1328;129/2025;2025_129_23;näitä;1
1328;129/2025;2025_129_23;nämä;1
1328;129/2025;2025_129_23;oikeasti;1
1328;129/2025;2025_129_23;ole;1
1328;129/2025;2025_129_23;olisi;2
1328;129/2025;2025_129_23;olla;2
1328;129/2025;2025_129_23;ollaan;1
1328;129/2025;2025_129_23;oltava;1
1328;129/2025;2025_129_23;omistajia;1
1328;129/2025;2025_129_23;on;8
1328;129/2025;2025_129_23;orpon;1
1328;129/2025;2025_129_23;osa;1
1328;129/2025;2025_129_23;osakeomistukset;1
1328;129/2025;2025_129_23;osinkoihin;1
1328;129/2025;2025_129_23;ottaa;1
1328;129/2025;2025_129_23;ovat;2
1328;129/2025;2025_129_23;paikka;1
1328;129/2025;2025_129_23;paisuu;1
1328;129/2025;2025_129_23;palkansaajia;1
1328;129/2025;2025_129_23;palkansaajien;1
1328;129/2025;2025_129_23;pankkitileillä;1
1328;129/2025;2025_129_23;perintö;2
1328;129/2025;2025_129_23;perustaa;2
1328;129/2025;2025_129_23;perustetun;1
1328;129/2025;2025_129_23;peruttava;1
1328;129/2025;2025_129_23;pieni;2
1328;129/2025;2025_129_23;piensijoittajille;1
1328;129/2025;2025_129_23;pienten;1
1328;129/2025;2025_129_23;pitkän;1
1328;129/2025;2025_129_23;pitäisi;4
1328;129/2025;2025_129_23;pitänyt;1
1328;129/2025;2025_129_23;pitää;8
1328;129/2025;2025_129_23;pois;1
1328;129/2025;2025_129_23;poistaa;1
1328;129/2025;2025_129_23;prosenttia;1
1328;129/2025;2025_129_23;prosenttiin;1
1328;129/2025;2025_129_23;puhemies;4
1328;129/2025;2025_129_23;puhuu;1
1328;129/2025;2025_129_23;puolen;1
1328;129/2025;2025_129_23;puolesta;1
1328;129/2025;2025_129_23;puolet;1
1328;129/2025;2025_129_23;purran;1
1328;129/2025;2025_129_23;puuttuu;2
1328;129/2025;2025_129_23;pysyvät;1
1328;129/2025;2025_129_23;pääomia;1
1328;129/2025;2025_129_23;pääsevät;1
1328;129/2025;2025_129_23;pörssiyritysten;1
1328;129/2025;2025_129_23;raati;1
1328;129/2025;2025_129_23;rahaa;1
1328;129/2025;2025_129_23;rahastosijoitukset;1
1328;129/2025;2025_129_23;rakentaa;3
1328;129/2025;2025_129_23;ratkaisuja;2
1328;129/2025;2025_129_23;rehellisiä;1
1328;129/2025;2025_129_23;riittäisi;1
1328;129/2025;2025_129_23;rohkeita;1
1328;129/2025;2025_129_23;saada;3
1328;129/2025;2025_129_23;saavat;2
1328;129/2025;2025_129_23;samana;1
1328;129/2025;2025_129_23;se;2
1328;129/2025;2025_129_23;sekä;1
1328;129/2025;2025_129_23;sen;3
1328;129/2025;2025_129_23;seuraava;1
1328;129/2025;2025_129_23;siihen;1
1328;129/2025;2025_129_23;sijaan;1
1328;129/2025;2025_129_23;sijoittaa;1
1328;129/2025;2025_129_23;sijoittajat;1
1328;129/2025;2025_129_23;sijoittamisen;1
1328;129/2025;2025_129_23;sijoittavat;2
1328;129/2025;2025_129_23;silloin;1
1328;129/2025;2025_129_23;sitten;1
1328;129/2025;2025_129_23;skaalautuu;1
1328;129/2025;2025_129_23;sopeutuksesta;1
1328;129/2025;2025_129_23;suomalaisten;2
1328;129/2025;2025_129_23;suomeen;2
1328;129/2025;2025_129_23;suomelta;1
1328;129/2025;2025_129_23;suomen;3
1328;129/2025;2025_129_23;suomesta;1
1328;129/2025;2025_129_23;suunnitelma;1
1328;129/2025;2025_129_23;suurten;1
1328;129/2025;2025_129_23;suurtuloiset;1
1328;129/2025;2025_129_23;suurtuloisten;2
1328;129/2025;2025_129_23;syyllisiä;1
1328;129/2025;2025_129_23;säästöt;2
1328;129/2025;2025_129_23;takia;1
1328;129/2025;2025_129_23;talman;4
1328;129/2025;2025_129_23;talous;1
1328;129/2025;2025_129_23;taloutta;1
1328;129/2025;2025_129_23;tarkemmin;1
1328;129/2025;2025_129_23;tarkkailuluokalla;1
1328;129/2025;2025_129_23;tarvitaan;1
1328;129/2025;2025_129_23;tarvitse;2
1328;129/2025;2025_129_23;tasapainossa;1
1328;129/2025;2025_129_23;tavoitteena;1
1328;129/2025;2025_129_23;tehdä;1
1328;129/2025;2025_129_23;teknologiapuistoista;1
1328;129/2025;2025_129_23;tekoja;1
1328;129/2025;2025_129_23;tekoälyohjelma;2
1328;129/2025;2025_129_23;todellakaan;1
1328;129/2025;2025_129_23;toimia;1
1328;129/2025;2025_129_23;toimialojen;1
1328;129/2025;2025_129_23;toteutuu;1
1328;129/2025;2025_129_23;tukemaan;1
1328;129/2025;2025_129_23;tuki;1
1328;129/2025;2025_129_23;tulee;1
1328;129/2025;2025_129_23;tulevat;1
1328;129/2025;2025_129_23;tuli;1
1328;129/2025;2025_129_23;tuo;1
1328;129/2025;2025_129_23;tuota;1
1328;129/2025;2025_129_23;tuottavuus;2
1328;129/2025;2025_129_23;tuottavuutta;1
1328;129/2025;2025_129_23;turha;1
1328;129/2025;2025_129_23;turkin;1
1328;129/2025;2025_129_23;tyytyväisiä;2
1328;129/2025;2025_129_23;työtunnit;1
1328;129/2025;2025_129_23;tähtäimen;1
1328;129/2025;2025_129_23;tähän;1
1328;129/2025;2025_129_23;tälläkään;1
1328;129/2025;2025_129_23;tämä;1
1328;129/2025;2025_129_23;tämän;2
1328;129/2025;2025_129_23;tässä;2
1328;129/2025;2025_129_23;uuden;1
1328;129/2025;2025_129_23;vaan;1
1328;129/2025;2025_129_23;vaikka;1
1328;129/2025;2025_129_23;vain;3
1328;129/2025;2025_129_23;valitsee;1
1328;129/2025;2025_129_23;valtakunnallinen;1
1328;129/2025;2025_129_23;valuu;1
1328;129/2025;2025_129_23;varat;1
1328;129/2025;2025_129_23;varmistui;1
1328;129/2025;2025_129_23;varoista;1
1328;129/2025;2025_129_23;varoja;2
1328;129/2025;2025_129_23;varten;1
1328;129/2025;2025_129_23;vastaan;1
1328;129/2025;2025_129_23;vastata;1
1328;129/2025;2025_129_23;vaurastumiseen;1
1328;129/2025;2025_129_23;velat;1
1328;129/2025;2025_129_23;velka;1
1328;129/2025;2025_129_23;veroale;2
1328;129/2025;2025_129_23;veroasteella;1
1328;129/2025;2025_129_23;verohelpotuksia;1
1328;129/2025;2025_129_23;verojen;1
1328;129/2025;2025_129_23;verokannustin;1
1328;129/2025;2025_129_23;verottaa;1
1328;129/2025;2025_129_23;vielä;2
1328;129/2025;2025_129_23;viikolla;2
1328;129/2025;2025_129_23;viime;2
1328;129/2025;2025_129_23;viimeiset;1
1328;129/2025;2025_129_23;viisi;1
1328;129/2025;2025_129_23;vika;1
1328;129/2025;2025_129_23;voi;2
1328;129/2025;2025_129_23;voimmeko;1
1328;129/2025;2025_129_23;vuoden;1
1328;129/2025;2025_129_23;vuodessa;1
1328;129/2025;2025_129_23;vuosikymmenen;1
1328;129/2025;2025_129_23;vuotta;2
1328;129/2025;2025_129_23;vähintään;1
1328;129/2025;2025_129_23;väärin;1
1328;129/2025;2025_129_23;yhteensä;1
1328;129/2025;2025_129_23;yhteiskunnalle;1
1328;129/2025;2025_129_23;yhteisövero;1
1328;129/2025;2025_129_23;yhteisöveroa;1
1328;129/2025;2025_129_23;yhteisöveron;2
1328;129/2025;2025_129_23;yhtälö;1
1328;129/2025;2025_129_23;yli;1
1328;129/2025;2025_129_23;yllätys;1
1328;129/2025;2025_129_23;yrityksen;1
1328;129/2025;2025_129_23;yritykset;1
1328;129/2025;2025_129_23;yritys;1
1328;129/2025;2025_129_23;yritysten;1
1328;129/2025;2025_129_23;ärade;4
1328;13/2022;2022_13_18;aika;1
1328;13/2022;2022_13_18;alkaa;1
1328;13/2022;2022_13_18;alueelle;1
1328;13/2022;2022_13_18;arvoisa;1
1328;13/2022;2022_13_18;asemassa;1
1328;13/2022;2022_13_18;asioista;1
1328;13/2022;2022_13_18;avulla;1
1328;13/2022;2022_13_18;eduskunnasta;1
1328;13/2022;2022_13_18;ei;5
1328;13/2022;2022_13_18;elää;1
1328;13/2022;2022_13_18;että;5
1328;13/2022;2022_13_18;hallituksen;1
1328;13/2022;2022_13_18;heinonen;1
1328;13/2022;2022_13_18;helposti;1
1328;13/2022;2022_13_18;hyvä;1
1328;13/2022;2022_13_18;ihmistä;1
1328;13/2022;2022_13_18;itse;1
1328;13/2022;2022_13_18;itsenäistä;1
1328;13/2022;2022_13_18;itsenäisyydestä;1
1328;13/2022;2022_13_18;itä-ukrainassa;1
1328;13/2022;2022_13_18;ja;9
1328;13/2022;2022_13_18;jatkossakin;1
1328;13/2022;2022_13_18;joidenkin;1
1328;13/2022;2022_13_18;jos;3
1328;13/2022;2022_13_18;kaarella;1
1328;13/2022;2022_13_18;kahdeksan;1
1328;13/2022;2022_13_18;kaikki;1
1328;13/2022;2022_13_18;kansantasavaltojen;1
1328;13/2022;2022_13_18;kierrellä;1
1328;13/2022;2022_13_18;koko;1
1328;13/2022;2022_13_18;kriisitilanteessa;1
1328;13/2022;2022_13_18;krimin;1
1328;13/2022;2022_13_18;kukaan;1
1328;13/2022;2022_13_18;kun;2
1328;13/2022;2022_13_18;kuollut;1
1328;13/2022;2022_13_18;kyse;2
1328;13/2022;2022_13_18;liian;2
1328;13/2022;2022_13_18;linja;1
1328;13/2022;2022_13_18;linjaa;1
1328;13/2022;2022_13_18;lähetettävällä;1
1328;13/2022;2022_13_18;löytää;1
1328;13/2022;2022_13_18;maassa;1
1328;13/2022;2022_13_18;mahdollista;1
1328;13/2022;2022_13_18;me;1
1328;13/2022;2022_13_18;meidän;2
1328;13/2022;2022_13_18;miehitti;1
1328;13/2022;2022_13_18;miehittää;1
1328;13/2022;2022_13_18;miettiä;1
1328;13/2022;2022_13_18;mistä;2
1328;13/2022;2022_13_18;mitä;3
1328;13/2022;2022_13_18;ne;1
1328;13/2022;2022_13_18;niemimaalla;1
1328;13/2022;2022_13_18;niin;5
1328;13/2022;2022_13_18;niistä;1
1328;13/2022;2022_13_18;nimillään;1
1328;13/2022;2022_13_18;nyt;2
1328;13/2022;2022_13_18;oikeilla;1
1328;13/2022;2022_13_18;oikein;1
1328;13/2022;2022_13_18;ole;3
1328;13/2022;2022_13_18;olisimme;1
1328;13/2022;2022_13_18;on;6
1328;13/2022;2022_13_18;ostaa;1
1328;13/2022;2022_13_18;pitää;6
1328;13/2022;2022_13_18;presidentin;1
1328;13/2022;2022_13_18;puhemies;1
1328;13/2022;2022_13_18;puhu;1
1328;13/2022;2022_13_18;puhua;3
1328;13/2022;2022_13_18;puhutaan;1
1328;13/2022;2022_13_18;puolustusmateriaalia;1
1328;13/2022;2022_13_18;puolustusmateriaalin;1
1328;13/2022;2022_13_18;pääministerin;1
1328;13/2022;2022_13_18;rahallisella;1
1328;13/2022;2022_13_18;rauhallisesti;1
1328;13/2022;2022_13_18;saada;1
1328;13/2022;2022_13_18;saamme;1
1328;13/2022;2022_13_18;se;1
1328;13/2022;2022_13_18;seuraavaksi;1
1328;13/2022;2022_13_18;siitä;2
1328;13/2022;2022_13_18;sinne;1
1328;13/2022;2022_13_18;sitten;5
1328;13/2022;2022_13_18;sodasta;2
1328;13/2022;2022_13_18;suomen;2
1328;13/2022;2022_13_18;taisteluissa;1
1328;13/2022;2022_13_18;talman;1
1328;13/2022;2022_13_18;tapahtui;1
1328;13/2022;2022_13_18;tapahtumista;1
1328;13/2022;2022_13_18;tarvittavaa;1
1328;13/2022;2022_13_18;tekee;1
1328;13/2022;2022_13_18;tiedä;1
1328;13/2022;2022_13_18;tilanne;1
1328;13/2022;2022_13_18;tilannetta;1
1328;13/2022;2022_13_18;timo;1
1328;13/2022;2022_13_18;toimia;1
1328;13/2022;2022_13_18;toisen;1
1328;13/2022;2022_13_18;toivoisimme;1
1328;13/2022;2022_13_18;tuemme;1
1328;13/2022;2022_13_18;tuli;1
1328;13/2022;2022_13_18;tunkeutuu;1
1328;13/2022;2022_13_18;tuomita;1
1328;13/2022;2022_13_18;turha;1
1328;13/2022;2022_13_18;turvallisesti;1
1328;13/2022;2022_13_18;tässä;4
1328;13/2022;2022_13_18;ukrainaan;2
1328;13/2022;2022_13_18;ukrainalaisten;1
1328;13/2022;2022_13_18;ukrainan;1
1328;13/2022;2022_13_18;ukrainassa;1
1328;13/2022;2022_13_18;unohdettu;1
1328;13/2022;2022_13_18;vaan;1
1328;13/2022;2022_13_18;vakava;1
1328;13/2022;2022_13_18;valtio;1
1328;13/2022;2022_13_18;valtion;1
1328;13/2022;2022_13_18;valtiota;1
1328;13/2022;2022_13_18;venäjä;2
1328;13/2022;2022_13_18;viedä;1
1328;13/2022;2022_13_18;vielä;1
1328;13/2022;2022_13_18;vienti;1
1328;13/2022;2022_13_18;vieras;1
1328;13/2022;2022_13_18;viisaasti;1
1328;13/2022;2022_13_18;vuotta;1
1328;13/2022;2022_13_18;vähintä;1
1328;13/2022;2022_13_18;vähän;1
1328;13/2022;2022_13_18;yhteinen;1
1328;13/2022;2022_13_18;yhtenäisesti;1
1328;13/2022;2022_13_18;yhtään;1
1328;13/2022;2022_13_18;ymmärtävät;1
1328;13/2022;2022_13_18;ärade;1
1328;13/2022;2022_13_39;aiheeseen;1
1328;13/2022;2022_13_39;aikataululla;1
1328;13/2022;2022_13_39;ajaa;2
1328;13/2022;2022_13_39;alas;1
1328;13/2022;2022_13_39;alentaa;1
1328;13/2022;2022_13_39;alkaa;1
1328;13/2022;2022_13_39;alkavat;1
1328;13/2022;2022_13_39;ammattidieselin;1
1328;13/2022;2022_13_39;arvoisa;3
1328;13/2022;2022_13_39;asema;1
1328;13/2022;2022_13_39;asumisen;1
1328;13/2022;2022_13_39;asuntolainojen;1
1328;13/2022;2022_13_39;autoilija;1
1328;13/2022;2022_13_39;autoillaan;1
1328;13/2022;2022_13_39;bensan;1
1328;13/2022;2022_13_39;biodieseliä;1
1328;13/2022;2022_13_39;dieselin;1
1328;13/2022;2022_13_39;edelläkävijä;1
1328;13/2022;2022_13_39;eduskunnan;1
1328;13/2022;2022_13_39;ei;10
1328;13/2022;2022_13_39;eivät;1
1328;13/2022;2022_13_39;eli;3
1328;13/2022;2022_13_39;elintasoa;1
1328;13/2022;2022_13_39;eläkeläisten;1
1328;13/2022;2022_13_39;emme;1
1328;13/2022;2022_13_39;enemmän;3
1328;13/2022;2022_13_39;energian;3
1328;13/2022;2022_13_39;ennustaa;1
1328;13/2022;2022_13_39;enää;1
1328;13/2022;2022_13_39;erilaiset;1
1328;13/2022;2022_13_39;erittäin;1
1328;13/2022;2022_13_39;esitetään;1
1328;13/2022;2022_13_39;eskaloituu;1
1328;13/2022;2022_13_39;etteivät;1
1328;13/2022;2022_13_39;että;4
1328;13/2022;2022_13_39;euroopan;1
1328;13/2022;2022_13_39;eussa;1
1328;13/2022;2022_13_39;fennovoiman;1
1328;13/2022;2022_13_39;haavaa;1
1328;13/2022;2022_13_39;hallitus;4
1328;13/2022;2022_13_39;haluamme;1
1328;13/2022;2022_13_39;harrastuksiin;1
1328;13/2022;2022_13_39;heikennämme;1
1328;13/2022;2022_13_39;heikkona;1
1328;13/2022;2022_13_39;heitä;3
1328;13/2022;2022_13_39;helpolla;1
1328;13/2022;2022_13_39;helpompi;1
1328;13/2022;2022_13_39;hiilineutraali;1
1328;13/2022;2022_13_39;hinnat;3
1328;13/2022;2022_13_39;hinta;1
1328;13/2022;2022_13_39;hintoihin;3
1328;13/2022;2022_13_39;hintojen;2
1328;13/2022;2022_13_39;huolimatta;1
1328;13/2022;2022_13_39;huolissamme;1
1328;13/2022;2022_13_39;huolta;1
1328;13/2022;2022_13_39;huonona;1
1328;13/2022;2022_13_39;hyvin;1
1328;13/2022;2022_13_39;ihmiset;2
1328;13/2022;2022_13_39;ihmisillä;1
1328;13/2022;2022_13_39;ilmastonmuutoksen;1
1328;13/2022;2022_13_39;ilmastotavoite;1
1328;13/2022;2022_13_39;itse;1
1328;13/2022;2022_13_39;ja;34
1328;13/2022;2022_13_39;jaksamaan;1
1328;13/2022;2022_13_39;jatkossa;1
1328;13/2022;2022_13_39;jo;1
1328;13/2022;2022_13_39;jos;1
1328;13/2022;2022_13_39;järkevämmällä;1
1328;13/2022;2022_13_39;järkeä;1
1328;13/2022;2022_13_39;kaikki;1
1328;13/2022;2022_13_39;kaikkien;1
1328;13/2022;2022_13_39;kakkosen;1
1328;13/2022;2022_13_39;kallista;1
1328;13/2022;2022_13_39;kannalta;1
1328;13/2022;2022_13_39;kannustaa;1
1328;13/2022;2022_13_39;kehittää;1
1328;13/2022;2022_13_39;keskeytti;1
1328;13/2022;2022_13_39;kiinteistöveron;1
1328;13/2022;2022_13_39;kilpailua;1
1328;13/2022;2022_13_39;kilpailukyky;1
1328;13/2022;2022_13_39;kokonaisuuden;1
1328;13/2022;2022_13_39;korkeina;1
1328;13/2022;2022_13_39;korot;1
1328;13/2022;2022_13_39;koska;4
1328;13/2022;2022_13_39;koviin;1
1328;13/2022;2022_13_39;kovin;1
1328;13/2022;2022_13_39;kriisi;1
1328;13/2022;2022_13_39;kuin;1
1328;13/2022;2022_13_39;kukaan;1
1328;13/2022;2022_13_39;kuljetusliikkeet;1
1328;13/2022;2022_13_39;kulkevien;1
1328;13/2022;2022_13_39;kuluttajahinnat;1
1328;13/2022;2022_13_39;kuluttajahintojen;1
1328;13/2022;2022_13_39;kun;3
1328;13/2022;2022_13_39;kyllä;3
1328;13/2022;2022_13_39;kärsi;1
1328;13/2022;2022_13_39;käyttöön;1
1328;13/2022;2022_13_39;käyttöönottoa;1
1328;13/2022;2022_13_39;köyhtyvät;1
1328;13/2022;2022_13_39;laatia;1
1328;13/2022;2022_13_39;lakkautetaan;1
1328;13/2022;2022_13_39;lapsiperheiden;1
1328;13/2022;2022_13_39;liikaa;2
1328;13/2022;2022_13_39;liike;1
1328;13/2022;2022_13_39;liikkumisen;1
1328;13/2022;2022_13_39;lopulta;1
1328;13/2022;2022_13_39;luottamusta;1
1328;13/2022;2022_13_39;lyhytnäköinen;1
1328;13/2022;2022_13_39;lähtivät;1
1328;13/2022;2022_13_39;lämmittää;1
1328;13/2022;2022_13_39;länsimainen;1
1328;13/2022;2022_13_39;läpi;1
1328;13/2022;2022_13_39;löytää;1
1328;13/2022;2022_13_39;maailman;2
1328;13/2022;2022_13_39;maailmanmarkkinahinnoille;1
1328;13/2022;2022_13_39;maapalloa;1
1328;13/2022;2022_13_39;maata;1
1328;13/2022;2022_13_39;maataloudessa;1
1328;13/2022;2022_13_39;maatilat;1
1328;13/2022;2022_13_39;maatiloja;1
1328;13/2022;2022_13_39;maksaa;1
1328;13/2022;2022_13_39;maksavat;1
1328;13/2022;2022_13_39;meidän;3
1328;13/2022;2022_13_39;meillä;1
1328;13/2022;2022_13_39;meneekö;1
1328;13/2022;2022_13_39;mielestäni;2
1328;13/2022;2022_13_39;mihin;1
1328;13/2022;2022_13_39;miksi;1
1328;13/2022;2022_13_39;miksikään;1
1328;13/2022;2022_13_39;minkälainen;1
1328;13/2022;2022_13_39;mitenkään;1
1328;13/2022;2022_13_39;mitään;2
1328;13/2022;2022_13_39;mukana;1
1328;13/2022;2022_13_39;murentuu;1
1328;13/2022;2022_13_39;mutta;4
1328;13/2022;2022_13_39;muun;1
1328;13/2022;2022_13_39;muuta;1
1328;13/2022;2022_13_39;muutoksia;1
1328;13/2022;2022_13_39;myöhemmin;1
1328;13/2022;2022_13_39;myös;2
1328;13/2022;2022_13_39;märkivää;1
1328;13/2022;2022_13_39;määräaikaisesti;1
1328;13/2022;2022_13_39;nauti;1
1328;13/2022;2022_13_39;niin;1
1328;13/2022;2022_13_39;niitä;2
1328;13/2022;2022_13_39;nopeuttavia;1
1328;13/2022;2022_13_39;nord;1
1328;13/2022;2022_13_39;nousemaan;2
1328;13/2022;2022_13_39;nousevat;2
1328;13/2022;2022_13_39;nousuja;1
1328;13/2022;2022_13_39;nousuun;3
1328;13/2022;2022_13_39;nykyisin;1
1328;13/2022;2022_13_39;nyt;4
1328;13/2022;2022_13_39;nähtyä;1
1328;13/2022;2022_13_39;näin;2
1328;13/2022;2022_13_39;näyttää;1
1328;13/2022;2022_13_39;oikea;1
1328;13/2022;2022_13_39;oikeasuuntaisista;1
1328;13/2022;2022_13_39;ole;3
1328;13/2022;2022_13_39;olemme;1
1328;13/2022;2022_13_39;olevansa;1
1328;13/2022;2022_13_39;olisi;1
1328;13/2022;2022_13_39;olla;2
1328;13/2022;2022_13_39;ollaan;1
1328;13/2022;2022_13_39;ollen;1
1328;13/2022;2022_13_39;omaksi;1
1328;13/2022;2022_13_39;omistaja;1
1328;13/2022;2022_13_39;on;12
1328;13/2022;2022_13_39;operaattori;1
1328;13/2022;2022_13_39;osaa;1
1328;13/2022;2022_13_39;ottanut;1
1328;13/2022;2022_13_39;ovat;1
1328;13/2022;2022_13_39;paistinrasvat;1
1328;13/2022;2022_13_39;pakko;1
1328;13/2022;2022_13_39;pakotteet;1
1328;13/2022;2022_13_39;palataan;1
1328;13/2022;2022_13_39;paljon;1
1328;13/2022;2022_13_39;palkansaajan;1
1328;13/2022;2022_13_39;palkat;1
1328;13/2022;2022_13_39;paranneta;1
1328;13/2022;2022_13_39;pidä;1
1328;13/2022;2022_13_39;pikalaastarin;1
1328;13/2022;2022_13_39;pitäisi;4
1328;13/2022;2022_13_39;pitävät;1
1328;13/2022;2022_13_39;pitää;5
1328;13/2022;2022_13_39;poisto;1
1328;13/2022;2022_13_39;polttoaineen;2
1328;13/2022;2022_13_39;polttoaineiden;3
1328;13/2022;2022_13_39;puhemies;3
1328;13/2022;2022_13_39;puolustaa;1
1328;13/2022;2022_13_39;puuttunut;1
1328;13/2022;2022_13_39;pyhäjoelle;1
1328;13/2022;2022_13_39;pystynyt;1
1328;13/2022;2022_13_39;pystyssä;1
1328;13/2022;2022_13_39;pysyvät;1
1328;13/2022;2022_13_39;päivittäin;1
1328;13/2022;2022_13_39;päivän;1
1328;13/2022;2022_13_39;päällä;1
1328;13/2022;2022_13_39;päämarkkinamme;1
1328;13/2022;2022_13_39;päättäjien;1
1328;13/2022;2022_13_39;rahdataan;1
1328;13/2022;2022_13_39;ratkaisu;1
1328;13/2022;2022_13_39;reagoimaan;1
1328;13/2022;2022_13_39;reagoinut;1
1328;13/2022;2022_13_39;riittävillä;1
1328;13/2022;2022_13_39;riittävän;1
1328;13/2022;2022_13_39;rokottamaan;1
1328;13/2022;2022_13_39;ruuan;1
1328;13/2022;2022_13_39;saksa;1
1328;13/2022;2022_13_39;samoin;2
1328;13/2022;2022_13_39;se;1
1328;13/2022;2022_13_39;sekin;1
1328;13/2022;2022_13_39;sekoitevelvoitteille;1
1328;13/2022;2022_13_39;selkeä;1
1328;13/2022;2022_13_39;selkäranka;1
1328;13/2022;2022_13_39;selkärankamme;1
1328;13/2022;2022_13_39;selvitellään;1
1328;13/2022;2022_13_39;selvittämässä;1
1328;13/2022;2022_13_39;selvittää;1
1328;13/2022;2022_13_39;selvitykset;1
1328;13/2022;2022_13_39;selvitystilassa;1
1328;13/2022;2022_13_39;selvästi;1
1328;13/2022;2022_13_39;seuraavat;1
1328;13/2022;2022_13_39;siitä;3
1328;13/2022;2022_13_39;sitoutua;1
1328;13/2022;2022_13_39;sitten;1
1328;13/2022;2022_13_39;sitä;1
1328;13/2022;2022_13_39;sodaksi;1
1328;13/2022;2022_13_39;stream;1
1328;13/2022;2022_13_39;suhtautua;1
1328;13/2022;2022_13_39;suomalainen;1
1328;13/2022;2022_13_39;suomalaisen;1
1328;13/2022;2022_13_39;suomalaiset;2
1328;13/2022;2022_13_39;suomen;1
1328;13/2022;2022_13_39;suoria;1
1328;13/2022;2022_13_39;suunnitelmia;1
1328;13/2022;2022_13_39;suunta;1
1328;13/2022;2022_13_39;suuntaan;1
1328;13/2022;2022_13_39;syystä;1
1328;13/2022;2022_13_39;sähkön;2
1328;13/2022;2022_13_39;säilyy;1
1328;13/2022;2022_13_39;talman;3
1328;13/2022;2022_13_39;talojaan;1
1328;13/2022;2022_13_39;taloudellinen;2
1328;13/2022;2022_13_39;tappioksemme;1
1328;13/2022;2022_13_39;tarvitsemme;1
1328;13/2022;2022_13_39;tasata;1
1328;13/2022;2022_13_39;tavoite;1
1328;13/2022;2022_13_39;tavoitteella;1
1328;13/2022;2022_13_39;tavoitteisiin;1
1328;13/2022;2022_13_39;tehdä;1
1328;13/2022;2022_13_39;tehdään;1
1328;13/2022;2022_13_39;tehtiin;1
1328;13/2022;2022_13_39;tilanne;2
1328;13/2022;2022_13_39;tilanteeseen;1
1328;13/2022;2022_13_39;tilapäinen;1
1328;13/2022;2022_13_39;toimenpide-ehdotuksistaan;1
1328;13/2022;2022_13_39;toimet;1
1328;13/2022;2022_13_39;toimia;1
1328;13/2022;2022_13_39;toimilla;1
1328;13/2022;2022_13_39;torjuntaan;1
1328;13/2022;2022_13_39;tukeminen;1
1328;13/2022;2022_13_39;tukia;1
1328;13/2022;2022_13_39;tulee;2
1328;13/2022;2022_13_39;tulevaisuudessa;1
1328;13/2022;2022_13_39;tulevat;2
1328;13/2022;2022_13_39;tulossa;1
1328;13/2022;2022_13_39;työmatkojen;1
1328;13/2022;2022_13_39;työntekijät;1
1328;13/2022;2022_13_39;työssäkäyvät;1
1328;13/2022;2022_13_39;tähän;2
1328;13/2022;2022_13_39;tämä;2
1328;13/2022;2022_13_39;tämän;1
1328;13/2022;2022_13_39;tässä;2
1328;13/2022;2022_13_39;tästä;1
1328;13/2022;2022_13_39;täydeksi;1
1328;13/2022;2022_13_39;uusi;1
1328;13/2022;2022_13_39;uusia;1
1328;13/2022;2022_13_39;vaiheessa;1
1328;13/2022;2022_13_39;vaikuttaa;1
1328;13/2022;2022_13_39;vaikuttamaan;1
1328;13/2022;2022_13_39;vaikuttavia;1
1328;13/2022;2022_13_39;vakavasti;1
1328;13/2022;2022_13_39;varaa;1
1328;13/2022;2022_13_39;varautua;1
1328;13/2022;2022_13_39;varsinaisen;1
1328;13/2022;2022_13_39;varten;1
1328;13/2022;2022_13_39;vastuullista;2
1328;13/2022;2022_13_39;venäjän;2
1328;13/2022;2022_13_39;veroja;1
1328;13/2022;2022_13_39;veronmaksajat;1
1328;13/2022;2022_13_39;verotuksella;1
1328;13/2022;2022_13_39;verotukselle;1
1328;13/2022;2022_13_39;verotusta;1
1328;13/2022;2022_13_39;vielä;1
1328;13/2022;2022_13_39;viikolla;1
1328;13/2022;2022_13_39;viime;1
1328;13/2022;2022_13_39;voi;2
1328;13/2022;2022_13_39;voimme;1
1328;13/2022;2022_13_39;vähintään;1
1328;13/2022;2022_13_39;välikysymyksessä;1
1328;13/2022;2022_13_39;välikysymys;1
1328;13/2022;2022_13_39;ydinvoimaa;1
1328;13/2022;2022_13_39;ydinvoimahanke;1
1328;13/2022;2022_13_39;yhtä;1
1328;13/2022;2022_13_39;yhä;1
1328;13/2022;2022_13_39;ymmärtää;1
1328;13/2022;2022_13_39;ympäri;1
1328;13/2022;2022_13_39;ympäristöteko;1
1328;13/2022;2022_13_39;yrittäjä;1
1328;13/2022;2022_13_39;yrittäjän;1
1328;13/2022;2022_13_39;yrittäjät;2
1328;13/2022;2022_13_39;yritykset;1
1328;13/2022;2022_13_39;yritysjohtajien;1
1328;13/2022;2022_13_39;ärade;3
1328;130/2020;2020_130_10;antanut;1
1328;130/2020;2020_130_10;arvoisa;1
1328;130/2020;2020_130_10;ei;2
1328;130/2020;2020_130_10;en;1
1328;130/2020;2020_130_10;erittäin;1
1328;130/2020;2020_130_10;että;2
1328;130/2020;2020_130_10;haastava;1
1328;130/2020;2020_130_10;henriksson;1
1328;130/2020;2020_130_10;hetkellä;1
1328;130/2020;2020_130_10;huolen;1
1328;130/2020;2020_130_10;ja;1
1328;130/2020;2020_130_10;johtamaan;1
1328;130/2020;2020_130_10;kirjallisesti;1
1328;130/2020;2020_130_10;kuin;1
1328;130/2020;2020_130_10;kukaan;1
1328;130/2020;2020_130_10;kun;1
1328;130/2020;2020_130_10;kysyn;2
1328;130/2020;2020_130_10;maskisotku;1
1328;130/2020;2020_130_10;meinaatte;1
1328;130/2020;2020_130_10;ministeri;1
1328;130/2020;2020_130_10;miten;1
1328;130/2020;2020_130_10;mitä;1
1328;130/2020;2020_130_10;moitteita;1
1328;130/2020;2020_130_10;myös;1
1328;130/2020;2020_130_10;niin;2
1328;130/2020;2020_130_10;nyt;2
1328;130/2020;2020_130_10;nähty;1
1328;130/2020;2020_130_10;oikein;1
1328;130/2020;2020_130_10;ollut;1
1328;130/2020;2020_130_10;on;5
1328;130/2020;2020_130_10;perustuslakivaliokunta;1
1328;130/2020;2020_130_10;pitää;1
1328;130/2020;2020_130_10;poliittisesti;1
1328;130/2020;2020_130_10;puhemies;1
1328;130/2020;2020_130_10;päivinä;1
1328;130/2020;2020_130_10;päätöksentekoprosessi;1
1328;130/2020;2020_130_10;ravintolatoiminnasta;1
1328;130/2020;2020_130_10;sekava;1
1328;130/2020;2020_130_10;siitä;1
1328;130/2020;2020_130_10;suullisesti;1
1328;130/2020;2020_130_10;tapahtuu;1
1328;130/2020;2020_130_10;teiltä;1
1328;130/2020;2020_130_10;tiedä;1
1328;130/2020;2020_130_10;todettu;1
1328;130/2020;2020_130_10;tulevaisuudessa;1
1328;130/2020;2020_130_10;tulla;1
1328;130/2020;2020_130_10;tällä;1
1328;130/2020;2020_130_10;tämä;2
1328;130/2020;2020_130_10;tämän;1
1328;130/2020;2020_130_10;tässä;1
1328;130/2020;2020_130_10;viime;1
1328;130/2020;2020_130_10;virkamiehiä;1
1328;130/2024;2024_130_20;aikaan;1
1328;130/2024;2024_130_20;aikana;1
1328;130/2024;2024_130_20;aivan;1
1328;130/2024;2024_130_20;aloitti;1
1328;130/2024;2024_130_20;alueella;1
1328;130/2024;2024_130_20;arvoisa;5
1328;130/2024;2024_130_20;asema;1
1328;130/2024;2024_130_20;asia;1
1328;130/2024;2024_130_20;asialle;1
1328;130/2024;2024_130_20;asioihin;1
1328;130/2024;2024_130_20;asioista;1
1328;130/2024;2024_130_20;astuu;1
1328;130/2024;2024_130_20;avaa;1
1328;130/2024;2024_130_20;avulla;2
1328;130/2024;2024_130_20;baltian;2
1328;130/2024;2024_130_20;britannian;1
1328;130/2024;2024_130_20;donald;1
1328;130/2024;2024_130_20;edelleen;1
1328;130/2024;2024_130_20;edellisellä;1
1328;130/2024;2024_130_20;ei;8
1328;130/2024;2024_130_20;epävakaa;1
1328;130/2024;2024_130_20;erilainen;1
1328;130/2024;2024_130_20;esimerkiksi;1
1328;130/2024;2024_130_20;eteenpäin;1
1328;130/2024;2024_130_20;eteläisten;1
1328;130/2024;2024_130_20;että;10
1328;130/2024;2024_130_20;eu;1
1328;130/2024;2024_130_20;eu-maiden;1
1328;130/2024;2024_130_20;eun;1
1328;130/2024;2024_130_20;euroopan;3
1328;130/2024;2024_130_20;euroopassa;1
1328;130/2024;2024_130_20;hanke;2
1328;130/2024;2024_130_20;heikko;1
1328;130/2024;2024_130_20;heikoin;1
1328;130/2024;2024_130_20;herätteli;1
1328;130/2024;2024_130_20;herätys;1
1328;130/2024;2024_130_20;hetki;1
1328;130/2024;2024_130_20;huippuluokkaa;1
1328;130/2024;2024_130_20;huolehdi;1
1328;130/2024;2024_130_20;huolta;1
1328;130/2024;2024_130_20;huomautettavaa;1
1328;130/2024;2024_130_20;hyvä;1
1328;130/2024;2024_130_20;hyväksyä;1
1328;130/2024;2024_130_20;hyödyistä;1
1328;130/2024;2024_130_20;hyötyisivät;1
1328;130/2024;2024_130_20;hän;1
1328;130/2024;2024_130_20;ihmeelliseltä;1
1328;130/2024;2024_130_20;ilman;1
1328;130/2024;2024_130_20;ilmapuolustuksen;1
1328;130/2024;2024_130_20;itse;1
1328;130/2024;2024_130_20;itsenäisesti;1
1328;130/2024;2024_130_20;itämeren;2
1328;130/2024;2024_130_20;itärajan;1
1328;130/2024;2024_130_20;ja;22
1328;130/2024;2024_130_20;jatkuvasti;1
1328;130/2024;2024_130_20;jo;2
1328;130/2024;2024_130_20;johto;1
1328;130/2024;2024_130_20;joko;1
1328;130/2024;2024_130_20;jotain;1
1328;130/2024;2024_130_20;jotakin;1
1328;130/2024;2024_130_20;jotka;1
1328;130/2024;2024_130_20;jäsen;1
1328;130/2024;2024_130_20;jäsenmaat;1
1328;130/2024;2024_130_20;jäsenmaille;1
1328;130/2024;2024_130_20;jäsenyys;1
1328;130/2024;2024_130_20;kahdenväliset;1
1328;130/2024;2024_130_20;kaikin;1
1328;130/2024;2024_130_20;kaikki;2
1328;130/2024;2024_130_20;kaikkia;1
1328;130/2024;2024_130_20;kannalta;1
1328;130/2024;2024_130_20;kannattaa;1
1328;130/2024;2024_130_20;kansainvälisessä;1
1328;130/2024;2024_130_20;kanssa;4
1328;130/2024;2024_130_20;kaukaiselta;1
1328;130/2024;2024_130_20;keinoin;1
1328;130/2024;2024_130_20;kenelläkään;1
1328;130/2024;2024_130_20;kiinni;1
1328;130/2024;2024_130_20;kiitos;2
1328;130/2024;2024_130_20;kilometrin;1
1328;130/2024;2024_130_20;koko;1
1328;130/2024;2024_130_20;kokonaisturvallisuudessa;1
1328;130/2024;2024_130_20;kokonaisturvallisuudesta;2
1328;130/2024;2024_130_20;kokonaisturvallisuutta;1
1328;130/2024;2024_130_20;korkean;1
1328;130/2024;2024_130_20;korostuu;1
1328;130/2024;2024_130_20;korostuvat;1
1328;130/2024;2024_130_20;koska;1
1328;130/2024;2024_130_20;kotimaisella;1
1328;130/2024;2024_130_20;kovin;1
1328;130/2024;2024_130_20;kuin;5
1328;130/2024;2024_130_20;kukaan;1
1328;130/2024;2024_130_20;kun;3
1328;130/2024;2024_130_20;kustannuksiin;1
1328;130/2024;2024_130_20;kuten;2
1328;130/2024;2024_130_20;kuukauden;1
1328;130/2024;2024_130_20;kyse;1
1328;130/2024;2024_130_20;kyselyn;1
1328;130/2024;2024_130_20;kysymys;1
1328;130/2024;2024_130_20;käynnistämiseksi;1
1328;130/2024;2024_130_20;lainsäädäntöä;1
1328;130/2024;2024_130_20;lapin;1
1328;130/2024;2024_130_20;lenkki;1
1328;130/2024;2024_130_20;liian;1
1328;130/2024;2024_130_20;lisätä;1
1328;130/2024;2024_130_20;lisääntyvän;1
1328;130/2024;2024_130_20;luokan;1
1328;130/2024;2024_130_20;luopumista;1
1328;130/2024;2024_130_20;luuletteko;1
1328;130/2024;2024_130_20;lähempänä;1
1328;130/2024;2024_130_20;lähtee;1
1328;130/2024;2024_130_20;läsnä;1
1328;130/2024;2024_130_20;maailman;1
1328;130/2024;2024_130_20;maan;1
1328;130/2024;2024_130_20;maanpuolustustahto;1
1328;130/2024;2024_130_20;maarajaa;1
1328;130/2024;2024_130_20;maat;2
1328;130/2024;2024_130_20;mahdollista;1
1328;130/2024;2024_130_20;mahdollisuuksia;1
1328;130/2024;2024_130_20;mahdoton;1
1328;130/2024;2024_130_20;maiden;1
1328;130/2024;2024_130_20;maksaa;1
1328;130/2024;2024_130_20;meidän;1
1328;130/2024;2024_130_20;meillä;2
1328;130/2024;2024_130_20;meitä;1
1328;130/2024;2024_130_20;mene;1
1328;130/2024;2024_130_20;mielessä;1
1328;130/2024;2024_130_20;mielestä;1
1328;130/2024;2024_130_20;miinasopimuksesta;1
1328;130/2024;2024_130_20;miksi;1
1328;130/2024;2024_130_20;mikä;1
1328;130/2024;2024_130_20;mikään;2
1328;130/2024;2024_130_20;mitään;2
1328;130/2024;2024_130_20;moniin;1
1328;130/2024;2024_130_20;mukaan;1
1328;130/2024;2024_130_20;mukana;2
1328;130/2024;2024_130_20;muutama;1
1328;130/2024;2024_130_20;muutokset;1
1328;130/2024;2024_130_20;muutoksiin;1
1328;130/2024;2024_130_20;myös;4
1328;130/2024;2024_130_20;nato-jäsenyyden;1
1328;130/2024;2024_130_20;nato-jäsenyydessä;1
1328;130/2024;2024_130_20;nato-maita;1
1328;130/2024;2024_130_20;naton;1
1328;130/2024;2024_130_20;natossa;1
1328;130/2024;2024_130_20;niiden;1
1328;130/2024;2024_130_20;niillä;1
1328;130/2024;2024_130_20;niin;2
1328;130/2024;2024_130_20;niistä;2
1328;130/2024;2024_130_20;nopeat;1
1328;130/2024;2024_130_20;nopeisiin;1
1328;130/2024;2024_130_20;nopeita;1
1328;130/2024;2024_130_20;noudattaa;2
1328;130/2024;2024_130_20;noudattaisi;1
1328;130/2024;2024_130_20;nyt;3
1328;130/2024;2024_130_20;nähty;1
1328;130/2024;2024_130_20;näkökulmasta;1
1328;130/2024;2024_130_20;oikeassa;1
1328;130/2024;2024_130_20;oikeasti;2
1328;130/2024;2024_130_20;ole;2
1328;130/2024;2024_130_20;oli;1
1328;130/2024;2024_130_20;olla;2
1328;130/2024;2024_130_20;oma;1
1328;130/2024;2024_130_20;omista;1
1328;130/2024;2024_130_20;on;23
1328;130/2024;2024_130_20;ongelma;1
1328;130/2024;2024_130_20;osapuoli;1
1328;130/2024;2024_130_20;osuutensa;1
1328;130/2024;2024_130_20;ottaa;1
1328;130/2024;2024_130_20;ottawan;3
1328;130/2024;2024_130_20;ovat;5
1328;130/2024;2024_130_20;paljon;1
1328;130/2024;2024_130_20;panostuksia;1
1328;130/2024;2024_130_20;parantaa;1
1328;130/2024;2024_130_20;paras;1
1328;130/2024;2024_130_20;pelkistä;1
1328;130/2024;2024_130_20;perustella;1
1328;130/2024;2024_130_20;pidettävä;1
1328;130/2024;2024_130_20;pienen;1
1328;130/2024;2024_130_20;pitäisi;2
1328;130/2024;2024_130_20;pitämään;1
1328;130/2024;2024_130_20;pitää;3
1328;130/2024;2024_130_20;pohjoisessa;1
1328;130/2024;2024_130_20;pohjoismaiden;2
1328;130/2024;2024_130_20;polvillaan;1
1328;130/2024;2024_130_20;presidentti;1
1328;130/2024;2024_130_20;presidenttikaudellaan;1
1328;130/2024;2024_130_20;puhemies;5
1328;130/2024;2024_130_20;puhuttu;1
1328;130/2024;2024_130_20;puhuu;1
1328;130/2024;2024_130_20;puola;1
1328;130/2024;2024_130_20;puolan;1
1328;130/2024;2024_130_20;puolestamme;1
1328;130/2024;2024_130_20;puolustamisesta;1
1328;130/2024;2024_130_20;puolustettava;1
1328;130/2024;2024_130_20;puolustukseen;1
1328;130/2024;2024_130_20;puolustusteollisuudella;1
1328;130/2024;2024_130_20;puolustusteollisuuden;1
1328;130/2024;2024_130_20;puolustusteollisuuteen;1
1328;130/2024;2024_130_20;pääkaupunkiseudun;1
1328;130/2024;2024_130_20;päälle;2
1328;130/2024;2024_130_20;päästä;1
1328;130/2024;2024_130_20;rahaa;1
1328;130/2024;2024_130_20;raja;1
1328;130/2024;2024_130_20;rakentaa;1
1328;130/2024;2024_130_20;rakentamista;1
1328;130/2024;2024_130_20;rannikkoseudun;1
1328;130/2024;2024_130_20;ranska;1
1328;130/2024;2024_130_20;ranskaa;1
1328;130/2024;2024_130_20;reilun;1
1328;130/2024;2024_130_20;ripeitä;1
1328;130/2024;2024_130_20;ruveta;1
1328;130/2024;2024_130_20;räväkästi;1
1328;130/2024;2024_130_20;saa;1
1328;130/2024;2024_130_20;saavan;1
1328;130/2024;2024_130_20;saksa;1
1328;130/2024;2024_130_20;saksaa;1
1328;130/2024;2024_130_20;samaan;1
1328;130/2024;2024_130_20;samassa;1
1328;130/2024;2024_130_20;se;5
1328;130/2024;2024_130_20;sekä;2
1328;130/2024;2024_130_20;selvittelevänsä;1
1328;130/2024;2024_130_20;selvittämistä;1
1328;130/2024;2024_130_20;selvää;1
1328;130/2024;2024_130_20;sen;2
1328;130/2024;2024_130_20;siellä;1
1328;130/2024;2024_130_20;siinä;2
1328;130/2024;2024_130_20;siitä;2
1328;130/2024;2024_130_20;siksi;1
1328;130/2024;2024_130_20;sille;1
1328;130/2024;2024_130_20;sisäisten;1
1328;130/2024;2024_130_20;sitten;1
1328;130/2024;2024_130_20;sitä;3
1328;130/2024;2024_130_20;sopimuksessa;1
1328;130/2024;2024_130_20;sopimukset;1
1328;130/2024;2024_130_20;sopimuksia;2
1328;130/2024;2024_130_20;sopimuksista;2
1328;130/2024;2024_130_20;sopimus;1
1328;130/2024;2024_130_20;sopimusta;1
1328;130/2024;2024_130_20;sota;2
1328;130/2024;2024_130_20;suomalaiset;1
1328;130/2024;2024_130_20;suomalaisten;3
1328;130/2024;2024_130_20;suomelle;1
1328;130/2024;2024_130_20;suomen;8
1328;130/2024;2024_130_20;suomi;2
1328;130/2024;2024_130_20;suoria;1
1328;130/2024;2024_130_20;syyriassa;1
1328;130/2024;2024_130_20;tai;2
1328;130/2024;2024_130_20;takana;1
1328;130/2024;2024_130_20;takuu;1
1328;130/2024;2024_130_20;talman;5
1328;130/2024;2024_130_20;taloudellista;1
1328;130/2024;2024_130_20;tarkoittaa;2
1328;130/2024;2024_130_20;tarvittaisiin;1
1328;130/2024;2024_130_20;tehdä;2
1328;130/2024;2024_130_20;tehoa;1
1328;130/2024;2024_130_20;tekemään;1
1328;130/2024;2024_130_20;teknologiaosaamista;1
1328;130/2024;2024_130_20;tiivistyvä;1
1328;130/2024;2024_130_20;tilanne;1
1328;130/2024;2024_130_20;tilanteessa;1
1328;130/2024;2024_130_20;tilanteiden;1
1328;130/2024;2024_130_20;tinkiä;1
1328;130/2024;2024_130_20;tippaakaan;1
1328;130/2024;2024_130_20;toimia;1
1328;130/2024;2024_130_20;toinen;1
1328;130/2024;2024_130_20;toisi;1
1328;130/2024;2024_130_20;tositilanteessa;1
1328;130/2024;2024_130_20;trump;3
1328;130/2024;2024_130_20;trumpin;1
1328;130/2024;2024_130_20;tulevat;1
1328;130/2024;2024_130_20;tunnu;1
1328;130/2024;2024_130_20;tuntuu;2
1328;130/2024;2024_130_20;tuoreen;1
1328;130/2024;2024_130_20;turvallisuuspoliittinen;1
1328;130/2024;2024_130_20;turvallisuuspolitiikassa;1
1328;130/2024;2024_130_20;turvallisuutta;1
1328;130/2024;2024_130_20;tärkeämpää;1
1328;130/2024;2024_130_20;tässä;1
1328;130/2024;2024_130_20;ukrainan;1
1328;130/2024;2024_130_20;ukrainassa;1
1328;130/2024;2024_130_20;ulkopoliittinen;1
1328;130/2024;2024_130_20;unionia;1
1328;130/2024;2024_130_20;uusiin;1
1328;130/2024;2024_130_20;vaatimaan;1
1328;130/2024;2024_130_20;vahvasti;1
1328;130/2024;2024_130_20;vain;1
1328;130/2024;2024_130_20;vakavasti;1
1328;130/2024;2024_130_20;valko-venäjän;1
1328;130/2024;2024_130_20;valmistauduttava;1
1328;130/2024;2024_130_20;valtaan;1
1328;130/2024;2024_130_20;vapaamatkustajina;1
1328;130/2024;2024_130_20;vastuisiin;1
1328;130/2024;2024_130_20;vauhtia;1
1328;130/2024;2024_130_20;vauraat;1
1328;130/2024;2024_130_20;velvoittaa;1
1328;130/2024;2024_130_20;venäjälle;1
1328;130/2024;2024_130_20;venäjän;1
1328;130/2024;2024_130_20;vielä;2
1328;130/2024;2024_130_20;viennin;1
1328;130/2024;2024_130_20;viikonloppuna;1
1328;130/2024;2024_130_20;viikonlopun;1
1328;130/2024;2024_130_20;viimeinen;1
1328;130/2024;2024_130_20;viimeisen;1
1328;130/2024;2024_130_20;voi;1
1328;130/2024;2024_130_20;vuoksi;1
1328;130/2024;2024_130_20;vuosi;1
1328;130/2024;2024_130_20;yhdysvallat;2
1328;130/2024;2024_130_20;yhdysvaltojen;4
1328;130/2024;2024_130_20;yhteinen;1
1328;130/2024;2024_130_20;yhteisen;1
1328;130/2024;2024_130_20;yhteistyö;2
1328;130/2024;2024_130_20;yhteistä;1
1328;130/2024;2024_130_20;yhtenäistä;1
1328;130/2024;2024_130_20;yhtä;1
1328;130/2024;2024_130_20;yhtään;1
1328;130/2024;2024_130_20;yllättävät;1
1328;130/2024;2024_130_20;ymmärtää;1
1328;130/2024;2024_130_20;ärade;5
1328;132/2017;2017_132_59;arvoisa;1
1328;132/2017;2017_132_59;asialle;1
1328;132/2017;2017_132_59;hallituksen;1
1328;132/2017;2017_132_59;ihmisiä;1
1328;132/2017;2017_132_59;istui;1
1328;132/2017;2017_132_59;istuimme;1
1328;132/2017;2017_132_59;istuin;1
1328;132/2017;2017_132_59;ja;3
1328;132/2017;2017_132_59;jo;1
1328;132/2017;2017_132_59;joka;1
1328;132/2017;2017_132_59;jotain;1
1328;132/2017;2017_132_59;jäseniä;1
1328;132/2017;2017_132_59;kesällä;1
1328;132/2017;2017_132_59;kuulimme;1
1328;132/2017;2017_132_59;kymmeniä;1
1328;132/2017;2017_132_59;kysyn;1
1328;132/2017;2017_132_59;liikunnan;2
1328;132/2017;2017_132_59;luovutimme;1
1328;132/2017;2017_132_59;mappi;1
1328;132/2017;2017_132_59;meidän;1
1328;132/2017;2017_132_59;meillä;1
1328;132/2017;2017_132_59;meinaako;1
1328;132/2017;2017_132_59;melkein;2
1328;132/2017;2017_132_59;menikö;1
1328;132/2017;2017_132_59;ministeri;1
1328;132/2017;2017_132_59;ministeriltä;1
1328;132/2017;2017_132_59;opposition;1
1328;132/2017;2017_132_59;puhemies;1
1328;132/2017;2017_132_59;rahoja;1
1328;132/2017;2017_132_59;raportin;1
1328;132/2017;2017_132_59;raportti;1
1328;132/2017;2017_132_59;ryhmässä;1
1328;132/2017;2017_132_59;saimme;1
1328;132/2017;2017_132_59;satoja;1
1328;132/2017;2017_132_59;sekä;1
1328;132/2017;2017_132_59;sen;1
1328;132/2017;2017_132_59;siinä;1
1328;132/2017;2017_132_59;siitä;1
1328;132/2017;2017_132_59;sinne;1
1328;132/2017;2017_132_59;tehdä;1
1328;132/2017;2017_132_59;teimme;1
1328;132/2017;2017_132_59;tutki;1
1328;132/2017;2017_132_59;työryhmässä;1
1328;132/2017;2017_132_59;tämä;1
1328;132/2017;2017_132_59;urheilijoita;1
1328;132/2017;2017_132_59;vai;1
1328;132/2017;2017_132_59;vaikka;1
1328;132/2017;2017_132_59;vastineita;1
1328;132/2017;2017_132_59;vuoden;2
1328;132/2017;2017_132_59;öhön;1
1328;132/2021;2021_132_99;ala-arvoista;1
1328;132/2021;2021_132_99;arvoisa;2
1328;132/2021;2021_132_99;baltian;1
1328;132/2021;2021_132_99;ei;5
1328;132/2021;2021_132_99;eikä;1
1328;132/2021;2021_132_99;että;1
1328;132/2021;2021_132_99;hallituksen;2
1328;132/2021;2021_132_99;halutaan;1
1328;132/2021;2021_132_99;heti;1
1328;132/2021;2021_132_99;huopaamista;1
1328;132/2021;2021_132_99;häntä;1
1328;132/2021;2021_132_99;ja;7
1328;132/2021;2021_132_99;jatkunut;1
1328;132/2021;2021_132_99;johtaminen;1
1328;132/2021;2021_132_99;juuri;2
1328;132/2021;2021_132_99;jälkeen;1
1328;132/2021;2021_132_99;jälkijunassa;1
1328;132/2021;2021_132_99;kanssa;1
1328;132/2021;2021_132_99;kavala;1
1328;132/2021;2021_132_99;kenenkään;1
1328;132/2021;2021_132_99;kertoa;1
1328;132/2021;2021_132_99;kesän;1
1328;132/2021;2021_132_99;keväänä;1
1328;132/2021;2021_132_99;kipparista;1
1328;132/2021;2021_132_99;kiuru;1
1328;132/2021;2021_132_99;kokonaisuus;1
1328;132/2021;2021_132_99;korona;1
1328;132/2021;2021_132_99;koronapassia;2
1328;132/2021;2021_132_99;koronassa;1
1328;132/2021;2021_132_99;koska;1
1328;132/2021;2021_132_99;kuka;2
1328;132/2021;2021_132_99;kun;1
1328;132/2021;2021_132_99;kuntoon;1
1328;132/2021;2021_132_99;kyllä;1
1328;132/2021;2021_132_99;käsissä;1
1328;132/2021;2021_132_99;käsitystä;1
1328;132/2021;2021_132_99;käydä;1
1328;132/2021;2021_132_99;käytössä;1
1328;132/2021;2021_132_99;laitettu;1
1328;132/2021;2021_132_99;loppua;1
1328;132/2021;2021_132_99;luotsista;1
1328;132/2021;2021_132_99;maissa;1
1328;132/2021;2021_132_99;meillä;1
1328;132/2021;2021_132_99;mielestä;1
1328;132/2021;2021_132_99;miksi;2
1328;132/2021;2021_132_99;mikä;1
1328;132/2021;2021_132_99;ministeri;1
1328;132/2021;2021_132_99;mistä;2
1328;132/2021;2021_132_99;miten;1
1328;132/2021;2021_132_99;mitä;1
1328;132/2021;2021_132_99;mitään;1
1328;132/2021;2021_132_99;mutta;1
1328;132/2021;2021_132_99;myrskyistä;1
1328;132/2021;2021_132_99;myös;2
1328;132/2021;2021_132_99;naurua;1
1328;132/2021;2021_132_99;niin;1
1328;132/2021;2021_132_99;niistä;1
1328;132/2021;2021_132_99;nopeasti;1
1328;132/2021;2021_132_99;norjassa;1
1328;132/2021;2021_132_99;nyt;1
1328;132/2021;2021_132_99;näin;3
1328;132/2021;2021_132_99;näy;1
1328;132/2021;2021_132_99;ole;1
1328;132/2021;2021_132_99;olevan;1
1328;132/2021;2021_132_99;olisi;1
1328;132/2021;2021_132_99;ollut;1
1328;132/2021;2021_132_99;on;5
1328;132/2021;2021_132_99;ota;1
1328;132/2021;2021_132_99;pahenee;1
1328;132/2021;2021_132_99;paremmin;1
1328;132/2021;2021_132_99;perussuomalaisten;2
1328;132/2021;2021_132_99;puhemies;1
1328;132/2021;2021_132_99;puhuu;1
1328;132/2021;2021_132_99;puolitoista;1
1328;132/2021;2021_132_99;pääministeri;1
1328;132/2021;2021_132_99;päättää;2
1328;132/2021;2021_132_99;rajoituksia;1
1328;132/2021;2021_132_99;rajoitusten;1
1328;132/2021;2021_132_99;reagoidaan;1
1328;132/2021;2021_132_99;ryhmästä;2
1328;132/2021;2021_132_99;saa;1
1328;132/2021;2021_132_99;satamaan;1
1328;132/2021;2021_132_99;se;1
1328;132/2021;2021_132_99;sekavaa;1
1328;132/2021;2021_132_99;selkeää;1
1328;132/2021;2021_132_99;sellainen;1
1328;132/2021;2021_132_99;selvää;1
1328;132/2021;2021_132_99;siitä;2
1328;132/2021;2021_132_99;soutamista;1
1328;132/2021;2021_132_99;suomessa;1
1328;132/2021;2021_132_99;suunnitelmanne;1
1328;132/2021;2021_132_99;taas;1
1328;132/2021;2021_132_99;talman;1
1328;132/2021;2021_132_99;tanskassa;1
1328;132/2021;2021_132_99;tarvittu;1
1328;132/2021;2021_132_99;tauti;1
1328;132/2021;2021_132_99;teidän;1
1328;132/2021;2021_132_99;tiedän;1
1328;132/2021;2021_132_99;tilanne;1
1328;132/2021;2021_132_99;tulossa;1
1328;132/2021;2021_132_99;tunnu;1
1328;132/2021;2021_132_99;tuoda;1
1328;132/2021;2021_132_99;työpaikoille;1
1328;132/2021;2021_132_99;vai;1
1328;132/2021;2021_132_99;vaikka;1
1328;132/2021;2021_132_99;veneen;1
1328;132/2021;2021_132_99;viestintä;1
1328;132/2021;2021_132_99;viime;1
1328;132/2021;2021_132_99;voi;1
1328;132/2021;2021_132_99;voitteko;1
1328;132/2021;2021_132_99;vuotta;1
1328;132/2021;2021_132_99;yhtäkkiä;1
1328;132/2021;2021_132_99;ärade;1
1328;133/2022;2022_133_89;aiheeseen;1
1328;133/2022;2022_133_89;ajan;1
1328;133/2022;2022_133_89;ajaudumme;1
1328;133/2022;2022_133_89;arvoisa;1
1328;133/2022;2022_133_89;eivät;4
1328;133/2022;2022_133_89;enempää;1
1328;133/2022;2022_133_89;ennätystuloksia;1
1328;133/2022;2022_133_89;ensimmäiseen;1
1328;133/2022;2022_133_89;että;3
1328;133/2022;2022_133_89;hallitus;1
1328;133/2022;2022_133_89;hinta;2
1328;133/2022;2022_133_89;hyväkseen;1
1328;133/2022;2022_133_89;ihmiset;2
1328;133/2022;2022_133_89;ihmisten;1
1328;133/2022;2022_133_89;ihmistä;1
1328;133/2022;2022_133_89;inflaatio;1
1328;133/2022;2022_133_89;ja;6
1328;133/2022;2022_133_89;jopa;1
1328;133/2022;2022_133_89;kaksikolme;1
1328;133/2022;2022_133_89;kallistuu;1
1328;133/2022;2022_133_89;koko;1
1328;133/2022;2022_133_89;koska;1
1328;133/2022;2022_133_89;kymmenen;1
1328;133/2022;2022_133_89;käyttävät;1
1328;133/2022;2022_133_89;köyhtyvät;1
1328;133/2022;2022_133_89;lamaan;1
1328;133/2022;2022_133_89;mahdollista;1
1328;133/2022;2022_133_89;me;1
1328;133/2022;2022_133_89;meinaatte;1
1328;133/2022;2022_133_89;mikä;1
1328;133/2022;2022_133_89;miten;1
1328;133/2022;2022_133_89;mitä;1
1328;133/2022;2022_133_89;muita;1
1328;133/2022;2022_133_89;myös;1
1328;133/2022;2022_133_89;nouse;1
1328;133/2022;2022_133_89;nousee;1
1328;133/2022;2022_133_89;nousseet;1
1328;133/2022;2022_133_89;on;3
1328;133/2022;2022_133_89;ostaa;1
1328;133/2022;2022_133_89;ostovoima;1
1328;133/2022;2022_133_89;ovat;1
1328;133/2022;2022_133_89;palaan;1
1328;133/2022;2022_133_89;palkat;1
1328;133/2022;2022_133_89;palveluita;1
1328;133/2022;2022_133_89;pienenee;1
1328;133/2022;2022_133_89;prosenttia;2
1328;133/2022;2022_133_89;puhemies;1
1328;133/2022;2022_133_89;rahaa;1
1328;133/2022;2022_133_89;riitä;1
1328;133/2022;2022_133_89;ruuan;1
1328;133/2022;2022_133_89;ruuanmyyjät;1
1328;133/2022;2022_133_89;saa;1
1328;133/2022;2022_133_89;siitä;1
1328;133/2022;2022_133_89;sitä;1
1328;133/2022;2022_133_89;suomessa;1
1328;133/2022;2022_133_89;sähkön;3
1328;133/2022;2022_133_89;talman;1
1328;133/2022;2022_133_89;tarkoittaa;1
1328;133/2022;2022_133_89;tehdä;1
1328;133/2022;2022_133_89;teidän;1
1328;133/2022;2022_133_89;tekevät;2
1328;133/2022;2022_133_89;tilaisuutta;1
1328;133/2022;2022_133_89;toimet;1
1328;133/2022;2022_133_89;tuottajahinnat;1
1328;133/2022;2022_133_89;tuottajat;1
1328;133/2022;2022_133_89;tähän;1
1328;133/2022;2022_133_89;tälle;1
1328;133/2022;2022_133_89;ulosotossa;1
1328;133/2022;2022_133_89;vaikka;2
1328;133/2022;2022_133_89;valtavia;1
1328;133/2022;2022_133_89;voi;1
1328;133/2022;2022_133_89;voittoja;1
1328;133/2022;2022_133_89;vähän;1
1328;133/2022;2022_133_89;yritykset;1
1328;133/2022;2022_133_89;ärade;1
1328;135/2021;2021_135_22;agenda;1
1328;135/2021;2021_135_22;aika;1
1328;135/2021;2021_135_22;aikaan;1
1328;135/2021;2021_135_22;aikana;1
1328;135/2021;2021_135_22;alalta;1
1328;135/2021;2021_135_22;alijäämä;1
1328;135/2021;2021_135_22;analysoinnissa;1
1328;135/2021;2021_135_22;annettu;1
1328;135/2021;2021_135_22;antaa;4
1328;135/2021;2021_135_22;antavat;1
1328;135/2021;2021_135_22;arvoisa;4
1328;135/2021;2021_135_22;asioihin;1
1328;135/2021;2021_135_22;asioita;2
1328;135/2021;2021_135_22;askeleen;1
1328;135/2021;2021_135_22;asti;1
1328;135/2021;2021_135_22;digiloikkia;1
1328;135/2021;2021_135_22;digitaalisiin;1
1328;135/2021;2021_135_22;edellytyksiä;1
1328;135/2021;2021_135_22;edelläkävijänä;1
1328;135/2021;2021_135_22;ei;4
1328;135/2021;2021_135_22;eivät;1
1328;135/2021;2021_135_22;ekologinen;1
1328;135/2021;2021_135_22;elämänsä;1
1328;135/2021;2021_135_22;elämäänsä;1
1328;135/2021;2021_135_22;emme;5
1328;135/2021;2021_135_22;en;1
1328;135/2021;2021_135_22;enemmän;2
1328;135/2021;2021_135_22;energiansäästössä;1
1328;135/2021;2021_135_22;energiassa;1
1328;135/2021;2021_135_22;ennustettavaa;1
1328;135/2021;2021_135_22;esimerkiksi;2
1328;135/2021;2021_135_22;eteen;1
1328;135/2021;2021_135_22;eteenpäin;1
1328;135/2021;2021_135_22;että;1
1328;135/2021;2021_135_22;etätöitä;1
1328;135/2021;2021_135_22;euroopan;1
1328;135/2021;2021_135_22;eussa;1
1328;135/2021;2021_135_22;hankkeisiin;1
1328;135/2021;2021_135_22;haussa;1
1328;135/2021;2021_135_22;he;2
1328;135/2021;2021_135_22;heikkeneminen;1
1328;135/2021;2021_135_22;helsingin;1
1328;135/2021;2021_135_22;hieno;1
1328;135/2021;2021_135_22;hienosti;1
1328;135/2021;2021_135_22;hinnan;1
1328;135/2021;2021_135_22;hoitaa;1
1328;135/2021;2021_135_22;hoitavat;3
1328;135/2021;2021_135_22;hommaa;1
1328;135/2021;2021_135_22;hommansa;1
1328;135/2021;2021_135_22;huolehdittava;1
1328;135/2021;2021_135_22;huolehtii;1
1328;135/2021;2021_135_22;huolehtinut;1
1328;135/2021;2021_135_22;huolissani;2
1328;135/2021;2021_135_22;huoltosuhteen;1
1328;135/2021;2021_135_22;hyviä;1
1328;135/2021;2021_135_22;hyvä;1
1328;135/2021;2021_135_22;hyödyntää;1
1328;135/2021;2021_135_22;ihmisen;1
1328;135/2021;2021_135_22;ihmisten;1
1328;135/2021;2021_135_22;ilmastotavoitteitaan;1
1328;135/2021;2021_135_22;investoinnit;1
1328;135/2021;2021_135_22;investointeihin;1
1328;135/2021;2021_135_22;itse;1
1328;135/2021;2021_135_22;itämeren;1
1328;135/2021;2021_135_22;ja;27
1328;135/2021;2021_135_22;jaksamisesta;1
1328;135/2021;2021_135_22;jatkossa;2
1328;135/2021;2021_135_22;jatkua;1
1328;135/2021;2021_135_22;jo;1
1328;135/2021;2021_135_22;johdonmukaista;1
1328;135/2021;2021_135_22;joihin;1
1328;135/2021;2021_135_22;joka;1
1328;135/2021;2021_135_22;jokaisella;1
1328;135/2021;2021_135_22;jokaisen;2
1328;135/2021;2021_135_22;jollaisen;1
1328;135/2021;2021_135_22;jos;2
1328;135/2021;2021_135_22;jotka;1
1328;135/2021;2021_135_22;juhlapuheiden;1
1328;135/2021;2021_135_22;julkisen;2
1328;135/2021;2021_135_22;jälkeen;1
1328;135/2021;2021_135_22;järjestelmä;1
1328;135/2021;2021_135_22;jäsenmaita;1
1328;135/2021;2021_135_22;jäämällä;1
1328;135/2021;2021_135_22;kai;1
1328;135/2021;2021_135_22;kaikkein;1
1328;135/2021;2021_135_22;kaikki;1
1328;135/2021;2021_135_22;kaikkia;1
1328;135/2021;2021_135_22;kaikkien;1
1328;135/2021;2021_135_22;kannustaa;1
1328;135/2021;2021_135_22;kansalaiset;1
1328;135/2021;2021_135_22;kansalaisista;1
1328;135/2021;2021_135_22;karkaavat;1
1328;135/2021;2021_135_22;kasvoille;1
1328;135/2021;2021_135_22;kasvu;2
1328;135/2021;2021_135_22;kaupunki;1
1328;135/2021;2021_135_22;kehitti;1
1328;135/2021;2021_135_22;kehittyvät;1
1328;135/2021;2021_135_22;kehittää;1
1328;135/2021;2021_135_22;kestävä;1
1328;135/2021;2021_135_22;kilpailukykymme;1
1328;135/2021;2021_135_22;koko;2
1328;135/2021;2021_135_22;kokoinen;1
1328;135/2021;2021_135_22;kokonaan;1
1328;135/2021;2021_135_22;koronan;1
1328;135/2021;2021_135_22;koskaan;1
1328;135/2021;2021_135_22;kotimaisen;1
1328;135/2021;2021_135_22;koulutus;1
1328;135/2021;2021_135_22;kuin;1
1328;135/2021;2021_135_22;kun;3
1328;135/2021;2021_135_22;kunnossa;1
1328;135/2021;2021_135_22;kunnosta;1
1328;135/2021;2021_135_22;kuntoon;2
1328;135/2021;2021_135_22;kustannukset;1
1328;135/2021;2021_135_22;kuuluu;1
1328;135/2021;2021_135_22;kyllä;4
1328;135/2021;2021_135_22;kyseenalaista;1
1328;135/2021;2021_135_22;käsistä;1
1328;135/2021;2021_135_22;käytetään;1
1328;135/2021;2021_135_22;käyttää;1
1328;135/2021;2021_135_22;käyttö;1
1328;135/2021;2021_135_22;käytössä;1
1328;135/2021;2021_135_22;laadussa;1
1328;135/2021;2021_135_22;lainoja;1
1328;135/2021;2021_135_22;lastensa;1
1328;135/2021;2021_135_22;lenkki;1
1328;135/2021;2021_135_22;liharuoan;1
1328;135/2021;2021_135_22;lihatuotannon;1
1328;135/2021;2021_135_22;liikaa;1
1328;135/2021;2021_135_22;lisääntymään;1
1328;135/2021;2021_135_22;loppuun;1
1328;135/2021;2021_135_22;loput;1
1328;135/2021;2021_135_22;luokkaa;1
1328;135/2021;2021_135_22;luopua;1
1328;135/2021;2021_135_22;luopumalla;1
1328;135/2021;2021_135_22;luotan;1
1328;135/2021;2021_135_22;luotava;3
1328;135/2021;2021_135_22;luovat;1
1328;135/2021;2021_135_22;maailmanvalloituksiin;1
1328;135/2021;2021_135_22;maakaasun;1
1328;135/2021;2021_135_22;maan;1
1328;135/2021;2021_135_22;maapallon;1
1328;135/2021;2021_135_22;mahdollisuuksia;2
1328;135/2021;2021_135_22;mahdollisuus;5
1328;135/2021;2021_135_22;mallia;1
1328;135/2021;2021_135_22;markkinat;1
1328;135/2021;2021_135_22;markkinoiden;2
1328;135/2021;2021_135_22;me;1
1328;135/2021;2021_135_22;meidän;6
1328;135/2021;2021_135_22;meille;3
1328;135/2021;2021_135_22;meillä;6
1328;135/2021;2021_135_22;meitä;1
1328;135/2021;2021_135_22;menestys;1
1328;135/2021;2021_135_22;menestyä;1
1328;135/2021;2021_135_22;menevät;1
1328;135/2021;2021_135_22;merkittävän;2
1328;135/2021;2021_135_22;metsistään;1
1328;135/2021;2021_135_22;metsänsä;1
1328;135/2021;2021_135_22;miksi;1
1328;135/2021;2021_135_22;mikä;1
1328;135/2021;2021_135_22;miniydinvoimalan;1
1328;135/2021;2021_135_22;miniydinvoimaloita;1
1328;135/2021;2021_135_22;missä;1
1328;135/2021;2021_135_22;mitä;1
1328;135/2021;2021_135_22;mobiilipelien;1
1328;135/2021;2021_135_22;moraalipostauksia;1
1328;135/2021;2021_135_22;muistaa;1
1328;135/2021;2021_135_22;mukaan;1
1328;135/2021;2021_135_22;mutta;3
1328;135/2021;2021_135_22;muuten;1
1328;135/2021;2021_135_22;myöhemmin;1
1328;135/2021;2021_135_22;myös;5
1328;135/2021;2021_135_22;märkä;1
1328;135/2021;2021_135_22;ne;1
1328;135/2021;2021_135_22;neuvomaan;1
1328;135/2021;2021_135_22;niiden;1
1328;135/2021;2021_135_22;niihin;1
1328;135/2021;2021_135_22;niin;2
1328;135/2021;2021_135_22;nyt;1
1328;135/2021;2021_135_22;näiden;1
1328;135/2021;2021_135_22;näin;1
1328;135/2021;2021_135_22;näytettävä;1
1328;135/2021;2021_135_22;näyttävät;1
1328;135/2021;2021_135_22;ohi;1
1328;135/2021;2021_135_22;ole;4
1328;135/2021;2021_135_22;olen;1
1328;135/2021;2021_135_22;olevat;1
1328;135/2021;2021_135_22;oli;1
1328;135/2021;2021_135_22;olla;4
1328;135/2021;2021_135_22;omaan;2
1328;135/2021;2021_135_22;oman;2
1328;135/2021;2021_135_22;omia;1
1328;135/2021;2021_135_22;on;26
1328;135/2021;2021_135_22;ongelma;1
1328;135/2021;2021_135_22;ongelmia;1
1328;135/2021;2021_135_22;opettajien;1
1328;135/2021;2021_135_22;opiskelijan;1
1328;135/2021;2021_135_22;osaamisen;1
1328;135/2021;2021_135_22;osaamisesta;1
1328;135/2021;2021_135_22;osuus;1
1328;135/2021;2021_135_22;osuutensa;1
1328;135/2021;2021_135_22;ottivat;1
1328;135/2021;2021_135_22;ovat;3
1328;135/2021;2021_135_22;paikallaan;1
1328;135/2021;2021_135_22;paljon;2
1328;135/2021;2021_135_22;panna;2
1328;135/2021;2021_135_22;paremmin;1
1328;135/2021;2021_135_22;persianlahdesta;1
1328;135/2021;2021_135_22;perusasiat;1
1328;135/2021;2021_135_22;perustarpeissakin;1
1328;135/2021;2021_135_22;perämeren;1
1328;135/2021;2021_135_22;pienen;1
1328;135/2021;2021_135_22;pitää;8
1328;135/2021;2021_135_22;poliitikkojen;1
1328;135/2021;2021_135_22;poliitikot;1
1328;135/2021;2021_135_22;poliittinen;1
1328;135/2021;2021_135_22;poliittisen;1
1328;135/2021;2021_135_22;polkee;1
1328;135/2021;2021_135_22;promillen;1
1328;135/2021;2021_135_22;puheet;1
1328;135/2021;2021_135_22;puhemies;4
1328;135/2021;2021_135_22;puhtaat;1
1328;135/2021;2021_135_22;puolella;1
1328;135/2021;2021_135_22;päästä;1
1328;135/2021;2021_135_22;päästöistä;1
1328;135/2021;2021_135_22;päättäessään;1
1328;135/2021;2021_135_22;päättäjät;1
1328;135/2021;2021_135_22;päättää;1
1328;135/2021;2021_135_22;päätöksenteko;1
1328;135/2021;2021_135_22;päätöksenteon;1
1328;135/2021;2021_135_22;päätös;1
1328;135/2021;2021_135_22;rakentaminen;1
1328;135/2021;2021_135_22;resursseista;1
1328;135/2021;2021_135_22;riittävästi;1
1328;135/2021;2021_135_22;rolls-royce;1
1328;135/2021;2021_135_22;rooli;1
1328;135/2021;2021_135_22;rätti;1
1328;135/2021;2021_135_22;saa;2
1328;135/2021;2021_135_22;saada;2
1328;135/2021;2021_135_22;saatava;2
1328;135/2021;2021_135_22;saatiin;1
1328;135/2021;2021_135_22;saksa;1
1328;135/2021;2021_135_22;samanlaisia;1
1328;135/2021;2021_135_22;se;1
1328;135/2021;2021_135_22;sekä;2
1328;135/2021;2021_135_22;selkänojan;1
1328;135/2021;2021_135_22;sellaisia;1
1328;135/2021;2021_135_22;sen;3
1328;135/2021;2021_135_22;siitä;1
1328;135/2021;2021_135_22;sijaan;1
1328;135/2021;2021_135_22;sisävedet;1
1328;135/2021;2021_135_22;sitä;1
1328;135/2021;2021_135_22;sote-puolelle;1
1328;135/2021;2021_135_22;strategioiden;1
1328;135/2021;2021_135_22;suomalaisen;2
1328;135/2021;2021_135_22;suomalaisia;1
1328;135/2021;2021_135_22;suomalaisiin;1
1328;135/2021;2021_135_22;suomen;2
1328;135/2021;2021_135_22;suomi;1
1328;135/2021;2021_135_22;suuntaa;1
1328;135/2021;2021_135_22;suuri;1
1328;135/2021;2021_135_22;suuria;1
1328;135/2021;2021_135_22;suurien;1
1328;135/2021;2021_135_22;suurta;1
1328;135/2021;2021_135_22;syövät;1
1328;135/2021;2021_135_22;sählää;1
1328;135/2021;2021_135_22;tai;1
1328;135/2021;2021_135_22;takaamalla;1
1328;135/2021;2021_135_22;takia;1
1328;135/2021;2021_135_22;talman;4
1328;135/2021;2021_135_22;talouden;1
1328;135/2021;2021_135_22;tarina;1
1328;135/2021;2021_135_22;tarjoamisesta;1
1328;135/2021;2021_135_22;tarvitaan;1
1328;135/2021;2021_135_22;tarvitsemme;2
1328;135/2021;2021_135_22;tee;1
1328;135/2021;2021_135_22;tehdä;1
1328;135/2021;2021_135_22;tehostamisessa;1
1328;135/2021;2021_135_22;tehty;1
1328;135/2021;2021_135_22;tehtävämme;1
1328;135/2021;2021_135_22;tekevät;1
1328;135/2021;2021_135_22;teki;2
1328;135/2021;2021_135_22;tekniikka;1
1328;135/2021;2021_135_22;teknologiaa;1
1328;135/2021;2021_135_22;tekoälyn;1
1328;135/2021;2021_135_22;tekoälyä;1
1328;135/2021;2021_135_22;temmattuja;1
1328;135/2021;2021_135_22;tiede;1
1328;135/2021;2021_135_22;tiedon;1
1328;135/2021;2021_135_22;tilaa;1
1328;135/2021;2021_135_22;tinkiä;1
1328;135/2021;2021_135_22;todella;1
1328;135/2021;2021_135_22;toimeksi;1
1328;135/2021;2021_135_22;toimia;1
1328;135/2021;2021_135_22;toimiva;1
1328;135/2021;2021_135_22;toimivat;1
1328;135/2021;2021_135_22;toivoa;1
1328;135/2021;2021_135_22;tuella;1
1328;135/2021;2021_135_22;tuhonneet;1
1328;135/2021;2021_135_22;tulee;1
1328;135/2021;2021_135_22;tulevaan;1
1328;135/2021;2021_135_22;tulevaisuus;1
1328;135/2021;2021_135_22;tulevaisuuteen;1
1328;135/2021;2021_135_22;tuore;1
1328;135/2021;2021_135_22;tuotannon;1
1328;135/2021;2021_135_22;tuotannossa;1
1328;135/2021;2021_135_22;tuotekehitystä;1
1328;135/2021;2021_135_22;tutkimuksen;1
1328;135/2021;2021_135_22;tutkimusta;1
1328;135/2021;2021_135_22;tuttua;1
1328;135/2021;2021_135_22;tuulesta;1
1328;135/2021;2021_135_22;tuulivoima;1
1328;135/2021;2021_135_22;tuulta;1
1328;135/2021;2021_135_22;työmarkkinat;1
1328;135/2021;2021_135_22;työntekijän;1
1328;135/2021;2021_135_22;työpaikkoja;1
1328;135/2021;2021_135_22;työssäkäyviin;1
1328;135/2021;2021_135_22;tähän;1
1328;135/2021;2021_135_22;tällaisia;1
1328;135/2021;2021_135_22;tärkeintä;1
1328;135/2021;2021_135_22;tärkeä;1
1328;135/2021;2021_135_22;tässä;1
1328;135/2021;2021_135_22;tätä;1
1328;135/2021;2021_135_22;unionista;1
1328;135/2021;2021_135_22;urakkaa;1
1328;135/2021;2021_135_22;usko;1
1328;135/2021;2021_135_22;uskoa;1
1328;135/2021;2021_135_22;uusia;1
1328;135/2021;2021_135_22;uusien;1
1328;135/2021;2021_135_22;uusiin;1
1328;135/2021;2021_135_22;uutisia;1
1328;135/2021;2021_135_22;vaikuttaa;3
1328;135/2021;2021_135_22;valintoja;1
1328;135/2021;2021_135_22;valmiiksi;1
1328;135/2021;2021_135_22;valtio;1
1328;135/2021;2021_135_22;valttikortteja;1
1328;135/2021;2021_135_22;valvoa;1
1328;135/2021;2021_135_22;varaan;1
1328;135/2021;2021_135_22;varmasti;1
1328;135/2021;2021_135_22;vauhdilla;2
1328;135/2021;2021_135_22;vauhtia;1
1328;135/2021;2021_135_22;vaurautta;1
1328;135/2021;2021_135_22;velan;1
1328;135/2021;2021_135_22;velka;1
1328;135/2021;2021_135_22;venäjän;1
1328;135/2021;2021_135_22;verotuksen;1
1328;135/2021;2021_135_22;virheen;1
1328;135/2021;2021_135_22;voi;2
1328;135/2021;2021_135_22;voimme;1
1328;135/2021;2021_135_22;vuoteen;1
1328;135/2021;2021_135_22;vähiten;1
1328;135/2021;2021_135_22;wolt-kauppa;1
1328;135/2021;2021_135_22;wärtsilä;1
1328;135/2021;2021_135_22;ydinsukellusveneistä;1
1328;135/2021;2021_135_22;ydinvoima;1
1328;135/2021;2021_135_22;ydinvoimalamme;1
1328;135/2021;2021_135_22;ydinvoimasta;1
1328;135/2021;2021_135_22;yhteiskunnan;1
1328;135/2021;2021_135_22;yhteiskunnassa;1
1328;135/2021;2021_135_22;yllättänyt;1
1328;135/2021;2021_135_22;yrittäjiin;1
1328;135/2021;2021_135_22;yrittäjä;1
1328;135/2021;2021_135_22;yrittäjän;1
1328;135/2021;2021_135_22;yritykset;2
1328;135/2021;2021_135_22;yrityksiin;1
1328;135/2021;2021_135_22;yrityksille;1
1328;135/2021;2021_135_22;yrityksistä;1
1328;135/2021;2021_135_22;yrityksiä;1
1328;135/2021;2021_135_22;yritysten;1
1328;135/2021;2021_135_22;äiti;1
1328;135/2021;2021_135_22;ärade;4
1328;135/2022;2022_135_26;aidosti;1
1328;135/2022;2022_135_26;aikaiseksi;1
1328;135/2022;2022_135_26;aikoina;1
1328;135/2022;2022_135_26;aivan;3
1328;135/2022;2022_135_26;ala;1
1328;135/2022;2022_135_26;alijäämäinen;1
1328;135/2022;2022_135_26;alueelliset;1
1328;135/2022;2022_135_26;antanut;1
1328;135/2022;2022_135_26;arvailla;1
1328;135/2022;2022_135_26;arvoisa;4
1328;135/2022;2022_135_26;arvonlisävero;1
1328;135/2022;2022_135_26;arvonlisäveroa;1
1328;135/2022;2022_135_26;edes;2
1328;135/2022;2022_135_26;ei;5
1328;135/2022;2022_135_26;eikä;1
1328;135/2022;2022_135_26;eivät;1
1328;135/2022;2022_135_26;eli;4
1328;135/2022;2022_135_26;elintarviketeollisuudessa;1
1328;135/2022;2022_135_26;elintarvikkeita;1
1328;135/2022;2022_135_26;emme;2
1328;135/2022;2022_135_26;enemmän;2
1328;135/2022;2022_135_26;ennätystuloksia;1
1328;135/2022;2022_135_26;ennätysvoittoa;1
1328;135/2022;2022_135_26;enää;2
1328;135/2022;2022_135_26;esimerkiksi;1
1328;135/2022;2022_135_26;että;8
1328;135/2022;2022_135_26;etujen;1
1328;135/2022;2022_135_26;etukäteen;1
1328;135/2022;2022_135_26;eun;1
1328;135/2022;2022_135_26;euroopassa;1
1328;135/2022;2022_135_26;hallitukselta;1
1328;135/2022;2022_135_26;hallituksen;2
1328;135/2022;2022_135_26;hallituksessa;1
1328;135/2022;2022_135_26;hallitus;2
1328;135/2022;2022_135_26;hinta;2
1328;135/2022;2022_135_26;hintaa;2
1328;135/2022;2022_135_26;historiansa;1
1328;135/2022;2022_135_26;huolehdi;1
1328;135/2022;2022_135_26;huoltovarmuuden;1
1328;135/2022;2022_135_26;huoltovarmuutta;1
1328;135/2022;2022_135_26;hyvin;1
1328;135/2022;2022_135_26;hyväkseen;1
1328;135/2022;2022_135_26;häikäilemättömästi;1
1328;135/2022;2022_135_26;ilman;1
1328;135/2022;2022_135_26;inflaatio;1
1328;135/2022;2022_135_26;istuu;1
1328;135/2022;2022_135_26;itämerelle;1
1328;135/2022;2022_135_26;itämeren;1
1328;135/2022;2022_135_26;itämerestä;1
1328;135/2022;2022_135_26;ja;30
1328;135/2022;2022_135_26;jatkossa;1
1328;135/2022;2022_135_26;jatkossakin;1
1328;135/2022;2022_135_26;jo;1
1328;135/2022;2022_135_26;johon;1
1328;135/2022;2022_135_26;joille;1
1328;135/2022;2022_135_26;joka;1
1328;135/2022;2022_135_26;jokainen;1
1328;135/2022;2022_135_26;jos;5
1328;135/2022;2022_135_26;jotka;1
1328;135/2022;2022_135_26;kaikki;3
1328;135/2022;2022_135_26;kallistunut;1
1328;135/2022;2022_135_26;kannalta;1
1328;135/2022;2022_135_26;kannatan;1
1328;135/2022;2022_135_26;kartellina;1
1328;135/2022;2022_135_26;kartellista;1
1328;135/2022;2022_135_26;kauan;1
1328;135/2022;2022_135_26;kaupalta;1
1328;135/2022;2022_135_26;kaupan;2
1328;135/2022;2022_135_26;kauppa;3
1328;135/2022;2022_135_26;kauppaa;1
1328;135/2022;2022_135_26;kauppatase;1
1328;135/2022;2022_135_26;kautta;1
1328;135/2022;2022_135_26;kehittävät;1
1328;135/2022;2022_135_26;kehtaa;1
1328;135/2022;2022_135_26;kehuvat;1
1328;135/2022;2022_135_26;keskinäistä;1
1328;135/2022;2022_135_26;keskittynyt;1
1328;135/2022;2022_135_26;keskittynyttä;1
1328;135/2022;2022_135_26;kesko;1
1328;135/2022;2022_135_26;keskusta;1
1328;135/2022;2022_135_26;ketjussa;1
1328;135/2022;2022_135_26;kielletty;1
1328;135/2022;2022_135_26;kilowattitunnilta;1
1328;135/2022;2022_135_26;kilpailu;1
1328;135/2022;2022_135_26;kituvat;1
1328;135/2022;2022_135_26;kohdistaa;1
1328;135/2022;2022_135_26;korkeampi;1
1328;135/2022;2022_135_26;kotimainen;1
1328;135/2022;2022_135_26;kotimaisen;2
1328;135/2022;2022_135_26;kotimaisessa;2
1328;135/2022;2022_135_26;kotimaiset;1
1328;135/2022;2022_135_26;kotimaisia;1
1328;135/2022;2022_135_26;kotimaista;4
1328;135/2022;2022_135_26;kriisissä;1
1328;135/2022;2022_135_26;kristillisten;1
1328;135/2022;2022_135_26;kuin;4
1328;135/2022;2022_135_26;kuitenkaan;1
1328;135/2022;2022_135_26;kuljetukset;1
1328;135/2022;2022_135_26;kuluttajalta;1
1328;135/2022;2022_135_26;kuluttajavirasto;1
1328;135/2022;2022_135_26;kuluttajilla;1
1328;135/2022;2022_135_26;kun;2
1328;135/2022;2022_135_26;kustannuskriisi;1
1328;135/2022;2022_135_26;kuuluu;1
1328;135/2022;2022_135_26;kyllä;1
1328;135/2022;2022_135_26;kysymys;1
1328;135/2022;2022_135_26;kärsitty;1
1328;135/2022;2022_135_26;käsittämättömältä;1
1328;135/2022;2022_135_26;käsittämätöntä;1
1328;135/2022;2022_135_26;käydä;1
1328;135/2022;2022_135_26;käymme;1
1328;135/2022;2022_135_26;käynnissä;1
1328;135/2022;2022_135_26;käyttänyt;1
1328;135/2022;2022_135_26;käyttävät;1
1328;135/2022;2022_135_26;laajenisi;1
1328;135/2022;2022_135_26;laissa;1
1328;135/2022;2022_135_26;lannoitteet;1
1328;135/2022;2022_135_26;lannoitteiden;1
1328;135/2022;2022_135_26;laskea;2
1328;135/2022;2022_135_26;leena;1
1328;135/2022;2022_135_26;lidlin;1
1328;135/2022;2022_135_26;liian;2
1328;135/2022;2022_135_26;lisäksi;1
1328;135/2022;2022_135_26;lisätä;1
1328;135/2022;2022_135_26;luku;1
1328;135/2022;2022_135_26;luvan;1
1328;135/2022;2022_135_26;lähes;1
1328;135/2022;2022_135_26;maailmassa;1
1328;135/2022;2022_135_26;maatalouden;2
1328;135/2022;2022_135_26;maatalous;1
1328;135/2022;2022_135_26;maatalouspolitiikassa;1
1328;135/2022;2022_135_26;maatalouspolitiikkaan;1
1328;135/2022;2022_135_26;maataloustuottajien;1
1328;135/2022;2022_135_26;maataloutta;1
1328;135/2022;2022_135_26;maatilat;1
1328;135/2022;2022_135_26;mahdollista;2
1328;135/2022;2022_135_26;maksavat;1
1328;135/2022;2022_135_26;markkinaosuus;1
1328;135/2022;2022_135_26;meidän;1
1328;135/2022;2022_135_26;meillä;3
1328;135/2022;2022_135_26;meistä;1
1328;135/2022;2022_135_26;mennä;1
1328;135/2022;2022_135_26;menoa;1
1328;135/2022;2022_135_26;meri;1
1328;135/2022;2022_135_26;merikuljetuksista;1
1328;135/2022;2022_135_26;mikä;1
1328;135/2022;2022_135_26;miljardia;1
1328;135/2022;2022_135_26;miljoonasta;2
1328;135/2022;2022_135_26;mitkä;1
1328;135/2022;2022_135_26;mitä;1
1328;135/2022;2022_135_26;mitään;1
1328;135/2022;2022_135_26;monopolista;1
1328;135/2022;2022_135_26;muilla;1
1328;135/2022;2022_135_26;mukaista;1
1328;135/2022;2022_135_26;mutta;4
1328;135/2022;2022_135_26;muuttamaan;1
1328;135/2022;2022_135_26;myymme;1
1328;135/2022;2022_135_26;myös;2
1328;135/2022;2022_135_26;määräävät;1
1328;135/2022;2022_135_26;ne;1
1328;135/2022;2022_135_26;neuvotteluasemaansa;1
1328;135/2022;2022_135_26;niihin;1
1328;135/2022;2022_135_26;niille;1
1328;135/2022;2022_135_26;niin;3
1328;135/2022;2022_135_26;nopeita;1
1328;135/2022;2022_135_26;nousee;2
1328;135/2022;2022_135_26;nyt;2
1328;135/2022;2022_135_26;näin;2
1328;135/2022;2022_135_26;näinä;1
1328;135/2022;2022_135_26;nälkä;1
1328;135/2022;2022_135_26;nälkää;1
1328;135/2022;2022_135_26;nämä;1
1328;135/2022;2022_135_26;näytä;1
1328;135/2022;2022_135_26;ole;1
1328;135/2022;2022_135_26;olla;2
1328;135/2022;2022_135_26;ollenkaan;1
1328;135/2022;2022_135_26;omavarainen;1
1328;135/2022;2022_135_26;omavaraisuuden;1
1328;135/2022;2022_135_26;omavaraisuudesta;1
1328;135/2022;2022_135_26;omavaraisuus;1
1328;135/2022;2022_135_26;omavaraisuuteen;1
1328;135/2022;2022_135_26;omavaraisuutta;1
1328;135/2022;2022_135_26;omia;1
1328;135/2022;2022_135_26;omistusta;1
1328;135/2022;2022_135_26;on;24
1328;135/2022;2022_135_26;osta;1
1328;135/2022;2022_135_26;ostaa;1
1328;135/2022;2022_135_26;ostamaan;1
1328;135/2022;2022_135_26;ostamme;1
1328;135/2022;2022_135_26;ovat;3
1328;135/2022;2022_135_26;pahimmassa;1
1328;135/2022;2022_135_26;paikalliset;1
1328;135/2022;2022_135_26;paljon;1
1328;135/2022;2022_135_26;pidettävä;1
1328;135/2022;2022_135_26;pitäisi;4
1328;135/2022;2022_135_26;pitää;2
1328;135/2022;2022_135_26;pitääkö;1
1328;135/2022;2022_135_26;polttoöljy;1
1328;135/2022;2022_135_26;prosenttia;2
1328;135/2022;2022_135_26;prosenttiin;1
1328;135/2022;2022_135_26;prosenttisesti;1
1328;135/2022;2022_135_26;puhemies;4
1328;135/2022;2022_135_26;puhevaltaa;1
1328;135/2022;2022_135_26;puhutaan;2
1328;135/2022;2022_135_26;pulaa;1
1328;135/2022;2022_135_26;puolesta;1
1328;135/2022;2022_135_26;puuttumaan;1
1328;135/2022;2022_135_26;puuttuu;1
1328;135/2022;2022_135_26;pyrkiä;1
1328;135/2022;2022_135_26;pysty;1
1328;135/2022;2022_135_26;pystyvät;1
1328;135/2022;2022_135_26;pystyy;1
1328;135/2022;2022_135_26;päätöksiä;1
1328;135/2022;2022_135_26;rahallisesti;1
1328;135/2022;2022_135_26;rahtilaivoista;1
1328;135/2022;2022_135_26;riippuvainen;1
1328;135/2022;2022_135_26;riittävästä;1
1328;135/2022;2022_135_26;riitä;1
1328;135/2022;2022_135_26;ruokaa;3
1328;135/2022;2022_135_26;ruokakaupassa;1
1328;135/2022;2022_135_26;ruokakauppa;1
1328;135/2022;2022_135_26;ruuan;5
1328;135/2022;2022_135_26;ruuantuotanto;1
1328;135/2022;2022_135_26;ruuassa;1
1328;135/2022;2022_135_26;ruuasta;2
1328;135/2022;2022_135_26;s-ryhmä;1
1328;135/2022;2022_135_26;saa;1
1328;135/2022;2022_135_26;saada;1
1328;135/2022;2022_135_26;saarella;1
1328;135/2022;2022_135_26;saari;1
1328;135/2022;2022_135_26;saksalaisen;1
1328;135/2022;2022_135_26;sataprosenttiseen;1
1328;135/2022;2022_135_26;se;6
1328;135/2022;2022_135_26;sellainen;1
1328;135/2022;2022_135_26;sen;3
1328;135/2022;2022_135_26;sentin;1
1328;135/2022;2022_135_26;seuraisi;1
1328;135/2022;2022_135_26;siihen;2
1328;135/2022;2022_135_26;siinä;2
1328;135/2022;2022_135_26;siitä;3
1328;135/2022;2022_135_26;siksi;1
1328;135/2022;2022_135_26;sitä;2
1328;135/2022;2022_135_26;sota;1
1328;135/2022;2022_135_26;suomalaiset;2
1328;135/2022;2022_135_26;suomen;1
1328;135/2022;2022_135_26;suomessa;1
1328;135/2022;2022_135_26;suomesta;1
1328;135/2022;2022_135_26;suomi;1
1328;135/2022;2022_135_26;suoraan;1
1328;135/2022;2022_135_26;syytöksiä;1
1328;135/2022;2022_135_26;syövät;1
1328;135/2022;2022_135_26;sähkökatkoista;1
1328;135/2022;2022_135_26;sähkölaskuissa;1
1328;135/2022;2022_135_26;sähkön;3
1328;135/2022;2022_135_26;säilyy;1
1328;135/2022;2022_135_26;tahdin;1
1328;135/2022;2022_135_26;talman;4
1328;135/2022;2022_135_26;talvena;2
1328;135/2022;2022_135_26;tapahtuisi;1
1328;135/2022;2022_135_26;tavaraa;1
1328;135/2022;2022_135_26;tekee;2
1328;135/2022;2022_135_26;teollisuudelta;1
1328;135/2022;2022_135_26;teollisuuden;1
1328;135/2022;2022_135_26;tilanne;1
1328;135/2022;2022_135_26;tilannetta;2
1328;135/2022;2022_135_26;toimenpiteitä;1
1328;135/2022;2022_135_26;toimia;2
1328;135/2022;2022_135_26;toimimaan;1
1328;135/2022;2022_135_26;toimintaansa;1
1328;135/2022;2022_135_26;toimivat;1
1328;135/2022;2022_135_26;tukea;3
1328;135/2022;2022_135_26;tukia;1
1328;135/2022;2022_135_26;tulee;2
1328;135/2022;2022_135_26;tulevana;2
1328;135/2022;2022_135_26;tuntuu;1
1328;135/2022;2022_135_26;tuontia;1
1328;135/2022;2022_135_26;tuotantoa;1
1328;135/2022;2022_135_26;tuottaa;1
1328;135/2022;2022_135_26;tuottajan;1
1328;135/2022;2022_135_26;tuottajat;2
1328;135/2022;2022_135_26;tuottajien;1
1328;135/2022;2022_135_26;tuottajiin;1
1328;135/2022;2022_135_26;tuottajilla;1
1328;135/2022;2022_135_26;tuottamaan;1
1328;135/2022;2022_135_26;tämä;1
1328;135/2022;2022_135_26;täysin;2
1328;135/2022;2022_135_26;täällä;1
1328;135/2022;2022_135_26;ulkomailta;1
1328;135/2022;2022_135_26;vaadi;1
1328;135/2022;2022_135_26;vaan;2
1328;135/2022;2022_135_26;vaarantuvat;1
1328;135/2022;2022_135_26;vaatii;3
1328;135/2022;2022_135_26;vaikeuksissa;1
1328;135/2022;2022_135_26;vaikka;1
1328;135/2022;2022_135_26;vaikuttaa;3
1328;135/2022;2022_135_26;vain;1
1328;135/2022;2022_135_26;varaa;3
1328;135/2022;2022_135_26;varoitettu;1
1328;135/2022;2022_135_26;vastuu;1
1328;135/2022;2022_135_26;vastuulla;2
1328;135/2022;2022_135_26;vastuullista;1
1328;135/2022;2022_135_26;vastuunkantoa;2
1328;135/2022;2022_135_26;vastuuta;1
1328;135/2022;2022_135_26;vihervasemmistolainen;1
1328;135/2022;2022_135_26;viljasta;1
1328;135/2022;2022_135_26;viljelijöitä;1
1328;135/2022;2022_135_26;vilu;1
1328;135/2022;2022_135_26;vilua;1
1328;135/2022;2022_135_26;voi;4
1328;135/2022;2022_135_26;voimme;1
1328;135/2022;2022_135_26;voisi;1
1328;135/2022;2022_135_26;vähintään;1
1328;135/2022;2022_135_26;välikysymystä;1
1328;135/2022;2022_135_26;yksinäinen;1
1328;135/2022;2022_135_26;yli;1
1328;135/2022;2022_135_26;ymmärtävän;1
1328;135/2022;2022_135_26;yrittäjät;1
1328;135/2022;2022_135_26;yrityksiä;1
1328;135/2022;2022_135_26;ärade;4
1328;136/2020;2020_136_68;aikana;1
1328;136/2020;2020_136_68;arvon;1
1328;136/2020;2020_136_68;erään;1
1328;136/2020;2020_136_68;että;1
1328;136/2020;2020_136_68;hallituksen;1
1328;136/2020;2020_136_68;harkitsevat;1
1328;136/2020;2020_136_68;he;1
1328;136/2020;2020_136_68;investoida;2
1328;136/2020;2020_136_68;investoinnit;1
1328;136/2020;2020_136_68;investointeja;1
1328;136/2020;2020_136_68;ja;3
1328;136/2020;2020_136_68;jäsenen;1
1328;136/2020;2020_136_68;kanssa;1
1328;136/2020;2020_136_68;keski-eurooppaan;1
1328;136/2020;2020_136_68;kuitenkin;1
1328;136/2020;2020_136_68;luoneet;1
1328;136/2020;2020_136_68;luottamus;1
1328;136/2020;2020_136_68;meinaatte;1
1328;136/2020;2020_136_68;mennä;1
1328;136/2020;2020_136_68;miettivät;1
1328;136/2020;2020_136_68;mitä;1
1328;136/2020;2020_136_68;mukaan;1
1328;136/2020;2020_136_68;myös;1
1328;136/2020;2020_136_68;näitä;1
1328;136/2020;2020_136_68;olette;1
1328;136/2020;2020_136_68;ovat;1
1328;136/2020;2020_136_68;palautuu;1
1328;136/2020;2020_136_68;pandemian;1
1328;136/2020;2020_136_68;pitääkö;1
1328;136/2020;2020_136_68;puheillanne;1
1328;136/2020;2020_136_68;puhemies;1
1328;136/2020;2020_136_68;puhuin;1
1328;136/2020;2020_136_68;pääministeri;2
1328;136/2020;2020_136_68;sen;1
1328;136/2020;2020_136_68;suomeen;2
1328;136/2020;2020_136_68;suomessa;1
1328;136/2020;2020_136_68;suuryrityksen;1
1328;136/2020;2020_136_68;synnyt;1
1328;136/2020;2020_136_68;takia;2
1328;136/2020;2020_136_68;tarvitsemme;1
1328;136/2020;2020_136_68;tehdä;1
1328;136/2020;2020_136_68;tulevaisuudessa;1
1328;136/2020;2020_136_68;työpaikkoja;1
1328;136/2020;2020_136_68;työpaikkojen;1
1328;136/2020;2020_136_68;tämän;2
1328;136/2020;2020_136_68;uskaltaako;2
1328;136/2020;2020_136_68;uusien;1
1328;136/2020;2020_136_68;vai;1
1328;136/2020;2020_136_68;vastakkainasettelua;1
1328;136/2020;2020_136_68;viikolla;1
1328;136/2020;2020_136_68;viime;1
1328;136/2020;2020_136_68;vähentyneet;1
1328;136/2020;2020_136_68;välillä;1
1328;136/2020;2020_136_68;yrittäjien;1
1328;136/2020;2020_136_68;yrittäjät;1
1328;136/2020;2020_136_68;yrityksiin;1
1328;136/2020;2020_136_68;yritysten;1
1328;136/2021;2021_136_85;aiheesta;1
1328;136/2021;2021_136_85;aivan;1
1328;136/2021;2021_136_85;ajattelitte;1
1328;136/2021;2021_136_85;annettiin;1
1328;136/2021;2021_136_85;antoi;1
1328;136/2021;2021_136_85;arvoisa;1
1328;136/2021;2021_136_85;edes;2
1328;136/2021;2021_136_85;ei;3
1328;136/2021;2021_136_85;ensimmäinen;1
1328;136/2021;2021_136_85;enää;1
1328;136/2021;2021_136_85;haatainen;3
1328;136/2021;2021_136_85;hallituksen;1
1328;136/2021;2021_136_85;hankkia;1
1328;136/2021;2021_136_85;heille;1
1328;136/2021;2021_136_85;hinnalla;1
1328;136/2021;2021_136_85;hoitajille;1
1328;136/2021;2021_136_85;huoltovarmuuskeskukselle;2
1328;136/2021;2021_136_85;hvkn;1
1328;136/2021;2021_136_85;hyvänsä;1
1328;136/2021;2021_136_85;ja;5
1328;136/2021;2021_136_85;jossa;1
1328;136/2021;2021_136_85;jotta;1
1328;136/2021;2021_136_85;jälkeen;1
1328;136/2021;2021_136_85;kaiken;1
1328;136/2021;2021_136_85;kantaa;1
1328;136/2021;2021_136_85;kantoivat;1
1328;136/2021;2021_136_85;kertomaan;1
1328;136/2021;2021_136_85;kesken;1
1328;136/2021;2021_136_85;keväällä;1
1328;136/2021;2021_136_85;kiuru;1
1328;136/2021;2021_136_85;koko;1
1328;136/2021;2021_136_85;kolme;1
1328;136/2021;2021_136_85;koputtaa;1
1328;136/2021;2021_136_85;korona;1
1328;136/2021;2021_136_85;kukaan;1
1328;136/2021;2021_136_85;kun;1
1328;136/2021;2021_136_85;kunnollista;1
1328;136/2021;2021_136_85;kuten;1
1328;136/2021;2021_136_85;kuvattua;1
1328;136/2021;2021_136_85;lailla;1
1328;136/2021;2021_136_85;lasti;1
1328;136/2021;2021_136_85;lehtihaastattelun;1
1328;136/2021;2021_136_85;lentokentältä;1
1328;136/2021;2021_136_85;lopulta;1
1328;136/2021;2021_136_85;maailmaa;1
1328;136/2021;2021_136_85;maailmalta;1
1328;136/2021;2021_136_85;marin;1
1328;136/2021;2021_136_85;maskeja;2
1328;136/2021;2021_136_85;media;1
1328;136/2021;2021_136_85;menivät;1
1328;136/2021;2021_136_85;millä;1
1328;136/2021;2021_136_85;ministereistä;1
1328;136/2021;2021_136_85;ministeri;4
1328;136/2021;2021_136_85;ministerien;1
1328;136/2021;2021_136_85;miten;1
1328;136/2021;2021_136_85;mitään;1
1328;136/2021;2021_136_85;muista;1
1328;136/2021;2021_136_85;muisti;1
1328;136/2021;2021_136_85;mukana;1
1328;136/2021;2021_136_85;nopeasti;1
1328;136/2021;2021_136_85;nyt;2
1328;136/2021;2021_136_85;nähty;1
1328;136/2021;2021_136_85;oli;3
1328;136/2021;2021_136_85;olla;1
1328;136/2021;2021_136_85;oman;1
1328;136/2021;2021_136_85;on;1
1328;136/2021;2021_136_85;paikalle;1
1328;136/2021;2021_136_85;painettiin;1
1328;136/2021;2021_136_85;palailee;1
1328;136/2021;2021_136_85;palaverissa;1
1328;136/2021;2021_136_85;paniikki;1
1328;136/2021;2021_136_85;pekoselle;1
1328;136/2021;2021_136_85;piti;2
1328;136/2021;2021_136_85;poliittisen;1
1328;136/2021;2021_136_85;potkut;3
1328;136/2021;2021_136_85;puhemies;2
1328;136/2021;2021_136_85;pätkittäin;1
1328;136/2021;2021_136_85;päällä;1
1328;136/2021;2021_136_85;pääministeri;1
1328;136/2021;2021_136_85;riittänyt;1
1328;136/2021;2021_136_85;runteli;1
1328;136/2021;2021_136_85;saada;1
1328;136/2021;2021_136_85;saataisiin;1
1328;136/2021;2021_136_85;saavutuksista;1
1328;136/2021;2021_136_85;sai;1
1328;136/2021;2021_136_85;sairaanhoitopiireillä;1
1328;136/2021;2021_136_85;sekaisin;1
1328;136/2021;2021_136_85;sekundaa;1
1328;136/2021;2021_136_85;sieltä;1
1328;136/2021;2021_136_85;sitten;1
1328;136/2021;2021_136_85;sotkusta;1
1328;136/2021;2021_136_85;suojavälineitä;1
1328;136/2021;2021_136_85;sutta;1
1328;136/2021;2021_136_85;talman;1
1328;136/2021;2021_136_85;toimitusjohtajalle;1
1328;136/2021;2021_136_85;toivottavasti;1
1328;136/2021;2021_136_85;tuli;1
1328;136/2021;2021_136_85;turhaan;1
1328;136/2021;2021_136_85;twitteriin;1
1328;136/2021;2021_136_85;tämän;1
1328;136/2021;2021_136_85;tärkeintä;1
1328;136/2021;2021_136_85;tästä;1
1328;136/2021;2021_136_85;täysin;1
1328;136/2021;2021_136_85;vaikka;1
1328;136/2021;2021_136_85;varastossa;1
1328;136/2021;2021_136_85;vastuu;1
1328;136/2021;2021_136_85;vastuunne;1
1328;136/2021;2021_136_85;vastuunsa;1
1328;136/2021;2021_136_85;vastuut;1
1328;136/2021;2021_136_85;vastuuta;1
1328;136/2021;2021_136_85;vieritti;1
1328;136/2021;2021_136_85;viime;1
1328;136/2021;2021_136_85;virkamiehet;1
1328;136/2021;2021_136_85;virkamiestä;1
1328;136/2021;2021_136_85;vuoden;1
1328;136/2021;2021_136_85;yhteensä;1
1328;136/2021;2021_136_85;yhtä;1
1328;136/2021;2021_136_85;ärade;1
1328;136/2022;2022_136_24;aamulla;1
1328;136/2022;2022_136_24;allokoida;1
1328;136/2022;2022_136_24;allokoinut;1
1328;136/2022;2022_136_24;arvoisa;1
1328;136/2022;2022_136_24;budjetista;1
1328;136/2022;2022_136_24;edes;1
1328;136/2022;2022_136_24;ei;1
1328;136/2022;2022_136_24;eilen;1
1328;136/2022;2022_136_24;eivät;1
1328;136/2022;2022_136_24;ettekö;1
1328;136/2022;2022_136_24;että;7
1328;136/2022;2022_136_24;hakea;1
1328;136/2022;2022_136_24;hintakattoa;1
1328;136/2022;2022_136_24;hän;8
1328;136/2022;2022_136_24;hänellä;1
1328;136/2022;2022_136_24;ja;2
1328;136/2022;2022_136_24;joka;2
1328;136/2022;2022_136_24;joko;1
1328;136/2022;2022_136_24;jos;1
1328;136/2022;2022_136_24;joutuu;1
1328;136/2022;2022_136_24;kaksi;1
1328;136/2022;2022_136_24;kela-korvauksia;1
1328;136/2022;2022_136_24;kela-korvauksiin;1
1328;136/2022;2022_136_24;kerran;1
1328;136/2022;2022_136_24;kertoi;1
1328;136/2022;2022_136_24;koska;2
1328;136/2022;2022_136_24;kouluun;1
1328;136/2022;2022_136_24;kuinka;1
1328;136/2022;2022_136_24;kumman;1
1328;136/2022;2022_136_24;kun;1
1328;136/2022;2022_136_24;kylmänä;2
1328;136/2022;2022_136_24;kysyin;1
1328;136/2022;2022_136_24;kysymys;1
1328;136/2022;2022_136_24;laittaa;1
1328;136/2022;2022_136_24;laittamassa;1
1328;136/2022;2022_136_24;lapset;1
1328;136/2022;2022_136_24;laskunsa;1
1328;136/2022;2022_136_24;lintilä;1
1328;136/2022;2022_136_24;loppuun;1
1328;136/2022;2022_136_24;lämmittelemään;1
1328;136/2022;2022_136_24;mahdollista;1
1328;136/2022;2022_136_24;maksaa;2
1328;136/2022;2022_136_24;maksamaan;1
1328;136/2022;2022_136_24;ministeri;1
1328;136/2022;2022_136_24;minulle;1
1328;136/2022;2022_136_24;miten;1
1328;136/2022;2022_136_24;mitään;1
1328;136/2022;2022_136_24;mutta;1
1328;136/2022;2022_136_24;niin;1
1328;136/2022;2022_136_24;näiden;1
1328;136/2022;2022_136_24;näihin;1
1328;136/2022;2022_136_24;olette;3
1328;136/2022;2022_136_24;on;3
1328;136/2022;2022_136_24;osan;1
1328;136/2022;2022_136_24;perheenisä;1
1328;136/2022;2022_136_24;pitää;2
1328;136/2022;2022_136_24;puhemies;1
1328;136/2022;2022_136_24;pääsevät;1
1328;136/2022;2022_136_24;sanoi;1
1328;136/2022;2022_136_24;sanoitte;1
1328;136/2022;2022_136_24;sanonut;1
1328;136/2022;2022_136_24;se;1
1328;136/2022;2022_136_24;sen;1
1328;136/2022;2022_136_24;siihen;1
1328;136/2022;2022_136_24;silloin;1
1328;136/2022;2022_136_24;sinne;1
1328;136/2022;2022_136_24;sitten;3
1328;136/2022;2022_136_24;soitti;1
1328;136/2022;2022_136_24;suuren;1
1328;136/2022;2022_136_24;sähkölaskuihin;1
1328;136/2022;2022_136_24;sähkölaskunsa;1
1328;136/2022;2022_136_24;sähköön;1
1328;136/2022;2022_136_24;tai;1
1328;136/2022;2022_136_24;talman;1
1328;136/2022;2022_136_24;talonsa;2
1328;136/2022;2022_136_24;tappion;1
1328;136/2022;2022_136_24;tappiota;1
1328;136/2022;2022_136_24;te;2
1328;136/2022;2022_136_24;tee;1
1328;136/2022;2022_136_24;tekevät;1
1328;136/2022;2022_136_24;toinen;1
1328;136/2022;2022_136_24;tottunut;1
1328;136/2022;2022_136_24;tähän;1
1328;136/2022;2022_136_24;tämän;1
1328;136/2022;2022_136_24;tänään;1
1328;136/2022;2022_136_24;tätä;1
1328;136/2022;2022_136_24;vaihtoehtoa;1
1328;136/2022;2022_136_24;valitsee;2
1328;136/2022;2022_136_24;valtio;1
1328;136/2022;2022_136_24;verottaa;1
1328;136/2022;2022_136_24;vielä;1
1328;136/2022;2022_136_24;voi;3
1328;136/2022;2022_136_24;voittoa;1
1328;136/2022;2022_136_24;voittoja;2
1328;136/2022;2022_136_24;windfall-veroa;1
1328;136/2022;2022_136_24;yhtiöiden;2
1328;136/2022;2022_136_24;yhtiöt;2
1328;136/2022;2022_136_24;ärade;1
1328;136/2024;2024_136_18;aikaa;1
1328;136/2024;2024_136_18;aikana;1
1328;136/2024;2024_136_18;aikoja;1
1328;136/2024;2024_136_18;aivan;2
1328;136/2024;2024_136_18;ajanjaksoa;1
1328;136/2024;2024_136_18;ajanpeluu;1
1328;136/2024;2024_136_18;alkuunkaan;1
1328;136/2024;2024_136_18;alla;1
1328;136/2024;2024_136_18;apua;1
1328;136/2024;2024_136_18;arvailla;1
1328;136/2024;2024_136_18;arvo;1
1328;136/2024;2024_136_18;arvoisa;6
1328;136/2024;2024_136_18;asioita;1
1328;136/2024;2024_136_18;autan;1
1328;136/2024;2024_136_18;avulla;1
1328;136/2024;2024_136_18;avutonta;1
1328;136/2024;2024_136_18;bruttokansantuotteeseen;1
1328;136/2024;2024_136_18;budjetit;1
1328;136/2024;2024_136_18;ei;11
1328;136/2024;2024_136_18;eivät;3
1328;136/2024;2024_136_18;eli;1
1328;136/2024;2024_136_18;eniten;1
1328;136/2024;2024_136_18;ennätystahtiin;1
1328;136/2024;2024_136_18;ensi;1
1328;136/2024;2024_136_18;erittäin;1
1328;136/2024;2024_136_18;erityisesti;1
1328;136/2024;2024_136_18;esittävät;1
1328;136/2024;2024_136_18;että;7
1328;136/2024;2024_136_18;eun;1
1328;136/2024;2024_136_18;euroa;2
1328;136/2024;2024_136_18;euroopan;1
1328;136/2024;2024_136_18;eussa;1
1328;136/2024;2024_136_18;haetaan;1
1328;136/2024;2024_136_18;hallitukseen;1
1328;136/2024;2024_136_18;hallituksen;4
1328;136/2024;2024_136_18;hallitus;5
1328;136/2024;2024_136_18;hallituskausien;1
1328;136/2024;2024_136_18;he;3
1328;136/2024;2024_136_18;heillä;1
1328;136/2024;2024_136_18;hengestä;1
1328;136/2024;2024_136_18;hirveä;1
1328;136/2024;2024_136_18;hoitoa;1
1328;136/2024;2024_136_18;hoivaa;1
1328;136/2024;2024_136_18;huolimatta;1
1328;136/2024;2024_136_18;huonointa;1
1328;136/2024;2024_136_18;hyvinvoinnin;1
1328;136/2024;2024_136_18;hyvinvointi;1
1328;136/2024;2024_136_18;hyvinvointipalvelujen;3
1328;136/2024;2024_136_18;hyvä;2
1328;136/2024;2024_136_18;ihmiset;2
1328;136/2024;2024_136_18;ihmisille;1
1328;136/2024;2024_136_18;ihmisiä;1
1328;136/2024;2024_136_18;ihmisten;1
1328;136/2024;2024_136_18;ikänsä;1
1328;136/2024;2024_136_18;ilman;1
1328;136/2024;2024_136_18;investoinnit;1
1328;136/2024;2024_136_18;investointibuumi;1
1328;136/2024;2024_136_18;itse;3
1328;136/2024;2024_136_18;itsekin;1
1328;136/2024;2024_136_18;itsensä;1
1328;136/2024;2024_136_18;ja;23
1328;136/2024;2024_136_18;jatkuva;1
1328;136/2024;2024_136_18;johon;1
1328;136/2024;2024_136_18;joiden;1
1328;136/2024;2024_136_18;jokainen;1
1328;136/2024;2024_136_18;jos;3
1328;136/2024;2024_136_18;julkisen;2
1328;136/2024;2024_136_18;julkista;2
1328;136/2024;2024_136_18;järjestelmä;1
1328;136/2024;2024_136_18;kahdeksan;1
1328;136/2024;2024_136_18;kaiken;1
1328;136/2024;2024_136_18;kaikilla;1
1328;136/2024;2024_136_18;kaikki;2
1328;136/2024;2024_136_18;kalliiksi;2
1328;136/2024;2024_136_18;kansan;1
1328;136/2024;2024_136_18;kanssa;1
1328;136/2024;2024_136_18;kantaa;1
1328;136/2024;2024_136_18;kantavan;1
1328;136/2024;2024_136_18;karanneet;1
1328;136/2024;2024_136_18;kasvanut;1
1328;136/2024;2024_136_18;kasvavat;2
1328;136/2024;2024_136_18;kasvu;3
1328;136/2024;2024_136_18;kasvun;1
1328;136/2024;2024_136_18;kasvussa;1
1328;136/2024;2024_136_18;keinoa;1
1328;136/2024;2024_136_18;kiihtyy;1
1328;136/2024;2024_136_18;kiinni;2
1328;136/2024;2024_136_18;kilpailukyky;1
1328;136/2024;2024_136_18;kirjoitetaan;1
1328;136/2024;2024_136_18;koko;2
1328;136/2024;2024_136_18;kokoomukseen;1
1328;136/2024;2024_136_18;konkursseja;1
1328;136/2024;2024_136_18;konkurssit;1
1328;136/2024;2024_136_18;korkotasoon;1
1328;136/2024;2024_136_18;korkotasosta;1
1328;136/2024;2024_136_18;kuin;3
1328;136/2024;2024_136_18;kuinka;2
1328;136/2024;2024_136_18;kuka;1
1328;136/2024;2024_136_18;kulut;1
1328;136/2024;2024_136_18;kun;3
1328;136/2024;2024_136_18;kuntoon;1
1328;136/2024;2024_136_18;kyllä;1
1328;136/2024;2024_136_18;kysymys;1
1328;136/2024;2024_136_18;käsistä;1
1328;136/2024;2024_136_18;käynyt;1
1328;136/2024;2024_136_18;laitetaan;1
1328;136/2024;2024_136_18;laittomasti;1
1328;136/2024;2024_136_18;liike;1
1328;136/2024;2024_136_18;lisää;2
1328;136/2024;2024_136_18;lisääntyy;1
1328;136/2024;2024_136_18;luottaa;1
1328;136/2024;2024_136_18;luottamaan;1
1328;136/2024;2024_136_18;luottamuksesta;1
1328;136/2024;2024_136_18;luottamus;2
1328;136/2024;2024_136_18;lupasitte;1
1328;136/2024;2024_136_18;lupauksista;1
1328;136/2024;2024_136_18;luvata;1
1328;136/2024;2024_136_18;lähes;1
1328;136/2024;2024_136_18;maailmassa;1
1328;136/2024;2024_136_18;maalannut;1
1328;136/2024;2024_136_18;maksa;1
1328;136/2024;2024_136_18;maksaneet;1
1328;136/2024;2024_136_18;meillä;4
1328;136/2024;2024_136_18;menettänyt;1
1328;136/2024;2024_136_18;mennyt;1
1328;136/2024;2024_136_18;meno;1
1328;136/2024;2024_136_18;merkittävä;1
1328;136/2024;2024_136_18;mielestänne;1
1328;136/2024;2024_136_18;mietinnössä;1
1328;136/2024;2024_136_18;mikään;2
1328;136/2024;2024_136_18;miljardi;2
1328;136/2024;2024_136_18;miljardia;1
1328;136/2024;2024_136_18;ministerit;1
1328;136/2024;2024_136_18;minäpä;1
1328;136/2024;2024_136_18;miten;1
1328;136/2024;2024_136_18;mittareilla;1
1328;136/2024;2024_136_18;mitä;2
1328;136/2024;2024_136_18;mitään;1
1328;136/2024;2024_136_18;muiden;1
1328;136/2024;2024_136_18;murenee;1
1328;136/2024;2024_136_18;mutta;2
1328;136/2024;2024_136_18;muuta;2
1328;136/2024;2024_136_18;muutosta;1
1328;136/2024;2024_136_18;myös;2
1328;136/2024;2024_136_18;neljä;1
1328;136/2024;2024_136_18;niin;2
1328;136/2024;2024_136_18;niitä;1
1328;136/2024;2024_136_18;no;1
1328;136/2024;2024_136_18;nollakorkojen;1
1328;136/2024;2024_136_18;nurkkaan;1
1328;136/2024;2024_136_18;nykyinen;1
1328;136/2024;2024_136_18;nyt;3
1328;136/2024;2024_136_18;näistä;1
1328;136/2024;2024_136_18;nämä;1
1328;136/2024;2024_136_18;näyttääkö;1
1328;136/2024;2024_136_18;näytä;1
1328;136/2024;2024_136_18;ohjelmasta;1
1328;136/2024;2024_136_18;oikeastaan;1
1328;136/2024;2024_136_18;oikeasti;1
1328;136/2024;2024_136_18;oikeus;1
1328;136/2024;2024_136_18;ole;3
1328;136/2024;2024_136_18;olisi;1
1328;136/2024;2024_136_18;olla;1
1328;136/2024;2024_136_18;olleet;1
1328;136/2024;2024_136_18;ollut;2
1328;136/2024;2024_136_18;omasta;1
1328;136/2024;2024_136_18;on;22
1328;136/2024;2024_136_18;orpo;1
1328;136/2024;2024_136_18;orpon;1
1328;136/2024;2024_136_18;osa;1
1328;136/2024;2024_136_18;osoitus;1
1328;136/2024;2024_136_18;otetaan;1
1328;136/2024;2024_136_18;ovat;8
1328;136/2024;2024_136_18;pahnanpohjimmainen;1
1328;136/2024;2024_136_18;painopisteet;1
1328;136/2024;2024_136_18;palkat;1
1328;136/2024;2024_136_18;palvelut;1
1328;136/2024;2024_136_18;parantaa;1
1328;136/2024;2024_136_18;paremmat;1
1328;136/2024;2024_136_18;pelastaa;1
1328;136/2024;2024_136_18;pelataan;1
1328;136/2024;2024_136_18;perusteella;1
1328;136/2024;2024_136_18;pidä;2
1328;136/2024;2024_136_18;pienenevät;1
1328;136/2024;2024_136_18;piti;3
1328;136/2024;2024_136_18;pitkäjänteisen;1
1328;136/2024;2024_136_18;pitänyt;1
1328;136/2024;2024_136_18;pohja;1
1328;136/2024;2024_136_18;pohjasakkaa;1
1328;136/2024;2024_136_18;pohjoismaiden;1
1328;136/2024;2024_136_18;pois;1
1328;136/2024;2024_136_18;prosentin;1
1328;136/2024;2024_136_18;pudotuksessa;1
1328;136/2024;2024_136_18;puhemies;6
1328;136/2024;2024_136_18;puhua;1
1328;136/2024;2024_136_18;puolet;1
1328;136/2024;2024_136_18;puolueet;1
1328;136/2024;2024_136_18;purra;1
1328;136/2024;2024_136_18;pystyttävä;1
1328;136/2024;2024_136_18;pyöritetty;1
1328;136/2024;2024_136_18;päinvastoin;1
1328;136/2024;2024_136_18;päällä;1
1328;136/2024;2024_136_18;pääministeri;1
1328;136/2024;2024_136_18;päätellä;1
1328;136/2024;2024_136_18;rikki;1
1328;136/2024;2024_136_18;saa;2
1328;136/2024;2024_136_18;saavat;1
1328;136/2024;2024_136_18;sanoa;1
1328;136/2024;2024_136_18;se;2
1328;136/2024;2024_136_18;sen;3
1328;136/2024;2024_136_18;seuraavasti;1
1328;136/2024;2024_136_18;siihen;2
1328;136/2024;2024_136_18;siitä;3
1328;136/2024;2024_136_18;silloin;1
1328;136/2024;2024_136_18;siltä;1
1328;136/2024;2024_136_18;sitten;2
1328;136/2024;2024_136_18;sitä;3
1328;136/2024;2024_136_18;sortumassa;1
1328;136/2024;2024_136_18;sote;1
1328;136/2024;2024_136_18;sote-alueet;1
1328;136/2024;2024_136_18;sote-näytelmä;1
1328;136/2024;2024_136_18;sote-palvelujen;1
1328;136/2024;2024_136_18;soteen;1
1328;136/2024;2024_136_18;suhdanteista;2
1328;136/2024;2024_136_18;suhteessa;1
1328;136/2024;2024_136_18;suomalaisille;2
1328;136/2024;2024_136_18;suomalaisten;1
1328;136/2024;2024_136_18;suomen;2
1328;136/2024;2024_136_18;suomi;3
1328;136/2024;2024_136_18;suunnitelman;1
1328;136/2024;2024_136_18;suunta;1
1328;136/2024;2024_136_18;tai;1
1328;136/2024;2024_136_18;taittaa;1
1328;136/2024;2024_136_18;takaa;1
1328;136/2024;2024_136_18;talman;6
1328;136/2024;2024_136_18;taloudellinen;3
1328;136/2024;2024_136_18;talouden;3
1328;136/2024;2024_136_18;talous;3
1328;136/2024;2024_136_18;talouskasvu;5
1328;136/2024;2024_136_18;talouskasvun;1
1328;136/2024;2024_136_18;talouspolitiikan;2
1328;136/2024;2024_136_18;taloutta;1
1328;136/2024;2024_136_18;tappiota;1
1328;136/2024;2024_136_18;tarkoittaa;1
1328;136/2024;2024_136_18;tarvitsee;1
1328;136/2024;2024_136_18;tarvitsemme;1
1328;136/2024;2024_136_18;tarvitsevat;1
1328;136/2024;2024_136_18;tasapainoa;1
1328;136/2024;2024_136_18;tasapainossa;1
1328;136/2024;2024_136_18;tavoitteesta;1
1328;136/2024;2024_136_18;tavoitteet;1
1328;136/2024;2024_136_18;tavoitteista;2
1328;136/2024;2024_136_18;tavoitteita;1
1328;136/2024;2024_136_18;tehneet;1
1328;136/2024;2024_136_18;tehnyt;1
1328;136/2024;2024_136_18;tekemässä;1
1328;136/2024;2024_136_18;terveydestä;1
1328;136/2024;2024_136_18;tiedätte;1
1328;136/2024;2024_136_18;tietävät;1
1328;136/2024;2024_136_18;todella;1
1328;136/2024;2024_136_18;todellakaan;1
1328;136/2024;2024_136_18;toimii;1
1328;136/2024;2024_136_18;toimintaa;1
1328;136/2024;2024_136_18;toimintakykynsä;1
1328;136/2024;2024_136_18;toimintakyvytön;1
1328;136/2024;2024_136_18;toteudu;2
1328;136/2024;2024_136_18;toteutumaan;1
1328;136/2024;2024_136_18;tukijalkaa;1
1328;136/2024;2024_136_18;tule;1
1328;136/2024;2024_136_18;tulee;4
1328;136/2024;2024_136_18;tulevaisuutta;1
1328;136/2024;2024_136_18;tuli;2
1328;136/2024;2024_136_18;tulisi;1
1328;136/2024;2024_136_18;tulla;2
1328;136/2024;2024_136_18;tuo;1
1328;136/2024;2024_136_18;tuovat;1
1328;136/2024;2024_136_18;turha;1
1328;136/2024;2024_136_18;turvaaminen;3
1328;136/2024;2024_136_18;työllistä;1
1328;136/2024;2024_136_18;työllisyyden;1
1328;136/2024;2024_136_18;työllisyys;3
1328;136/2024;2024_136_18;työllisyysprosentin;1
1328;136/2024;2024_136_18;työllisyyttä;1
1328;136/2024;2024_136_18;työpaikkoja;1
1328;136/2024;2024_136_18;työttömiä;1
1328;136/2024;2024_136_18;työttömyys;1
1328;136/2024;2024_136_18;työttömyysmenot;1
1328;136/2024;2024_136_18;työtöntä;1
1328;136/2024;2024_136_18;tähän;1
1328;136/2024;2024_136_18;tämä;3
1328;136/2024;2024_136_18;tärkeimmät;1
1328;136/2024;2024_136_18;tärkeimpiä;1
1328;136/2024;2024_136_18;tärkeitä;1
1328;136/2024;2024_136_18;tässä;1
1328;136/2024;2024_136_18;tässäkin;1
1328;136/2024;2024_136_18;tätä;1
1328;136/2024;2024_136_18;täysin;3
1328;136/2024;2024_136_18;täyttä;1
1328;136/2024;2024_136_18;töitä;1
1328;136/2024;2024_136_18;uusia;1
1328;136/2024;2024_136_18;vaalien;1
1328;136/2024;2024_136_18;vaan;1
1328;136/2024;2024_136_18;vaarallinen;1
1328;136/2024;2024_136_18;vahvassa;1
1328;136/2024;2024_136_18;vaikka;1
1328;136/2024;2024_136_18;vain;7
1328;136/2024;2024_136_18;vakaus;3
1328;136/2024;2024_136_18;vapaassa;1
1328;136/2024;2024_136_18;varaa;1
1328;136/2024;2024_136_18;varten;1
1328;136/2024;2024_136_18;vasta;1
1328;136/2024;2024_136_18;vastuun;1
1328;136/2024;2024_136_18;vastuutonta;1
1328;136/2024;2024_136_18;vauhdittamiseksi;1
1328;136/2024;2024_136_18;veikkaan;1
1328;136/2024;2024_136_18;velalla;1
1328;136/2024;2024_136_18;velan;1
1328;136/2024;2024_136_18;velkaa;1
1328;136/2024;2024_136_18;velkaralli;1
1328;136/2024;2024_136_18;velkavuori;1
1328;136/2024;2024_136_18;venkoilu;1
1328;136/2024;2024_136_18;verojaan;1
1328;136/2024;2024_136_18;veronsa;1
1328;136/2024;2024_136_18;veroremontin;1
1328;136/2024;2024_136_18;verotulot;1
1328;136/2024;2024_136_18;veto;1
1328;136/2024;2024_136_18;viennin;1
1328;136/2024;2024_136_18;viikkojen;1
1328;136/2024;2024_136_18;viime;2
1328;136/2024;2024_136_18;viimeistään;1
1328;136/2024;2024_136_18;voi;2
1328;136/2024;2024_136_18;voimme;1
1328;136/2024;2024_136_18;voittoa;1
1328;136/2024;2024_136_18;vuodelle;1
1328;136/2024;2024_136_18;vuosikymmenellä;1
1328;136/2024;2024_136_18;vuoteen;1
1328;136/2024;2024_136_18;vähintään;1
1328;136/2024;2024_136_18;vähän;1
1328;136/2024;2024_136_18;yhdeksän;1
1328;136/2024;2024_136_18;yhden;1
1328;136/2024;2024_136_18;yksinkertaisesti;1
1328;136/2024;2024_136_18;yli;2
1328;136/2024;2024_136_18;yrittäjien;1
1328;136/2024;2024_136_18;yritysten;1
1328;136/2024;2024_136_18;ärade;6
1328;139/2020;2020_139_12;aidot;1
1328;139/2020;2020_139_12;aikatauluista;1
1328;139/2020;2020_139_12;aikojen;1
1328;139/2020;2020_139_12;ainoa;1
1328;139/2020;2020_139_12;ainutkertaisuudesta;1
1328;139/2020;2020_139_12;ajan;1
1328;139/2020;2020_139_12;ajoituksella;1
1328;139/2020;2020_139_12;antavat;1
1328;139/2020;2020_139_12;arvoisa;1
1328;139/2020;2020_139_12;arvostelee;1
1328;139/2020;2020_139_12;autoilija;1
1328;139/2020;2020_139_12;autokauppias;1
1328;139/2020;2020_139_12;bensaharakkaa;1
1328;139/2020;2020_139_12;edes;2
1328;139/2020;2020_139_12;ei;13
1328;139/2020;2020_139_12;eikä;1
1328;139/2020;2020_139_12;elintärkeitä;1
1328;139/2020;2020_139_12;enemmän;1
1328;139/2020;2020_139_12;eri;1
1328;139/2020;2020_139_12;esimerkiksi;1
1328;139/2020;2020_139_12;esitys;1
1328;139/2020;2020_139_12;että;3
1328;139/2020;2020_139_12;eu;1
1328;139/2020;2020_139_12;eu-paketteja;1
1328;139/2020;2020_139_12;eu-velkapaketin;2
1328;139/2020;2020_139_12;eun;1
1328;139/2020;2020_139_12;eurooppa;1
1328;139/2020;2020_139_12;fanaattisesti;1
1328;139/2020;2020_139_12;hajallaan;1
1328;139/2020;2020_139_12;hallituksen;3
1328;139/2020;2020_139_12;hallitus;2
1328;139/2020;2020_139_12;hallitusohjelma;1
1328;139/2020;2020_139_12;hallitusohjelmaa;2
1328;139/2020;2020_139_12;haluaisivatkin;1
1328;139/2020;2020_139_12;haluta;1
1328;139/2020;2020_139_12;harakan;1
1328;139/2020;2020_139_12;helpommin;1
1328;139/2020;2020_139_12;helppo;1
1328;139/2020;2020_139_12;hiilineutraali;1
1328;139/2020;2020_139_12;hinnalla;1
1328;139/2020;2020_139_12;hoitamisen;1
1328;139/2020;2020_139_12;hosumalla;1
1328;139/2020;2020_139_12;huolissani;1
1328;139/2020;2020_139_12;hyvinvoinnin;1
1328;139/2020;2020_139_12;hyvänsä;1
1328;139/2020;2020_139_12;hyvää;1
1328;139/2020;2020_139_12;hämäämään;1
1328;139/2020;2020_139_12;hölmöillä;1
1328;139/2020;2020_139_12;ikinä;1
1328;139/2020;2020_139_12;ikään;1
1328;139/2020;2020_139_12;ilmastonmuutoksen;2
1328;139/2020;2020_139_12;investoinnit;2
1328;139/2020;2020_139_12;iso;1
1328;139/2020;2020_139_12;isoin;1
1328;139/2020;2020_139_12;ja;22
1328;139/2020;2020_139_12;jalkaamme;1
1328;139/2020;2020_139_12;julkisen;1
1328;139/2020;2020_139_12;julkista;1
1328;139/2020;2020_139_12;järjen;1
1328;139/2020;2020_139_12;kaikkien;1
1328;139/2020;2020_139_12;kallein;1
1328;139/2020;2020_139_12;kannatettavia;1
1328;139/2020;2020_139_12;kannatuksestaan;1
1328;139/2020;2020_139_12;kansalaisia;1
1328;139/2020;2020_139_12;kasvu;2
1328;139/2020;2020_139_12;kauppaa;1
1328;139/2020;2020_139_12;kehittävät;1
1328;139/2020;2020_139_12;keinot;1
1328;139/2020;2020_139_12;kertonut;1
1328;139/2020;2020_139_12;kiihtyvä;1
1328;139/2020;2020_139_12;kiinni;3
1328;139/2020;2020_139_12;kiire;1
1328;139/2020;2020_139_12;kiljusen;1
1328;139/2020;2020_139_12;kimmo;1
1328;139/2020;2020_139_12;kipuilevat;1
1328;139/2020;2020_139_12;kirjaimin;1
1328;139/2020;2020_139_12;kirjoittaa;3
1328;139/2020;2020_139_12;kohtaan;1
1328;139/2020;2020_139_12;kompromissi;1
1328;139/2020;2020_139_12;koronan;1
1328;139/2020;2020_139_12;korttipakka;1
1328;139/2020;2020_139_12;koska;1
1328;139/2020;2020_139_12;kritiikkiin;1
1328;139/2020;2020_139_12;kuin;2
1328;139/2020;2020_139_12;kukaan;1
1328;139/2020;2020_139_12;kun;2
1328;139/2020;2020_139_12;kuunnelkaa;1
1328;139/2020;2020_139_12;kyllä;1
1328;139/2020;2020_139_12;kädessä;1
1328;139/2020;2020_139_12;käsittämätön;1
1328;139/2020;2020_139_12;käynnistää;1
1328;139/2020;2020_139_12;käytetään;1
1328;139/2020;2020_139_12;leviäisi;1
1328;139/2020;2020_139_12;liian;1
1328;139/2020;2020_139_12;liike;3
1328;139/2020;2020_139_12;liikenteen;1
1328;139/2020;2020_139_12;lista;1
1328;139/2020;2020_139_12;lisää;1
1328;139/2020;2020_139_12;lisääntynyttä;1
1328;139/2020;2020_139_12;loppuun;1
1328;139/2020;2020_139_12;luo;1
1328;139/2020;2020_139_12;lupaa;1
1328;139/2020;2020_139_12;luukut;1
1328;139/2020;2020_139_12;löydetä;1
1328;139/2020;2020_139_12;maailmasta;1
1328;139/2020;2020_139_12;mahdollistaa;1
1328;139/2020;2020_139_12;mahdollisuuden;1
1328;139/2020;2020_139_12;mahdollisuus;1
1328;139/2020;2020_139_12;maksavat;1
1328;139/2020;2020_139_12;mallioppilas;1
1328;139/2020;2020_139_12;marinin;1
1328;139/2020;2020_139_12;markkina;1
1328;139/2020;2020_139_12;meidän;1
1328;139/2020;2020_139_12;menestyvät;1
1328;139/2020;2020_139_12;mennessä;1
1328;139/2020;2020_139_12;merkitys;1
1328;139/2020;2020_139_12;mielenkiintoista;1
1328;139/2020;2020_139_12;mielestä;3
1328;139/2020;2020_139_12;miksi;1
1328;139/2020;2020_139_12;mikä;1
1328;139/2020;2020_139_12;milloin;1
1328;139/2020;2020_139_12;millä;1
1328;139/2020;2020_139_12;ministeri;2
1328;139/2020;2020_139_12;miten;1
1328;139/2020;2020_139_12;mitä;3
1328;139/2020;2020_139_12;mitään;2
1328;139/2020;2020_139_12;muille;1
1328;139/2020;2020_139_12;mutta;3
1328;139/2020;2020_139_12;myös;1
1328;139/2020;2020_139_12;naurua;1
1328;139/2020;2020_139_12;ne;1
1328;139/2020;2020_139_12;niin;2
1328;139/2020;2020_139_12;niistä;1
1328;139/2020;2020_139_12;nimiä;1
1328;139/2020;2020_139_12;nykyisestä;1
1328;139/2020;2020_139_12;nyt;2
1328;139/2020;2020_139_12;nytin;3
1328;139/2020;2020_139_12;näihin;1
1328;139/2020;2020_139_12;näin;1
1328;139/2020;2020_139_12;näitä;1
1328;139/2020;2020_139_12;odottelu;1
1328;139/2020;2020_139_12;ole;1
1328;139/2020;2020_139_12;olemassa;1
1328;139/2020;2020_139_12;olen;1
1328;139/2020;2020_139_12;olla;3
1328;139/2020;2020_139_12;olosuhteet;1
1328;139/2020;2020_139_12;omaa;1
1328;139/2020;2020_139_12;on;12
1328;139/2020;2020_139_12;onnistumaan;1
1328;139/2020;2020_139_12;otetaan;1
1328;139/2020;2020_139_12;ovat;6
1328;139/2020;2020_139_12;paisuttamalla;1
1328;139/2020;2020_139_12;pakko;1
1328;139/2020;2020_139_12;peluu;1
1328;139/2020;2020_139_12;pidä;3
1328;139/2020;2020_139_12;pitkä;1
1328;139/2020;2020_139_12;pitäisi;1
1328;139/2020;2020_139_12;pitää;6
1328;139/2020;2020_139_12;puhdas;1
1328;139/2020;2020_139_12;puhemies;1
1328;139/2020;2020_139_12;puhua;1
1328;139/2020;2020_139_12;puhutaan;1
1328;139/2020;2020_139_12;puolta;1
1328;139/2020;2020_139_12;puutteesta;1
1328;139/2020;2020_139_12;puuttuvat;1
1328;139/2020;2020_139_12;pyrkiä;1
1328;139/2020;2020_139_12;pyörimässä;1
1328;139/2020;2020_139_12;pääministeri;3
1328;139/2020;2020_139_12;päättyy;1
1328;139/2020;2020_139_12;päättämätön;1
1328;139/2020;2020_139_12;päättää;1
1328;139/2020;2020_139_12;pöydälle;1
1328;139/2020;2020_139_12;rahaa;1
1328;139/2020;2020_139_12;roolien;1
1328;139/2020;2020_139_12;ruoka;1
1328;139/2020;2020_139_12;rystyset;1
1328;139/2020;2020_139_12;saatu;1
1328;139/2020;2020_139_12;sahaamme;1
1328;139/2020;2020_139_12;saisi;1
1328;139/2020;2020_139_12;sanotaan;1
1328;139/2020;2020_139_12;sanottu;1
1328;139/2020;2020_139_12;se;2
1328;139/2020;2020_139_12;seinään;1
1328;139/2020;2020_139_12;selonteossa;2
1328;139/2020;2020_139_12;selvät;1
1328;139/2020;2020_139_12;seuraavia;1
1328;139/2020;2020_139_12;seurannut;1
1328;139/2020;2020_139_12;seurata;1
1328;139/2020;2020_139_12;siitä;1
1328;139/2020;2020_139_12;sitten;2
1328;139/2020;2020_139_12;sotekiurua;1
1328;139/2020;2020_139_12;sukupolvia;1
1328;139/2020;2020_139_12;suomalainen;1
1328;139/2020;2020_139_12;suomi;1
1328;139/2020;2020_139_12;suunnatonta;1
1328;139/2020;2020_139_12;sääntelyllä;1
1328;139/2020;2020_139_12;taas;1
1328;139/2020;2020_139_12;taata;1
1328;139/2020;2020_139_12;takaa;1
1328;139/2020;2020_139_12;talman;1
1328;139/2020;2020_139_12;talouden;1
1328;139/2020;2020_139_12;talous;3
1328;139/2020;2020_139_12;tarkkarajaisuudesta;1
1328;139/2020;2020_139_12;tarkoittaa;1
1328;139/2020;2020_139_12;tarvitse;1
1328;139/2020;2020_139_12;tasapainossa;1
1328;139/2020;2020_139_12;tavoitteet;1
1328;139/2020;2020_139_12;tavoitteisiin;1
1328;139/2020;2020_139_12;tavoitteita;2
1328;139/2020;2020_139_12;tehnyt;1
1328;139/2020;2020_139_12;tehty;1
1328;139/2020;2020_139_12;tekevät;1
1328;139/2020;2020_139_12;teknologioita;1
1328;139/2020;2020_139_12;terveen;1
1328;139/2020;2020_139_12;terveys;2
1328;139/2020;2020_139_12;tiedä;1
1328;139/2020;2020_139_12;tilille;1
1328;139/2020;2020_139_12;tiukoista;1
1328;139/2020;2020_139_12;toimiva;1
1328;139/2020;2020_139_12;torjunnassa;1
1328;139/2020;2020_139_12;torjunta;1
1328;139/2020;2020_139_12;tule;2
1328;139/2020;2020_139_12;tulee;2
1328;139/2020;2020_139_12;tulevaisuuden;1
1328;139/2020;2020_139_12;tulevaisuus;2
1328;139/2020;2020_139_12;tulossa;1
1328;139/2020;2020_139_12;tuotteita;1
1328;139/2020;2020_139_12;työllisyystoimet;1
1328;139/2020;2020_139_12;työpaikat;2
1328;139/2020;2020_139_12;työssäkäyvät;1
1328;139/2020;2020_139_12;tähän;1
1328;139/2020;2020_139_12;tämä;1
1328;139/2020;2020_139_12;tärkeintä;1
1328;139/2020;2020_139_12;tärkeitä;1
1328;139/2020;2020_139_12;uskalleta;1
1328;139/2020;2020_139_12;uudet;2
1328;139/2020;2020_139_12;uusiksi;3
1328;139/2020;2020_139_12;vaikka;1
1328;139/2020;2020_139_12;vain;4
1328;139/2020;2020_139_12;vakautuu;1
1328;139/2020;2020_139_12;valkoisina;1
1328;139/2020;2020_139_12;valtio;1
1328;139/2020;2020_139_12;valtion;1
1328;139/2020;2020_139_12;vappusatasta;1
1328;139/2020;2020_139_12;vastaa;1
1328;139/2020;2020_139_12;vastakkainasettelua;1
1328;139/2020;2020_139_12;vastataan;1
1328;139/2020;2020_139_12;velka;1
1328;139/2020;2020_139_12;velkarahalla;1
1328;139/2020;2020_139_12;velkaralli;1
1328;139/2020;2020_139_12;veroja;1
1328;139/2020;2020_139_12;veromalleista;1
1328;139/2020;2020_139_12;verotuksella;1
1328;139/2020;2020_139_12;vesi;1
1328;139/2020;2020_139_12;vielä;2
1328;139/2020;2020_139_12;vihreät;1
1328;139/2020;2020_139_12;viime;1
1328;139/2020;2020_139_12;viisikon;1
1328;139/2020;2020_139_12;voi;1
1328;139/2020;2020_139_12;vuonna;2
1328;139/2020;2020_139_12;vuosikymmenen;1
1328;139/2020;2020_139_12;välihuuto;1
1328;139/2020;2020_139_12;välittömästi;1
1328;139/2020;2020_139_12;vääryyttä;1
1328;139/2020;2020_139_12;väärällä;1
1328;139/2020;2020_139_12;ydintä;1
1328;139/2020;2020_139_12;yhteiskuntaa;1
1328;139/2020;2020_139_12;yhteiskuntavastuu;1
1328;139/2020;2020_139_12;yhteiskuntavastuun;1
1328;139/2020;2020_139_12;yhteydessä;1
1328;139/2020;2020_139_12;yhtään;1
1328;139/2020;2020_139_12;ymmärtää;1
1328;139/2020;2020_139_12;ymmärtääköhän;1
1328;139/2020;2020_139_12;ympäristöstä;1
1328;139/2020;2020_139_12;yrittäjät;1
1328;139/2020;2020_139_12;yrittää;1
1328;139/2020;2020_139_12;yritykset;2
1328;139/2020;2020_139_12;yrityksiä;1
1328;139/2020;2020_139_12;yritysten;3
1328;139/2020;2020_139_12;ärade;1
1328;139/2020;2020_139_12;ääntä;1
1328;139/2021;2021_139_33;aina;1
1328;139/2021;2021_139_33;ainoastaan;3
1328;139/2021;2021_139_33;aivan;1
1328;139/2021;2021_139_33;ajaa;1
1328;139/2021;2021_139_33;ajavat;1
1328;139/2021;2021_139_33;alkaa;1
1328;139/2021;2021_139_33;alle;1
1328;139/2021;2021_139_33;alueelta;1
1328;139/2021;2021_139_33;alueen;1
1328;139/2021;2021_139_33;alusta;1
1328;139/2021;2021_139_33;antaa;1
1328;139/2021;2021_139_33;antavat;1
1328;139/2021;2021_139_33;antikainen;2
1328;139/2021;2021_139_33;arvoisa;4
1328;139/2021;2021_139_33;arvoista;1
1328;139/2021;2021_139_33;asiaa;1
1328;139/2021;2021_139_33;asian;1
1328;139/2021;2021_139_33;asiassa;3
1328;139/2021;2021_139_33;asioiden;1
1328;139/2021;2021_139_33;asioita;1
1328;139/2021;2021_139_33;auttanut;1
1328;139/2021;2021_139_33;avustusta;1
1328;139/2021;2021_139_33;edelle;1
1328;139/2021;2021_139_33;edun;2
1328;139/2021;2021_139_33;edustaja;1
1328;139/2021;2021_139_33;ei;13
1328;139/2021;2021_139_33;eikä;3
1328;139/2021;2021_139_33;elää;1
1328;139/2021;2021_139_33;emme;1
1328;139/2021;2021_139_33;epäselvää;1
1328;139/2021;2021_139_33;eri;2
1328;139/2021;2021_139_33;esimerkiksi;1
1328;139/2021;2021_139_33;esitän;1
1328;139/2021;2021_139_33;että;11
1328;139/2021;2021_139_33;etu;1
1328;139/2021;2021_139_33;eu-lainsäädännön;1
1328;139/2021;2021_139_33;eun;2
1328;139/2021;2021_139_33;haavoittuvainen;1
1328;139/2021;2021_139_33;hakee;1
1328;139/2021;2021_139_33;hakemuksensa;1
1328;139/2021;2021_139_33;hakemus;1
1328;139/2021;2021_139_33;hakemusprosessi;1
1328;139/2021;2021_139_33;halla-aho;1
1328;139/2021;2021_139_33;hallinto-oikeudessa;1
1328;139/2021;2021_139_33;hallitsematonta;1
1328;139/2021;2021_139_33;hallituksen;4
1328;139/2021;2021_139_33;hallitus;2
1328;139/2021;2021_139_33;hallitusta;1
1328;139/2021;2021_139_33;haluamme;1
1328;139/2021;2021_139_33;halun;1
1328;139/2021;2021_139_33;hartaasti;1
1328;139/2021;2021_139_33;heidän;1
1328;139/2021;2021_139_33;henkilöt;1
1328;139/2021;2021_139_33;hiileen;1
1328;139/2021;2021_139_33;houkuttelevin;1
1328;139/2021;2021_139_33;huolestuttavalla;1
1328;139/2021;2021_139_33;hybridivaikuttamiselle;1
1328;139/2021;2021_139_33;hyvä;1
1328;139/2021;2021_139_33;hyväksy;1
1328;139/2021;2021_139_33;hän;2
1328;139/2021;2021_139_33;hänen;1
1328;139/2021;2021_139_33;hätä;2
1328;139/2021;2021_139_33;idealistisin;1
1328;139/2021;2021_139_33;ideologisin;1
1328;139/2021;2021_139_33;ihmetellä;1
1328;139/2021;2021_139_33;ihmisoikeuksista;1
1328;139/2021;2021_139_33;ilmaan;1
1328;139/2021;2021_139_33;ilmiöihin;1
1328;139/2021;2021_139_33;itse;1
1328;139/2021;2021_139_33;ja;14
1328;139/2021;2021_139_33;jaetun;1
1328;139/2021;2021_139_33;johtamiseen;1
1328;139/2021;2021_139_33;joka;2
1328;139/2021;2021_139_33;jolla;1
1328;139/2021;2021_139_33;jos;2
1328;139/2021;2021_139_33;jossa;2
1328;139/2021;2021_139_33;jussi;1
1328;139/2021;2021_139_33;jälkeen;1
1328;139/2021;2021_139_33;järjestelmältä;1
1328;139/2021;2021_139_33;jäädä;2
1328;139/2021;2021_139_33;jääneitä;1
1328;139/2021;2021_139_33;jäänyt;1
1328;139/2021;2021_139_33;jäävät;1
1328;139/2021;2021_139_33;kaikissa;1
1328;139/2021;2021_139_33;kaikki;3
1328;139/2021;2021_139_33;kaipaa;1
1328;139/2021;2021_139_33;kannanottojaan;1
1328;139/2021;2021_139_33;kansainväliset;1
1328;139/2021;2021_139_33;kansainvälisiä;1
1328;139/2021;2021_139_33;kansainvälistä;1
1328;139/2021;2021_139_33;kansallinen;3
1328;139/2021;2021_139_33;kansallisen;2
1328;139/2021;2021_139_33;kautta;1
1328;139/2021;2021_139_33;kerta;1
1328;139/2021;2021_139_33;keskeytettyä;1
1328;139/2021;2021_139_33;keskittymään;1
1328;139/2021;2021_139_33;kestää;1
1328;139/2021;2021_139_33;kielteinen;1
1328;139/2021;2021_139_33;kiikastaa;1
1328;139/2021;2021_139_33;kiinni;1
1328;139/2021;2021_139_33;koko;1
1328;139/2021;2021_139_33;kokonaisuuden;1
1328;139/2021;2021_139_33;kokonaisuutena;1
1328;139/2021;2021_139_33;koputtaa;1
1328;139/2021;2021_139_33;koska;1
1328;139/2021;2021_139_33;koskeva;1
1328;139/2021;2021_139_33;koskeviin;1
1328;139/2021;2021_139_33;kriisitilanteessa;1
1328;139/2021;2021_139_33;kristinuskoon;1
1328;139/2021;2021_139_33;kuin;4
1328;139/2021;2021_139_33;kuitenkin;1
1328;139/2021;2021_139_33;kuka;1
1328;139/2021;2021_139_33;kun;6
1328;139/2021;2021_139_33;kunhan;1
1328;139/2021;2021_139_33;kurdistanin;1
1328;139/2021;2021_139_33;kutsumaan;1
1328;139/2021;2021_139_33;kuukausia;1
1328;139/2021;2021_139_33;kuuntelee;1
1328;139/2021;2021_139_33;kuvittelisi;1
1328;139/2021;2021_139_33;kyseessä;1
1328;139/2021;2021_139_33;kädet;1
1328;139/2021;2021_139_33;käsiimme;1
1328;139/2021;2021_139_33;käsitellä;1
1328;139/2021;2021_139_33;käsitellään;1
1328;139/2021;2021_139_33;käyttöön;1
1328;139/2021;2021_139_33;kääntyminen;1
1328;139/2021;2021_139_33;lainsäädäntö;1
1328;139/2021;2021_139_33;lainsäädäntöä;1
1328;139/2021;2021_139_33;laittomasti;1
1328;139/2021;2021_139_33;lakia;1
1328;139/2021;2021_139_33;leena;1
1328;139/2021;2021_139_33;liike;2
1328;139/2021;2021_139_33;liittyviä;1
1328;139/2021;2021_139_33;lisävakuuttelua;1
1328;139/2021;2021_139_33;lle;1
1328;139/2021;2021_139_33;lopuksi;1
1328;139/2021;2021_139_33;lopulta;1
1328;139/2021;2021_139_33;lue;1
1328;139/2021;2021_139_33;lukaenkan;1
1328;139/2021;2021_139_33;luottaa;1
1328;139/2021;2021_139_33;läheisyydessä;1
1328;139/2021;2021_139_33;läpi;2
1328;139/2021;2021_139_33;maa;1
1328;139/2021;2021_139_33;maahan;3
1328;139/2021;2021_139_33;maahanmuuton;1
1328;139/2021;2021_139_33;maahanmuuttoa;1
1328;139/2021;2021_139_33;maahanmuuttoministerin;1
1328;139/2021;2021_139_33;maahanmuuttopolitiikkaa;2
1328;139/2021;2021_139_33;maamme;1
1328;139/2021;2021_139_33;maassa;1
1328;139/2021;2021_139_33;maat;1
1328;139/2021;2021_139_33;me;1
1328;139/2021;2021_139_33;meidän;4
1328;139/2021;2021_139_33;mene;1
1328;139/2021;2021_139_33;menevät;1
1328;139/2021;2021_139_33;meri;1
1328;139/2021;2021_139_33;mielikuvapolitiikkaa;1
1328;139/2021;2021_139_33;mihin;1
1328;139/2021;2021_139_33;miksi;1
1328;139/2021;2021_139_33;mikäli;1
1328;139/2021;2021_139_33;ministeri;1
1328;139/2021;2021_139_33;ministeriöiden;1
1328;139/2021;2021_139_33;missä;1
1328;139/2021;2021_139_33;mistä;1
1328;139/2021;2021_139_33;miten;1
1328;139/2021;2021_139_33;mitä;1
1328;139/2021;2021_139_33;mitään;1
1328;139/2021;2021_139_33;moninaisiin;1
1328;139/2021;2021_139_33;muassa;1
1328;139/2021;2021_139_33;mukaan;1
1328;139/2021;2021_139_33;mukainen;1
1328;139/2021;2021_139_33;mukana;2
1328;139/2021;2021_139_33;muun;1
1328;139/2021;2021_139_33;muut;1
1328;139/2021;2021_139_33;muuta;2
1328;139/2021;2021_139_33;myönnettäisiin;1
1328;139/2021;2021_139_33;myöntämään;1
1328;139/2021;2021_139_33;määritelmän;1
1328;139/2021;2021_139_33;naurua;1
1328;139/2021;2021_139_33;niin;3
1328;139/2021;2021_139_33;niinpä;1
1328;139/2021;2021_139_33;nostaa;1
1328;139/2021;2021_139_33;nykyinen;1
1328;139/2021;2021_139_33;nyt;5
1328;139/2021;2021_139_33;näiden;1
1328;139/2021;2021_139_33;näille;1
1328;139/2021;2021_139_33;nämä;1
1328;139/2021;2021_139_33;ohjia;1
1328;139/2021;2021_139_33;oikeudet;1
1328;139/2021;2021_139_33;oikeuttaisi;1
1328;139/2021;2021_139_33;ole;3
1328;139/2021;2021_139_33;olemme;1
1328;139/2021;2021_139_33;oleskelulupa;1
1328;139/2021;2021_139_33;olevista;1
1328;139/2021;2021_139_33;olisi;2
1328;139/2021;2021_139_33;olla;1
1328;139/2021;2021_139_33;omalta;1
1328;139/2021;2021_139_33;omiin;1
1328;139/2021;2021_139_33;on;11
1328;139/2021;2021_139_33;oppositio-hallitus-kysymys;1
1328;139/2021;2021_139_33;oppositiolle;1
1328;139/2021;2021_139_33;opposition;1
1328;139/2021;2021_139_33;osa;1
1328;139/2021;2021_139_33;osaltaan;1
1328;139/2021;2021_139_33;otettava;1
1328;139/2021;2021_139_33;ottaa;2
1328;139/2021;2021_139_33;ovat;3
1328;139/2021;2021_139_33;paperittomiksi;1
1328;139/2021;2021_139_33;perusteella;1
1328;139/2021;2021_139_33;perustein;1
1328;139/2021;2021_139_33;perusteita;1
1328;139/2021;2021_139_33;pitäisi;1
1328;139/2021;2021_139_33;pitää;2
1328;139/2021;2021_139_33;pohjan;1
1328;139/2021;2021_139_33;pohjois-irakista;1
1328;139/2021;2021_139_33;pois;1
1328;139/2021;2021_139_33;politiikkaa;1
1328;139/2021;2021_139_33;puhaltamaan;1
1328;139/2021;2021_139_33;puheissaan;1
1328;139/2021;2021_139_33;puhemies;5
1328;139/2021;2021_139_33;puhua;1
1328;139/2021;2021_139_33;puhuu;1
1328;139/2021;2021_139_33;puolan;3
1328;139/2021;2021_139_33;puoliamme;1
1328;139/2021;2021_139_33;purraa;1
1328;139/2021;2021_139_33;pystyttävä;2
1328;139/2021;2021_139_33;pystyvän;1
1328;139/2021;2021_139_33;pystyy;1
1328;139/2021;2021_139_33;päinvastoin;1
1328;139/2021;2021_139_33;pääsee;2
1328;139/2021;2021_139_33;päätöksestä;1
1328;139/2021;2021_139_33;päätöksiä;1
1328;139/2021;2021_139_33;päätös;1
1328;139/2021;2021_139_33;rahallista;1
1328;139/2021;2021_139_33;raja-asiassa;1
1328;139/2021;2021_139_33;rajalla;2
1328;139/2021;2021_139_33;rajalle;1
1328;139/2021;2021_139_33;rajamenettely;1
1328;139/2021;2021_139_33;rajan;1
1328;139/2021;2021_139_33;rajat;1
1328;139/2021;2021_139_33;rajavyöhykkeellä;1
1328;139/2021;2021_139_33;rajoilta;1
1328;139/2021;2021_139_33;ratkaista;1
1328;139/2021;2021_139_33;ruvetaan;1
1328;139/2021;2021_139_33;saa;1
1328;139/2021;2021_139_33;saadaan;1
1328;139/2021;2021_139_33;saavat;2
1328;139/2021;2021_139_33;sanna;2
1328;139/2021;2021_139_33;se;4
1328;139/2021;2021_139_33;seksuaalinen;1
1328;139/2021;2021_139_33;selkeän;1
1328;139/2021;2021_139_33;selkeästi;1
1328;139/2021;2021_139_33;sellainen;1
1328;139/2021;2021_139_33;sellaisen;1
1328;139/2021;2021_139_33;sen;2
1328;139/2021;2021_139_33;siihen;1
1328;139/2021;2021_139_33;siirtolaiset;1
1328;139/2021;2021_139_33;siitä;2
1328;139/2021;2021_139_33;siksi;1
1328;139/2021;2021_139_33;sisälle;1
1328;139/2021;2021_139_33;sisäministeri;1
1328;139/2021;2021_139_33;sisäministeriö;1
1328;139/2021;2021_139_33;sitten;2
1328;139/2021;2021_139_33;sitä;3
1328;139/2021;2021_139_33;sopimukset;1
1328;139/2021;2021_139_33;sopimuksia;1
1328;139/2021;2021_139_33;sotkee;1
1328;139/2021;2021_139_33;strategia;1
1328;139/2021;2021_139_33;suhtautuminen;1
1328;139/2021;2021_139_33;suojelua;1
1328;139/2021;2021_139_33;suomen;4
1328;139/2021;2021_139_33;suomessa;1
1328;139/2021;2021_139_33;suomesta;1
1328;139/2021;2021_139_33;suomi;3
1328;139/2021;2021_139_33;suostu;1
1328;139/2021;2021_139_33;suunnittelee;1
1328;139/2021;2021_139_33;suunta;1
1328;139/2021;2021_139_33;suuntautuminen;1
1328;139/2021;2021_139_33;suuri;1
1328;139/2021;2021_139_33;suurin;1
1328;139/2021;2021_139_33;syiden;1
1328;139/2021;2021_139_33;taas;2
1328;139/2021;2021_139_33;tai;4
1328;139/2021;2021_139_33;takia;1
1328;139/2021;2021_139_33;talman;4
1328;139/2021;2021_139_33;tapahtumat;1
1328;139/2021;2021_139_33;tarkoittaa;1
1328;139/2021;2021_139_33;tarpeen;1
1328;139/2021;2021_139_33;tarvitsee;1
1328;139/2021;2021_139_33;tarvittaessa;1
1328;139/2021;2021_139_33;tasolla;1
1328;139/2021;2021_139_33;tee;1
1328;139/2021;2021_139_33;tehdä;1
1328;139/2021;2021_139_33;tehtävään;1
1328;139/2021;2021_139_33;tekemään;1
1328;139/2021;2021_139_33;tiedämme;1
1328;139/2021;2021_139_33;tilanteessa;1
1328;139/2021;2021_139_33;tilanteissa;1
1328;139/2021;2021_139_33;tilapäisesti;1
1328;139/2021;2021_139_33;tippaakaan;1
1328;139/2021;2021_139_33;todellinen;1
1328;139/2021;2021_139_33;todellisuudessa;1
1328;139/2021;2021_139_33;toimi;1
1328;139/2021;2021_139_33;toimisi;1
1328;139/2021;2021_139_33;toisensa;1
1328;139/2021;2021_139_33;toivomme;1
1328;139/2021;2021_139_33;tosiasia;1
1328;139/2021;2021_139_33;tulee;2
1328;139/2021;2021_139_33;tuore;1
1328;139/2021;2021_139_33;turvallisuus;1
1328;139/2021;2021_139_33;turvallisuustilanne;1
1328;139/2021;2021_139_33;turvallisuuteen;1
1328;139/2021;2021_139_33;turvapaikanhakija;1
1328;139/2021;2021_139_33;turvapaikanhakijoiden;1
1328;139/2021;2021_139_33;turvapaikanhakijoista;1
1328;139/2021;2021_139_33;turvapaikkaa;1
1328;139/2021;2021_139_33;turvapaikkaan;1
1328;139/2021;2021_139_33;turvapaikkahakemusten;1
1328;139/2021;2021_139_33;turvapaikkajärjestelmä;1
1328;139/2021;2021_139_33;turvapaikkajärjestelmän;1
1328;139/2021;2021_139_33;turvautua;1
1328;139/2021;2021_139_33;työssään;1
1328;139/2021;2021_139_33;tällaisia;1
1328;139/2021;2021_139_33;tämä;2
1328;139/2021;2021_139_33;tämän;1
1328;139/2021;2021_139_33;tänne;1
1328;139/2021;2021_139_33;tässä;3
1328;139/2021;2021_139_33;tätä;2
1328;139/2021;2021_139_33;täyden;1
1328;139/2021;2021_139_33;uhka;1
1328;139/2021;2021_139_33;ulkovaltojen;1
1328;139/2021;2021_139_33;useita;1
1328;139/2021;2021_139_33;uudella;1
1328;139/2021;2021_139_33;uudestaan;1
1328;139/2021;2021_139_33;uudistuksen;1
1328;139/2021;2021_139_33;uusintahakemuksen;1
1328;139/2021;2021_139_33;vaadimme;1
1328;139/2021;2021_139_33;vaan;1
1328;139/2021;2021_139_33;vaihtoehtoa;1
1328;139/2021;2021_139_33;vaikutelman;1
1328;139/2021;2021_139_33;vaikuttavaa;1
1328;139/2021;2021_139_33;valittaa;2
1328;139/2021;2021_139_33;valittu;1
1328;139/2021;2021_139_33;valitus;1
1328;139/2021;2021_139_33;valko-venäjän;1
1328;139/2021;2021_139_33;valmistelemaan;1
1328;139/2021;2021_139_33;valmistumiseen;1
1328;139/2021;2021_139_33;valtio;1
1328;139/2021;2021_139_33;vapaasti;1
1328;139/2021;2021_139_33;vastaamaan;1
1328;139/2021;2021_139_33;vastaanotto;1
1328;139/2021;2021_139_33;vastaavassa;1
1328;139/2021;2021_139_33;vastaus;1
1328;139/2021;2021_139_33;vastustaa;1
1328;139/2021;2021_139_33;vastuuministerit;1
1328;139/2021;2021_139_33;vie;1
1328;139/2021;2021_139_33;vielä;2
1328;139/2021;2021_139_33;viestin;1
1328;139/2021;2021_139_33;vihreä;1
1328;139/2021;2021_139_33;vihreät;1
1328;139/2021;2021_139_33;voi;5
1328;139/2021;2021_139_33;voitaisiin;1
1328;139/2021;2021_139_33;vuosia;1
1328;139/2021;2021_139_33;välikysymykseen;1
1328;139/2021;2021_139_33;välikysymyksessä;2
1328;139/2021;2021_139_33;välikysymys;1
1328;139/2021;2021_139_33;välille;1
1328;139/2021;2021_139_33;yhteen;1
1328;139/2021;2021_139_33;yleinen;1
1328;139/2021;2021_139_33;yleisiä;1
1328;139/2021;2021_139_33;ylläpidon;1
1328;139/2021;2021_139_33;ymmärtää;1
1328;139/2021;2021_139_33;ärade;4
1328;14/2021;2021_14_18;aiheuttamassa;1
1328;14/2021;2021_14_18;aikoja;1
1328;14/2021;2021_14_18;aivan;1
1328;14/2021;2021_14_18;ajatus;1
1328;14/2021;2021_14_18;aktiivisempi;1
1328;14/2021;2021_14_18;aktiivisesti;2
1328;14/2021;2021_14_18;alkunsa;1
1328;14/2021;2021_14_18;alussa;1
1328;14/2021;2021_14_18;ansiosta;1
1328;14/2021;2021_14_18;ansiota;1
1328;14/2021;2021_14_18;arvo;1
1328;14/2021;2021_14_18;arvoisa;3
1328;14/2021;2021_14_18;arvokas;1
1328;14/2021;2021_14_18;asia;1
1328;14/2021;2021_14_18;asiat;1
1328;14/2021;2021_14_18;asti;1
1328;14/2021;2021_14_18;auttaneet;1
1328;14/2021;2021_14_18;avoin;1
1328;14/2021;2021_14_18;brexitin;1
1328;14/2021;2021_14_18;edellisessä;1
1328;14/2021;2021_14_18;ei;6
1328;14/2021;2021_14_18;elintärkeä;1
1328;14/2021;2021_14_18;elpymispaketista;1
1328;14/2021;2021_14_18;elävää;1
1328;14/2021;2021_14_18;emme;1
1328;14/2021;2021_14_18;enemmän;1
1328;14/2021;2021_14_18;entisen;1
1328;14/2021;2021_14_18;entistä;1
1328;14/2021;2021_14_18;erilainen;1
1328;14/2021;2021_14_18;espanjan;1
1328;14/2021;2021_14_18;estäminen;1
1328;14/2021;2021_14_18;eteläisen;1
1328;14/2021;2021_14_18;ettei;1
1328;14/2021;2021_14_18;että;6
1328;14/2021;2021_14_18;euhun;2
1328;14/2021;2021_14_18;eun;4
1328;14/2021;2021_14_18;euro;1
1328;14/2021;2021_14_18;euroopan;8
1328;14/2021;2021_14_18;euroopassa;1
1328;14/2021;2021_14_18;eurooppa-myönteisyys;1
1328;14/2021;2021_14_18;eurooppaa;1
1328;14/2021;2021_14_18;eussa;1
1328;14/2021;2021_14_18;hallinto;1
1328;14/2021;2021_14_18;haluamme;1
1328;14/2021;2021_14_18;harkimon;1
1328;14/2021;2021_14_18;helppo;1
1328;14/2021;2021_14_18;hetkellä;1
1328;14/2021;2021_14_18;hollannin;1
1328;14/2021;2021_14_18;holtittomasti;1
1328;14/2021;2021_14_18;huolestuttava;1
1328;14/2021;2021_14_18;huolestuttavaa;1
1328;14/2021;2021_14_18;huolimatta;1
1328;14/2021;2021_14_18;huomata;1
1328;14/2021;2021_14_18;hyvinvoinnin;1
1328;14/2021;2021_14_18;hyvä;1
1328;14/2021;2021_14_18;hyväksyä;1
1328;14/2021;2021_14_18;idänkauppa;1
1328;14/2021;2021_14_18;ihmisten;1
1328;14/2021;2021_14_18;ilkka;1
1328;14/2021;2021_14_18;ilman;2
1328;14/2021;2021_14_18;isommat;1
1328;14/2021;2021_14_18;italian;1
1328;14/2021;2021_14_18;itä-eurooppaan;1
1328;14/2021;2021_14_18;itäblokin;1
1328;14/2021;2021_14_18;itävallan;1
1328;14/2021;2021_14_18;ja;26
1328;14/2021;2021_14_18;johdolla;1
1328;14/2021;2021_14_18;jos;1
1328;14/2021;2021_14_18;jälkeen;1
1328;14/2021;2021_14_18;jälkikäteen;1
1328;14/2021;2021_14_18;jäsenenä;1
1328;14/2021;2021_14_18;kaatunut;1
1328;14/2021;2021_14_18;kaksinapainen;1
1328;14/2021;2021_14_18;kanerva;1
1328;14/2021;2021_14_18;kannalta;1
1328;14/2021;2021_14_18;kannattaa;1
1328;14/2021;2021_14_18;kansainvälisissä;1
1328;14/2021;2021_14_18;kanssa;1
1328;14/2021;2021_14_18;kasvattaa;1
1328;14/2021;2021_14_18;kehitettävää;1
1328;14/2021;2021_14_18;kehittymisen;1
1328;14/2021;2021_14_18;kehittymässä;1
1328;14/2021;2021_14_18;kehittämässä;1
1328;14/2021;2021_14_18;kehittää;1
1328;14/2021;2021_14_18;kehityksessä;1
1328;14/2021;2021_14_18;kehitys;1
1328;14/2021;2021_14_18;kehitystä;1
1328;14/2021;2021_14_18;kelpaa;1
1328;14/2021;2021_14_18;kerrotuista;1
1328;14/2021;2021_14_18;kertoo;1
1328;14/2021;2021_14_18;keskeinen;1
1328;14/2021;2021_14_18;keskeisiin;1
1328;14/2021;2021_14_18;keskusteltu;1
1328;14/2021;2021_14_18;kiinan;1
1328;14/2021;2021_14_18;kiinni;1
1328;14/2021;2021_14_18;kilpailukykyään;1
1328;14/2021;2021_14_18;kiltisti;1
1328;14/2021;2021_14_18;koetaan;1
1328;14/2021;2021_14_18;koronan;1
1328;14/2021;2021_14_18;korot;1
1328;14/2021;2021_14_18;koskaan;1
1328;14/2021;2021_14_18;kritiikkiä;1
1328;14/2021;2021_14_18;kuin;1
1328;14/2021;2021_14_18;kuitenkin;1
1328;14/2021;2021_14_18;kuittaavat;1
1328;14/2021;2021_14_18;kun;1
1328;14/2021;2021_14_18;kunnioittaa;1
1328;14/2021;2021_14_18;kunnossa;1
1328;14/2021;2021_14_18;kuntoon;1
1328;14/2021;2021_14_18;käytössä;1
1328;14/2021;2021_14_18;laajentaminen;1
1328;14/2021;2021_14_18;lainahanat;1
1328;14/2021;2021_14_18;laittaa;1
1328;14/2021;2021_14_18;lamassa;2
1328;14/2021;2021_14_18;liian;1
1328;14/2021;2021_14_18;liikaakin;1
1328;14/2021;2021_14_18;liike;2
1328;14/2021;2021_14_18;liikkeiden;1
1328;14/2021;2021_14_18;liikkuvuus;1
1328;14/2021;2021_14_18;liittyminen;1
1328;14/2021;2021_14_18;luotto;1
1328;14/2021;2021_14_18;luvun;1
1328;14/2021;2021_14_18;lähinnä;1
1328;14/2021;2021_14_18;länteen;1
1328;14/2021;2021_14_18;läntisen;1
1328;14/2021;2021_14_18;maailma;1
1328;14/2021;2021_14_18;maailmalla;1
1328;14/2021;2021_14_18;maailmansodan;1
1328;14/2021;2021_14_18;mahdollinen;1
1328;14/2021;2021_14_18;mahdollisuus;2
1328;14/2021;2021_14_18;maiden;1
1328;14/2021;2021_14_18;menossa;1
1328;14/2021;2021_14_18;merkittävänä;1
1328;14/2021;2021_14_18;mielipiteisiin;1
1328;14/2021;2021_14_18;miettiä;1
1328;14/2021;2021_14_18;mihin;2
1328;14/2021;2021_14_18;mitä;1
1328;14/2021;2021_14_18;monista;1
1328;14/2021;2021_14_18;muistelemaan;1
1328;14/2021;2021_14_18;muitakin;1
1328;14/2021;2021_14_18;muotonsa;1
1328;14/2021;2021_14_18;mutta;2
1328;14/2021;2021_14_18;muuten;1
1328;14/2021;2021_14_18;myös;1
1328;14/2021;2021_14_18;nationalististen;1
1328;14/2021;2021_14_18;nato;1
1328;14/2021;2021_14_18;natoon;1
1328;14/2021;2021_14_18;ne;1
1328;14/2021;2021_14_18;neuvoa;1
1328;14/2021;2021_14_18;neuvostoliiton;1
1328;14/2021;2021_14_18;neuvostoliitto;1
1328;14/2021;2021_14_18;niin;1
1328;14/2021;2021_14_18;nopeasti;1
1328;14/2021;2021_14_18;normaaleiksi;1
1328;14/2021;2021_14_18;nousun;1
1328;14/2021;2021_14_18;nykyisen;1
1328;14/2021;2021_14_18;nyt;4
1328;14/2021;2021_14_18;nytille;1
1328;14/2021;2021_14_18;odottaa;1
1328;14/2021;2021_14_18;oikeusvaltioperiaatetta;1
1328;14/2021;2021_14_18;ole;2
1328;14/2021;2021_14_18;olematon;1
1328;14/2021;2021_14_18;oli;7
1328;14/2021;2021_14_18;olivat;2
1328;14/2021;2021_14_18;olla;2
1328;14/2021;2021_14_18;ollaan;1
1328;14/2021;2021_14_18;oltava;1
1328;14/2021;2021_14_18;omat;1
1328;14/2021;2021_14_18;on;19
1328;14/2021;2021_14_18;onnistuu;1
1328;14/2021;2021_14_18;opiskella;1
1328;14/2021;2021_14_18;ovat;3
1328;14/2021;2021_14_18;paikkansa;1
1328;14/2021;2021_14_18;palauttaa;1
1328;14/2021;2021_14_18;paljon;1
1328;14/2021;2021_14_18;palveluiden;1
1328;14/2021;2021_14_18;parantaa;1
1328;14/2021;2021_14_18;paras;2
1328;14/2021;2021_14_18;parempaa;1
1328;14/2021;2021_14_18;parhaiten;1
1328;14/2021;2021_14_18;partaalla;1
1328;14/2021;2021_14_18;perusajatuksena;1
1328;14/2021;2021_14_18;perässä;1
1328;14/2021;2021_14_18;pidä;2
1328;14/2021;2021_14_18;pilvissä;1
1328;14/2021;2021_14_18;pitäisi;3
1328;14/2021;2021_14_18;pitää;3
1328;14/2021;2021_14_18;polkevat;1
1328;14/2021;2021_14_18;puhe;1
1328;14/2021;2021_14_18;puhemies;3
1328;14/2021;2021_14_18;puolan;1
1328;14/2021;2021_14_18;puolustusta;1
1328;14/2021;2021_14_18;pyrkii;1
1328;14/2021;2021_14_18;pystyy;1
1328;14/2021;2021_14_18;pystyä;1
1328;14/2021;2021_14_18;pysy;1
1328;14/2021;2021_14_18;pysymään;1
1328;14/2021;2021_14_18;päätös;1
1328;14/2021;2021_14_18;ranskan;1
1328;14/2021;2021_14_18;rauhassa;1
1328;14/2021;2021_14_18;raunioilla;1
1328;14/2021;2021_14_18;riittävän;2
1328;14/2021;2021_14_18;ruotsin;1
1328;14/2021;2021_14_18;saa;1
1328;14/2021;2021_14_18;saamaan;1
1328;14/2021;2021_14_18;sai;2
1328;14/2021;2021_14_18;saksan;1
1328;14/2021;2021_14_18;se;4
1328;14/2021;2021_14_18;sekä;2
1328;14/2021;2021_14_18;selvää;2
1328;14/2021;2021_14_18;sen;1
1328;14/2021;2021_14_18;seurata;1
1328;14/2021;2021_14_18;siihen;2
1328;14/2021;2021_14_18;siitä;1
1328;14/2021;2021_14_18;silti;1
1328;14/2021;2021_14_18;sinetöi;1
1328;14/2021;2021_14_18;sitä;1
1328;14/2021;2021_14_18;suhtautua;1
1328;14/2021;2021_14_18;suhteitaan;1
1328;14/2021;2021_14_18;sukupolven;1
1328;14/2021;2021_14_18;suomalaisia;1
1328;14/2021;2021_14_18;suomalaisille;1
1328;14/2021;2021_14_18;suomalaisten;2
1328;14/2021;2021_14_18;suomelle;2
1328;14/2021;2021_14_18;suomen;6
1328;14/2021;2021_14_18;suomi;2
1328;14/2021;2021_14_18;suunnitelmatalous;1
1328;14/2021;2021_14_18;suunta;1
1328;14/2021;2021_14_18;suuntaan;1
1328;14/2021;2021_14_18;suuri;1
1328;14/2021;2021_14_18;suurimmat;1
1328;14/2021;2021_14_18;suuruuden;1
1328;14/2021;2021_14_18;syistä;1
1328;14/2021;2021_14_18;syntyi;1
1328;14/2021;2021_14_18;sääntöjä;1
1328;14/2021;2021_14_18;takaisia;1
1328;14/2021;2021_14_18;talman;3
1328;14/2021;2021_14_18;talouteen;1
1328;14/2021;2021_14_18;taloutensa;1
1328;14/2021;2021_14_18;tanskan;1
1328;14/2021;2021_14_18;tapahtuiko;1
1328;14/2021;2021_14_18;tarkoita;1
1328;14/2021;2021_14_18;tavaroiden;1
1328;14/2021;2021_14_18;tehtäviin;1
1328;14/2021;2021_14_18;tehtävissä;1
1328;14/2021;2021_14_18;tekevät;1
1328;14/2021;2021_14_18;tilanne;1
1328;14/2021;2021_14_18;toimijana;1
1328;14/2021;2021_14_18;toimimalla;1
1328;14/2021;2021_14_18;toiminnallaan;1
1328;14/2021;2021_14_18;toimintaan;1
1328;14/2021;2021_14_18;toisen;1
1328;14/2021;2021_14_18;toistaa;1
1328;14/2021;2021_14_18;toivottavasti;1
1328;14/2021;2021_14_18;tuet;1
1328;14/2021;2021_14_18;tukeva;1
1328;14/2021;2021_14_18;turvallisuuspoliittinen;1
1328;14/2021;2021_14_18;turvapuskurit;1
1328;14/2021;2021_14_18;työskennellä;1
1328;14/2021;2021_14_18;tällä;1
1328;14/2021;2021_14_18;tämä;1
1328;14/2021;2021_14_18;tärkeä;1
1328;14/2021;2021_14_18;tärkeämpi;1
1328;14/2021;2021_14_18;tärkeää;1
1328;14/2021;2021_14_18;tässä;2
1328;14/2021;2021_14_18;tätä;1
1328;14/2021;2021_14_18;unioni;8
1328;14/2021;2021_14_18;unionia;1
1328;14/2021;2021_14_18;unionin;2
1328;14/2021;2021_14_18;unkarin;1
1328;14/2021;2021_14_18;urakalla;1
1328;14/2021;2021_14_18;uuden;1
1328;14/2021;2021_14_18;uusi;1
1328;14/2021;2021_14_18;vaan;1
1328;14/2021;2021_14_18;vahva;1
1328;14/2021;2021_14_18;vaikuttaa;1
1328;14/2021;2021_14_18;vaikuttamaan;1
1328;14/2021;2021_14_18;vaikuttamassa;1
1328;14/2021;2021_14_18;vain;1
1328;14/2021;2021_14_18;vakaa;1
1328;14/2021;2021_14_18;valtio;1
1328;14/2021;2021_14_18;vapaakaupan;1
1328;14/2021;2021_14_18;vapaakauppaa;1
1328;14/2021;2021_14_18;vararikon;1
1328;14/2021;2021_14_18;velkaa;1
1328;14/2021;2021_14_18;velkaantua;1
1328;14/2021;2021_14_18;venäjä;1
1328;14/2021;2021_14_18;vientiä;1
1328;14/2021;2021_14_18;viikot;1
1328;14/2021;2021_14_18;viime;1
1328;14/2021;2021_14_18;vioista;1
1328;14/2021;2021_14_18;virallisen;1
1328;14/2021;2021_14_18;virheitä;1
1328;14/2021;2021_14_18;virkamiehiä;1
1328;14/2021;2021_14_18;voi;1
1328;14/2021;2021_14_18;vuoden;1
1328;14/2021;2021_14_18;vuonna;2
1328;14/2021;2021_14_18;välillä;1
1328;14/2021;2021_14_18;väline;1
1328;14/2021;2021_14_18;yhdessä;2
1328;14/2021;2021_14_18;yhdysvalloista;1
1328;14/2021;2021_14_18;yhdysvaltoja;1
1328;14/2021;2021_14_18;yhdysvaltojen;2
1328;14/2021;2021_14_18;yhteisenä;1
1328;14/2021;2021_14_18;yhteisiä;1
1328;14/2021;2021_14_18;yhteistä;2
1328;14/2021;2021_14_18;yhteisö;2
1328;14/2021;2021_14_18;yhteisön;1
1328;14/2021;2021_14_18;yhteisöstä;1
1328;14/2021;2021_14_18;yhtenäinen;1
1328;14/2021;2021_14_18;yhtä;1
1328;14/2021;2021_14_18;yksin;2
1328;14/2021;2021_14_18;yllä;1
1328;14/2021;2021_14_18;yrityksillä;1
1328;14/2021;2021_14_18;yrityksiä;1
1328;14/2021;2021_14_18;yritysten;1
1328;14/2021;2021_14_18;yya-suomi;1
1328;14/2021;2021_14_18;ärade;3
1328;14/2022;2022_14_20;aika;1
1328;14/2022;2022_14_20;aikaa;1
1328;14/2022;2022_14_20;aikoina;1
1328;14/2022;2022_14_20;aikoinaan;1
1328;14/2022;2022_14_20;aikoja;1
1328;14/2022;2022_14_20;ajan;1
1328;14/2022;2022_14_20;ajankohtaisia;1
1328;14/2022;2022_14_20;arvoisa;3
1328;14/2022;2022_14_20;arvosta;1
1328;14/2022;2022_14_20;aseistukseen;1
1328;14/2022;2022_14_20;aseistus;1
1328;14/2022;2022_14_20;asemansa;1
1328;14/2022;2022_14_20;asettua;1
1328;14/2022;2022_14_20;asevientiä;1
1328;14/2022;2022_14_20;asioita;1
1328;14/2022;2022_14_20;avulla;1
1328;14/2022;2022_14_20;avuttomiksi;1
1328;14/2022;2022_14_20;ehdottomasti;1
1328;14/2022;2022_14_20;ei;10
1328;14/2022;2022_14_20;eikä;1
1328;14/2022;2022_14_20;elämme;1
1328;14/2022;2022_14_20;elää;1
1328;14/2022;2022_14_20;energiantuonnin;1
1328;14/2022;2022_14_20;enää;1
1328;14/2022;2022_14_20;epävarmoja;1
1328;14/2022;2022_14_20;erittäin;2
1328;14/2022;2022_14_20;erityisen;1
1328;14/2022;2022_14_20;esimerkiksi;1
1328;14/2022;2022_14_20;eteen;1
1328;14/2022;2022_14_20;että;6
1328;14/2022;2022_14_20;eu;1
1328;14/2022;2022_14_20;eurooppa;1
1328;14/2022;2022_14_20;fennovoiman;1
1328;14/2022;2022_14_20;hakea;1
1328;14/2022;2022_14_20;hallitsevat;1
1328;14/2022;2022_14_20;helpottaa;1
1328;14/2022;2022_14_20;hengitystään;1
1328;14/2022;2022_14_20;henkilösuhteitaan;1
1328;14/2022;2022_14_20;huolehtiminen;1
1328;14/2022;2022_14_20;huolella;1
1328;14/2022;2022_14_20;huolissaan;1
1328;14/2022;2022_14_20;huomion;1
1328;14/2022;2022_14_20;hyvin;1
1328;14/2022;2022_14_20;hyvä;1
1328;14/2022;2022_14_20;hän;1
1328;14/2022;2022_14_20;hävittäjähankinnat;1
1328;14/2022;2022_14_20;idästä;1
1328;14/2022;2022_14_20;ihmiset;1
1328;14/2022;2022_14_20;ilmansuuntiin;1
1328;14/2022;2022_14_20;ilmavoimien;1
1328;14/2022;2022_14_20;informaatiosota;1
1328;14/2022;2022_14_20;investoinnit;1
1328;14/2022;2022_14_20;itämeren;1
1328;14/2022;2022_14_20;itämeri;1
1328;14/2022;2022_14_20;ja;23
1328;14/2022;2022_14_20;jatkaa;1
1328;14/2022;2022_14_20;jatkuvasti;2
1328;14/2022;2022_14_20;johda;1
1328;14/2022;2022_14_20;joiden;1
1328;14/2022;2022_14_20;joko;1
1328;14/2022;2022_14_20;jos;2
1328;14/2022;2022_14_20;jossa;1
1328;14/2022;2022_14_20;juoda;1
1328;14/2022;2022_14_20;juuri;2
1328;14/2022;2022_14_20;jäsenyyttä;1
1328;14/2022;2022_14_20;kaapeli;1
1328;14/2022;2022_14_20;kaikkein;2
1328;14/2022;2022_14_20;kaikki;3
1328;14/2022;2022_14_20;kaikkiin;1
1328;14/2022;2022_14_20;kaksi;1
1328;14/2022;2022_14_20;kaliningradin;1
1328;14/2022;2022_14_20;kalliiksi;1
1328;14/2022;2022_14_20;kannatan;1
1328;14/2022;2022_14_20;kannattaa;1
1328;14/2022;2022_14_20;kansalaisia;1
1328;14/2022;2022_14_20;kanssa;1
1328;14/2022;2022_14_20;kehitettävä;1
1328;14/2022;2022_14_20;kehittää;1
1328;14/2022;2022_14_20;kertoa;1
1328;14/2022;2022_14_20;kestävä;1
1328;14/2022;2022_14_20;kiinan;1
1328;14/2022;2022_14_20;kiinni;1
1328;14/2022;2022_14_20;kiinnostaa;1
1328;14/2022;2022_14_20;kiinnostuneempi;1
1328;14/2022;2022_14_20;kolmasosaa;1
1328;14/2022;2022_14_20;korkealla;1
1328;14/2022;2022_14_20;korvaaminen;1
1328;14/2022;2022_14_20;koska;1
1328;14/2022;2022_14_20;koskea;1
1328;14/2022;2022_14_20;koskevia;1
1328;14/2022;2022_14_20;kovin;1
1328;14/2022;2022_14_20;kriiseissä;1
1328;14/2022;2022_14_20;kriisiin;1
1328;14/2022;2022_14_20;kriisitilanteessa;2
1328;14/2022;2022_14_20;kriittisesti;1
1328;14/2022;2022_14_20;kuin;2
1328;14/2022;2022_14_20;kuitenkin;1
1328;14/2022;2022_14_20;kukaan;2
1328;14/2022;2022_14_20;kulje;1
1328;14/2022;2022_14_20;kulmakivet;1
1328;14/2022;2022_14_20;kumppaninsa;1
1328;14/2022;2022_14_20;kun;1
1328;14/2022;2022_14_20;kuten;3
1328;14/2022;2022_14_20;kyberhyökkäyksillä;1
1328;14/2022;2022_14_20;kyberhyökkäyksiä;1
1328;14/2022;2022_14_20;kyky;1
1328;14/2022;2022_14_20;kännykkä;1
1328;14/2022;2022_14_20;käydään;1
1328;14/2022;2022_14_20;käyttämään;1
1328;14/2022;2022_14_20;käyttänyt;1
1328;14/2022;2022_14_20;käytössä;1
1328;14/2022;2022_14_20;laittamaan;1
1328;14/2022;2022_14_20;liittyviin;1
1328;14/2022;2022_14_20;linjalla;2
1328;14/2022;2022_14_20;lisäpanostuksia;1
1328;14/2022;2022_14_20;lyhytnäköisellä;1
1328;14/2022;2022_14_20;lähde;1
1328;14/2022;2022_14_20;lännestä;1
1328;14/2022;2022_14_20;läntistä;1
1328;14/2022;2022_14_20;maailma;1
1328;14/2022;2022_14_20;maailmaa;1
1328;14/2022;2022_14_20;maailmanjärjestykseen;1
1328;14/2022;2022_14_20;maanpuolustustahdon;1
1328;14/2022;2022_14_20;maanpuolustustahto;2
1328;14/2022;2022_14_20;maassa;1
1328;14/2022;2022_14_20;maatamme;1
1328;14/2022;2022_14_20;mahdollinen;1
1328;14/2022;2022_14_20;mahdollisuus;1
1328;14/2022;2022_14_20;meidän;2
1328;14/2022;2022_14_20;meille;1
1328;14/2022;2022_14_20;meillä;2
1328;14/2022;2022_14_20;mekin;1
1328;14/2022;2022_14_20;merenpohjassa;1
1328;14/2022;2022_14_20;merivoimien;1
1328;14/2022;2022_14_20;merkittävä;1
1328;14/2022;2022_14_20;mihinkään;1
1328;14/2022;2022_14_20;millainen;1
1328;14/2022;2022_14_20;missään;1
1328;14/2022;2022_14_20;mukaan;1
1328;14/2022;2022_14_20;mukaista;1
1328;14/2022;2022_14_20;mukana;1
1328;14/2022;2022_14_20;mutta;2
1328;14/2022;2022_14_20;muu;1
1328;14/2022;2022_14_20;myös;3
1328;14/2022;2022_14_20;naton;2
1328;14/2022;2022_14_20;ne;2
1328;14/2022;2022_14_20;neuvostoliitto;1
1328;14/2022;2022_14_20;niiden;1
1328;14/2022;2022_14_20;niin;3
1328;14/2022;2022_14_20;niinistö;1
1328;14/2022;2022_14_20;niinistön;1
1328;14/2022;2022_14_20;niitä;1
1328;14/2022;2022_14_20;nimessä;1
1328;14/2022;2022_14_20;nykyaikaiseen;1
1328;14/2022;2022_14_20;nykyinen;1
1328;14/2022;2022_14_20;nykyisiä;1
1328;14/2022;2022_14_20;nyt;2
1328;14/2022;2022_14_20;näiden;1
1328;14/2022;2022_14_20;näinä;1
1328;14/2022;2022_14_20;näkymätöntä;1
1328;14/2022;2022_14_20;ole;2
1328;14/2022;2022_14_20;olisimme;1
1328;14/2022;2022_14_20;olla;1
1328;14/2022;2022_14_20;oltava;1
1328;14/2022;2022_14_20;on;18
1328;14/2022;2022_14_20;ongelmana;1
1328;14/2022;2022_14_20;onko;1
1328;14/2022;2022_14_20;osa;1
1328;14/2022;2022_14_20;ovat;5
1328;14/2022;2022_14_20;pahimpaan;1
1328;14/2022;2022_14_20;pahinta;1
1328;14/2022;2022_14_20;painoarvonsa;1
1328;14/2022;2022_14_20;paljon;1
1328;14/2022;2022_14_20;pelinappulaksi;1
1328;14/2022;2022_14_20;perustoimintaan;1
1328;14/2022;2022_14_20;pidä;1
1328;14/2022;2022_14_20;pidättää;1
1328;14/2022;2022_14_20;pietarin;1
1328;14/2022;2022_14_20;pilvipalveluista;1
1328;14/2022;2022_14_20;pitäisi;1
1328;14/2022;2022_14_20;pitää;10
1328;14/2022;2022_14_20;pohja;1
1328;14/2022;2022_14_20;pohjalle;1
1328;14/2022;2022_14_20;poikki;2
1328;14/2022;2022_14_20;presidentti;2
1328;14/2022;2022_14_20;puhemies;3
1328;14/2022;2022_14_20;puhutaan;1
1328;14/2022;2022_14_20;puolelta;1
1328;14/2022;2022_14_20;puolustaa;1
1328;14/2022;2022_14_20;puolustusbudjettimme;1
1328;14/2022;2022_14_20;puolustuskyky;1
1328;14/2022;2022_14_20;putinin;2
1328;14/2022;2022_14_20;pyhäjoella;1
1328;14/2022;2022_14_20;pyritään;1
1328;14/2022;2022_14_20;pyrkii;2
1328;14/2022;2022_14_20;pyrkimys;1
1328;14/2022;2022_14_20;pysty;1
1328;14/2022;2022_14_20;pysyy;1
1328;14/2022;2022_14_20;päiden;1
1328;14/2022;2022_14_20;päätetään;1
1328;14/2022;2022_14_20;rajalle;1
1328;14/2022;2022_14_20;rakentamista;1
1328;14/2022;2022_14_20;rakentuu;1
1328;14/2022;2022_14_20;rauhallisessa;1
1328;14/2022;2022_14_20;rautaa;1
1328;14/2022;2022_14_20;riittävä;2
1328;14/2022;2022_14_20;roolista;1
1328;14/2022;2022_14_20;ruotsin;2
1328;14/2022;2022_14_20;ryntäilemään;1
1328;14/2022;2022_14_20;saamme;1
1328;14/2022;2022_14_20;samassa;1
1328;14/2022;2022_14_20;se;3
1328;14/2022;2022_14_20;sekoilu;1
1328;14/2022;2022_14_20;selkeästi;1
1328;14/2022;2022_14_20;sellainen;1
1328;14/2022;2022_14_20;selvitettävä;1
1328;14/2022;2022_14_20;selvää;1
1328;14/2022;2022_14_20;sen;2
1328;14/2022;2022_14_20;seuraava;1
1328;14/2022;2022_14_20;siinä;2
1328;14/2022;2022_14_20;siirto;1
1328;14/2022;2022_14_20;siitä;2
1328;14/2022;2022_14_20;siltojen;1
1328;14/2022;2022_14_20;sitten;1
1328;14/2022;2022_14_20;sitä;2
1328;14/2022;2022_14_20;sodankäynti;1
1328;14/2022;2022_14_20;sodankäyntiä;1
1328;14/2022;2022_14_20;sopimuksia;1
1328;14/2022;2022_14_20;sopimusten;1
1328;14/2022;2022_14_20;sotatilanteessa;1
1328;14/2022;2022_14_20;sotiin;1
1328;14/2022;2022_14_20;suhtautua;1
1328;14/2022;2022_14_20;suomea;2
1328;14/2022;2022_14_20;suomella;1
1328;14/2022;2022_14_20;suomen;5
1328;14/2022;2022_14_20;suomessa;1
1328;14/2022;2022_14_20;suomi;2
1328;14/2022;2022_14_20;suunnitelma;1
1328;14/2022;2022_14_20;suunnitelman;1
1328;14/2022;2022_14_20;suunniteltu;1
1328;14/2022;2022_14_20;suuntaan;1
1328;14/2022;2022_14_20;suurvaltapolitiikan;1
1328;14/2022;2022_14_20;syventää;1
1328;14/2022;2022_14_20;syystä;1
1328;14/2022;2022_14_20;sähkö;1
1328;14/2022;2022_14_20;tai;3
1328;14/2022;2022_14_20;taivaalla;1
1328;14/2022;2022_14_20;takia;1
1328;14/2022;2022_14_20;talman;3
1328;14/2022;2022_14_20;tarpeeseen;1
1328;14/2022;2022_14_20;tarvitsee;1
1328;14/2022;2022_14_20;tarvitsemmeko;1
1328;14/2022;2022_14_20;taso;1
1328;14/2022;2022_14_20;tasolla;1
1328;14/2022;2022_14_20;tehdään;1
1328;14/2022;2022_14_20;tehtävä;1
1328;14/2022;2022_14_20;tempoilulla;1
1328;14/2022;2022_14_20;terveen;1
1328;14/2022;2022_14_20;tiedä;1
1328;14/2022;2022_14_20;tieto;1
1328;14/2022;2022_14_20;tietoverkot;1
1328;14/2022;2022_14_20;tilanteessa;1
1328;14/2022;2022_14_20;tilanteesta;1
1328;14/2022;2022_14_20;tinkiä;1
1328;14/2022;2022_14_20;toimi;1
1328;14/2022;2022_14_20;toivoisimme;1
1328;14/2022;2022_14_20;toivottavasti;1
1328;14/2022;2022_14_20;tulee;3
1328;14/2022;2022_14_20;tulevaisuudessa;1
1328;14/2022;2022_14_20;tulevat;3
1328;14/2022;2022_14_20;tunnistaa;1
1328;14/2022;2022_14_20;turvallisen;1
1328;14/2022;2022_14_20;turvallisessa;1
1328;14/2022;2022_14_20;turvallista;1
1328;14/2022;2022_14_20;tutkimusten;1
1328;14/2022;2022_14_20;tämä;1
1328;14/2022;2022_14_20;tämän;1
1328;14/2022;2022_14_20;tärkeintä;1
1328;14/2022;2022_14_20;tärkeämpää;1
1328;14/2022;2022_14_20;tässä;2
1328;14/2022;2022_14_20;tästä;2
1328;14/2022;2022_14_20;tätä;1
1328;14/2022;2022_14_20;ukrainaa;1
1328;14/2022;2022_14_20;ukrainaan;1
1328;14/2022;2022_14_20;ukrainan;1
1328;14/2022;2022_14_20;uskottava;2
1328;14/2022;2022_14_20;uuden;1
1328;14/2022;2022_14_20;uutisiin;1
1328;14/2022;2022_14_20;vaan;1
1328;14/2022;2022_14_20;vai;1
1328;14/2022;2022_14_20;vaikuttamaan;1
1328;14/2022;2022_14_20;vaikutusvaltaa;1
1328;14/2022;2022_14_20;vain;1
1328;14/2022;2022_14_20;vakiintuneesta;1
1328;14/2022;2022_14_20;valita;1
1328;14/2022;2022_14_20;valitsemallaan;1
1328;14/2022;2022_14_20;valmiutta;1
1328;14/2022;2022_14_20;valtion;1
1328;14/2022;2022_14_20;valvonta;1
1328;14/2022;2022_14_20;varautuminen;1
1328;14/2022;2022_14_20;varautumissuunnitelmaa;1
1328;14/2022;2022_14_20;varmistaa;2
1328;14/2022;2022_14_20;varpaillaan;1
1328;14/2022;2022_14_20;varten;1
1328;14/2022;2022_14_20;venäjä;1
1328;14/2022;2022_14_20;venäjältä;1
1328;14/2022;2022_14_20;venäjän;2
1328;14/2022;2022_14_20;venäjää;1
1328;14/2022;2022_14_20;vettä;1
1328;14/2022;2022_14_20;viemään;1
1328;14/2022;2022_14_20;vihollinen;1
1328;14/2022;2022_14_20;vladimir;1
1328;14/2022;2022_14_20;voi;2
1328;14/2022;2022_14_20;ydinvoimalasta;1
1328;14/2022;2022_14_20;yhdessä;1
1328;14/2022;2022_14_20;yhdysvallat;2
1328;14/2022;2022_14_20;yhdysvaltojen;1
1328;14/2022;2022_14_20;yhteiskunnan;1
1328;14/2022;2022_14_20;yhteiskuntaa;1
1328;14/2022;2022_14_20;yhteistyötä;1
1328;14/2022;2022_14_20;yhtenäisesti;1
1328;14/2022;2022_14_20;yksityisiä;1
1328;14/2022;2022_14_20;yläpuolella;1
1328;14/2022;2022_14_20;yrityksiä;1
1328;14/2022;2022_14_20;ärade;3
1328;14/2024;2024_14_95;arvoisa;1
1328;14/2024;2024_14_95;bruttokansantuote;2
1328;14/2024;2024_14_95;bruttokansantuotteen;1
1328;14/2024;2024_14_95;ei;3
1328;14/2024;2024_14_95;eli;1
1328;14/2024;2024_14_95;enemmän;1
1328;14/2024;2024_14_95;ennustanut;1
1328;14/2024;2024_14_95;ennusteiden;1
1328;14/2024;2024_14_95;että;1
1328;14/2024;2024_14_95;hallitus;1
1328;14/2024;2024_14_95;hetkellä;1
1328;14/2024;2024_14_95;ilman;1
1328;14/2024;2024_14_95;ja;5
1328;14/2024;2024_14_95;joka;1
1328;14/2024;2024_14_95;joudutte;1
1328;14/2024;2024_14_95;kasvua;2
1328;14/2024;2024_14_95;kiitos;1
1328;14/2024;2024_14_95;kolme;1
1328;14/2024;2024_14_95;kuin;1
1328;14/2024;2024_14_95;kuitenkaan;1
1328;14/2024;2024_14_95;kun;1
1328;14/2024;2024_14_95;laskenut;1
1328;14/2024;2024_14_95;leikkaamaan;2
1328;14/2024;2024_14_95;lienee;1
1328;14/2024;2024_14_95;lisääntyy;1
1328;14/2024;2024_14_95;lokajoulukuussa;1
1328;14/2024;2024_14_95;menty;1
1328;14/2024;2024_14_95;mikä;1
1328;14/2024;2024_14_95;miljardia;1
1328;14/2024;2024_14_95;ministeri;1
1328;14/2024;2024_14_95;minkäänlaista;1
1328;14/2024;2024_14_95;mistä;1
1328;14/2024;2024_14_95;mukaan;2
1328;14/2024;2024_14_95;mutta;1
1328;14/2024;2024_14_95;neljä;1
1328;14/2024;2024_14_95;nouse;1
1328;14/2024;2024_14_95;nousemista;1
1328;14/2024;2024_14_95;odotuksia;1
1328;14/2024;2024_14_95;ole;1
1328;14/2024;2024_14_95;ollaan;1
1328;14/2024;2024_14_95;on;4
1328;14/2024;2024_14_95;paljon;1
1328;14/2024;2024_14_95;paljonko;1
1328;14/2024;2024_14_95;pitäisi;1
1328;14/2024;2024_14_95;pohja;1
1328;14/2024;2024_14_95;pois;1
1328;14/2024;2024_14_95;prosentilla;1
1328;14/2024;2024_14_95;prosentin;1
1328;14/2024;2024_14_95;prosenttia;1
1328;14/2024;2024_14_95;puhemies;1
1328;14/2024;2024_14_95;purra;1
1328;14/2024;2024_14_95;putoaa;1
1328;14/2024;2024_14_95;se;1
1328;14/2024;2024_14_95;sen;1
1328;14/2024;2024_14_95;suurempi;1
1328;14/2024;2024_14_95;säästää;1
1328;14/2024;2024_14_95;talman;1
1328;14/2024;2024_14_95;te;2
1328;14/2024;2024_14_95;teidän;1
1328;14/2024;2024_14_95;teillä;1
1328;14/2024;2024_14_95;teiltä;1
1328;14/2024;2024_14_95;tekee;1
1328;14/2024;2024_14_95;tilastojen;1
1328;14/2024;2024_14_95;toteutumaan;1
1328;14/2024;2024_14_95;tule;1
1328;14/2024;2024_14_95;tulette;1
1328;14/2024;2024_14_95;työttömyys;1
1328;14/2024;2024_14_95;työtöntä;1
1328;14/2024;2024_14_95;tällä;1
1328;14/2024;2024_14_95;tämä;2
1328;14/2024;2024_14_95;uusien;1
1328;14/2024;2024_14_95;valtiovarainministeriö;1
1328;14/2024;2024_14_95;viime;2
1328;14/2024;2024_14_95;vuodesta;1
1328;14/2024;2024_14_95;vuonna;1
1328;14/2024;2024_14_95;vuotta;1
1328;14/2024;2024_14_95;yhden;1
1328;14/2024;2024_14_95;yli;1
1328;14/2024;2024_14_95;ärade;1
1328;14/2025;2025_14_134;aikaa;2
1328;14/2025;2025_14_134;aiotaan;1
1328;14/2025;2025_14_134;ajan;1
1328;14/2025;2025_14_134;alaisesta;1
1328;14/2025;2025_14_134;alkaa;1
1328;14/2025;2025_14_134;alku;1
1328;14/2025;2025_14_134;allekirjoitti;1
1328;14/2025;2025_14_134;aloittaa;1
1328;14/2025;2025_14_134;armeijasta;1
1328;14/2025;2025_14_134;artikla;1
1328;14/2025;2025_14_134;arvoisa;4
1328;14/2025;2025_14_134;arvopohjaista;1
1328;14/2025;2025_14_134;arvosta;1
1328;14/2025;2025_14_134;asioista;1
1328;14/2025;2025_14_134;auttamassa;1
1328;14/2025;2025_14_134;avustanut;1
1328;14/2025;2025_14_134;bktstä;1
1328;14/2025;2025_14_134;budjetit;1
1328;14/2025;2025_14_134;edes;1
1328;14/2025;2025_14_134;eduskunnassa;1
1328;14/2025;2025_14_134;ei;7
1328;14/2025;2025_14_134;eilen;1
1328;14/2025;2025_14_134;eivät;2
1328;14/2025;2025_14_134;eksoottisessa;1
1328;14/2025;2025_14_134;enemmän;1
1328;14/2025;2025_14_134;ennen;1
1328;14/2025;2025_14_134;epäkunnossa;1
1328;14/2025;2025_14_134;epäluottamusta;1
1328;14/2025;2025_14_134;epävarmuutta;2
1328;14/2025;2025_14_134;eri;2
1328;14/2025;2025_14_134;että;3
1328;14/2025;2025_14_134;eu-maat;1
1328;14/2025;2025_14_134;eun;1
1328;14/2025;2025_14_134;euroa;1
1328;14/2025;2025_14_134;euron;1
1328;14/2025;2025_14_134;harhakuva;1
1328;14/2025;2025_14_134;harhakuvaksi;1
1328;14/2025;2025_14_134;heidät;1
1328;14/2025;2025_14_134;hetken;1
1328;14/2025;2025_14_134;hoettiin;1
1328;14/2025;2025_14_134;hoitaminen;1
1328;14/2025;2025_14_134;hoituvat;1
1328;14/2025;2025_14_134;hokema;1
1328;14/2025;2025_14_134;huhtikuussa;1
1328;14/2025;2025_14_134;huoli;1
1328;14/2025;2025_14_134;huolta;1
1328;14/2025;2025_14_134;huoltovarmuus;1
1328;14/2025;2025_14_134;huoltovarmuutta;1
1328;14/2025;2025_14_134;hyvin;1
1328;14/2025;2025_14_134;hyvä;2
1328;14/2025;2025_14_134;hyödyntää;1
1328;14/2025;2025_14_134;hyökkäyksestä;1
1328;14/2025;2025_14_134;hävittäjähankinnat;1
1328;14/2025;2025_14_134;ihmisiin;1
1328;14/2025;2025_14_134;ja;21
1328;14/2025;2025_14_134;jo;1
1328;14/2025;2025_14_134;joka;2
1328;14/2025;2025_14_134;jonka;1
1328;14/2025;2025_14_134;jos;1
1328;14/2025;2025_14_134;jossain;1
1328;14/2025;2025_14_134;järjestää;1
1328;14/2025;2025_14_134;kaatuu;1
1328;14/2025;2025_14_134;kahta;1
1328;14/2025;2025_14_134;kaikin;1
1328;14/2025;2025_14_134;kaikki;1
1328;14/2025;2025_14_134;kaksi;1
1328;14/2025;2025_14_134;kannalta;1
1328;14/2025;2025_14_134;kannattaa;1
1328;14/2025;2025_14_134;kannattaako;1
1328;14/2025;2025_14_134;kannattelevat;1
1328;14/2025;2025_14_134;kansainvälisen;1
1328;14/2025;2025_14_134;kautta;2
1328;14/2025;2025_14_134;keinoin;1
1328;14/2025;2025_14_134;kerrotut;1
1328;14/2025;2025_14_134;keskenään;2
1328;14/2025;2025_14_134;keskustelua;1
1328;14/2025;2025_14_134;kiitos;2
1328;14/2025;2025_14_134;kokonaisturvallisuuden;1
1328;14/2025;2025_14_134;kolme;1
1328;14/2025;2025_14_134;kolmen;1
1328;14/2025;2025_14_134;koota;1
1328;14/2025;2025_14_134;korvaukset;1
1328;14/2025;2025_14_134;koska;1
1328;14/2025;2025_14_134;kotimainen;1
1328;14/2025;2025_14_134;kotimaisen;2
1328;14/2025;2025_14_134;koulutetaan;1
1328;14/2025;2025_14_134;kuin;1
1328;14/2025;2025_14_134;kukaan;1
1328;14/2025;2025_14_134;kulunut;1
1328;14/2025;2025_14_134;kun;2
1328;14/2025;2025_14_134;kunnon;1
1328;14/2025;2025_14_134;kuntoon;3
1328;14/2025;2025_14_134;kuuluu;1
1328;14/2025;2025_14_134;kymmeneksi;1
1328;14/2025;2025_14_134;kymmenessä;1
1328;14/2025;2025_14_134;kysellä;1
1328;14/2025;2025_14_134;kysymys;2
1328;14/2025;2025_14_134;käsitelty;1
1328;14/2025;2025_14_134;käydä;1
1328;14/2025;2025_14_134;käynnisty;1
1328;14/2025;2025_14_134;käyty;1
1328;14/2025;2025_14_134;laittaa;1
1328;14/2025;2025_14_134;linjaa;1
1328;14/2025;2025_14_134;linjaaminen;1
1328;14/2025;2025_14_134;linjan;2
1328;14/2025;2025_14_134;lisää;2
1328;14/2025;2025_14_134;luo;1
1328;14/2025;2025_14_134;lähtien;1
1328;14/2025;2025_14_134;löytyykö;1
1328;14/2025;2025_14_134;maailma;1
1328;14/2025;2025_14_134;maassa;1
1328;14/2025;2025_14_134;mahdollisia;1
1328;14/2025;2025_14_134;mahdollisin;1
1328;14/2025;2025_14_134;mahdollisissa;1
1328;14/2025;2025_14_134;maksetaan;1
1328;14/2025;2025_14_134;meidän;1
1328;14/2025;2025_14_134;meille;1
1328;14/2025;2025_14_134;meillä;2
1328;14/2025;2025_14_134;melkein;1
1328;14/2025;2025_14_134;meneillään;1
1328;14/2025;2025_14_134;mennään;1
1328;14/2025;2025_14_134;mielipide;1
1328;14/2025;2025_14_134;mikä;1
1328;14/2025;2025_14_134;miljardia;1
1328;14/2025;2025_14_134;miljardin;1
1328;14/2025;2025_14_134;missä;1
1328;14/2025;2025_14_134;miten;2
1328;14/2025;2025_14_134;monivuotisia;1
1328;14/2025;2025_14_134;muistaa;1
1328;14/2025;2025_14_134;mukaan;1
1328;14/2025;2025_14_134;mukana;2
1328;14/2025;2025_14_134;mutta;2
1328;14/2025;2025_14_134;muu;1
1328;14/2025;2025_14_134;nappia;1
1328;14/2025;2025_14_134;nato-optiota;1
1328;14/2025;2025_14_134;naton;3
1328;14/2025;2025_14_134;ne;1
1328;14/2025;2025_14_134;niistä;1
1328;14/2025;2025_14_134;nopean;1
1328;14/2025;2025_14_134;nostamaan;1
1328;14/2025;2025_14_134;nyt;6
1328;14/2025;2025_14_134;oikealta;1
1328;14/2025;2025_14_134;ole;4
1328;14/2025;2025_14_134;oleva;1
1328;14/2025;2025_14_134;olevan;1
1328;14/2025;2025_14_134;olevat;1
1328;14/2025;2025_14_134;oli;1
1328;14/2025;2025_14_134;olisi;2
1328;14/2025;2025_14_134;olla;4
1328;14/2025;2025_14_134;ollaan;1
1328;14/2025;2025_14_134;oltava;1
1328;14/2025;2025_14_134;oma;1
1328;14/2025;2025_14_134;omista;1
1328;14/2025;2025_14_134;on;17
1328;14/2025;2025_14_134;orpon;1
1328;14/2025;2025_14_134;osuutta;1
1328;14/2025;2025_14_134;ottaa;1
1328;14/2025;2025_14_134;ovat;1
1328;14/2025;2025_14_134;painamalla;1
1328;14/2025;2025_14_134;paketit;1
1328;14/2025;2025_14_134;paljastu;1
1328;14/2025;2025_14_134;paljonko;1
1328;14/2025;2025_14_134;parasta;1
1328;14/2025;2025_14_134;pelata;1
1328;14/2025;2025_14_134;pelkkä;1
1328;14/2025;2025_14_134;pensaaseen;1
1328;14/2025;2025_14_134;perinteisestä;1
1328;14/2025;2025_14_134;perustua;1
1328;14/2025;2025_14_134;perustuvasta;1
1328;14/2025;2025_14_134;pidä;2
1328;14/2025;2025_14_134;pistää;1
1328;14/2025;2025_14_134;pitää;13
1328;14/2025;2025_14_134;pitääkö;1
1328;14/2025;2025_14_134;presidentillä;1
1328;14/2025;2025_14_134;presidentin;1
1328;14/2025;2025_14_134;presidentti;2
1328;14/2025;2025_14_134;prosenttia;1
1328;14/2025;2025_14_134;prosenttiin;1
1328;14/2025;2025_14_134;puhemies;4
1328;14/2025;2025_14_134;puoluekaverukset;1
1328;14/2025;2025_14_134;puolustuksen;1
1328;14/2025;2025_14_134;puolustusmateriaaliin;1
1328;14/2025;2025_14_134;puolustusmenojen;1
1328;14/2025;2025_14_134;puolustusministerillä;1
1328;14/2025;2025_14_134;puolustusteollisuuden;2
1328;14/2025;2025_14_134;päiden;1
1328;14/2025;2025_14_134;päivittää;1
1328;14/2025;2025_14_134;päivityksen;1
1328;14/2025;2025_14_134;päivä;1
1328;14/2025;2025_14_134;päivänä;1
1328;14/2025;2025_14_134;päivässä;1
1328;14/2025;2025_14_134;pää;1
1328;14/2025;2025_14_134;pääministeri;1
1328;14/2025;2025_14_134;pääministerillä;1
1328;14/2025;2025_14_134;pääministerin;1
1328;14/2025;2025_14_134;päättävät;1
1328;14/2025;2025_14_134;rauhanneuvotteluissa;1
1328;14/2025;2025_14_134;realismia;1
1328;14/2025;2025_14_134;realisti;1
1328;14/2025;2025_14_134;reilua;1
1328;14/2025;2025_14_134;reilun;1
1328;14/2025;2025_14_134;reilut;1
1328;14/2025;2025_14_134;reserviläisiin;1
1328;14/2025;2025_14_134;rooleistaan;1
1328;14/2025;2025_14_134;roolinsa;1
1328;14/2025;2025_14_134;saa;1
1328;14/2025;2025_14_134;saada;4
1328;14/2025;2025_14_134;saaneet;1
1328;14/2025;2025_14_134;sattuvat;1
1328;14/2025;2025_14_134;se;7
1328;14/2025;2025_14_134;sekavassa;1
1328;14/2025;2025_14_134;selkeä;1
1328;14/2025;2025_14_134;selkeän;1
1328;14/2025;2025_14_134;selkeää;1
1328;14/2025;2025_14_134;sellainen;2
1328;14/2025;2025_14_134;selonteko;1
1328;14/2025;2025_14_134;sen;2
1328;14/2025;2025_14_134;seuraa;1
1328;14/2025;2025_14_134;seuraavaksi;1
1328;14/2025;2025_14_134;siihen;1
1328;14/2025;2025_14_134;siinä;2
1328;14/2025;2025_14_134;silloin;3
1328;14/2025;2025_14_134;sitä;1
1328;14/2025;2025_14_134;sivussa;1
1328;14/2025;2025_14_134;sopimuksen;1
1328;14/2025;2025_14_134;sopivat;2
1328;14/2025;2025_14_134;sotaa;1
1328;14/2025;2025_14_134;sotilaan;1
1328;14/2025;2025_14_134;sotilas;1
1328;14/2025;2025_14_134;stubb;1
1328;14/2025;2025_14_134;sujuvasti;1
1328;14/2025;2025_14_134;suomalainen;1
1328;14/2025;2025_14_134;suomen;5
1328;14/2025;2025_14_134;suomesta;1
1328;14/2025;2025_14_134;suomi;2
1328;14/2025;2025_14_134;suunnitelmia;1
1328;14/2025;2025_14_134;tai;1
1328;14/2025;2025_14_134;taistelujoukko;1
1328;14/2025;2025_14_134;takaa;1
1328;14/2025;2025_14_134;talman;3
1328;14/2025;2025_14_134;talous;4
1328;14/2025;2025_14_134;tapahtua;1
1328;14/2025;2025_14_134;tarpeita;1
1328;14/2025;2025_14_134;tarvitsee;1
1328;14/2025;2025_14_134;tarvitsemme;1
1328;14/2025;2025_14_134;tasalla;1
1328;14/2025;2025_14_134;tavoin;1
1328;14/2025;2025_14_134;tavoite;1
1328;14/2025;2025_14_134;tehtävästä;1
1328;14/2025;2025_14_134;teollisuus;1
1328;14/2025;2025_14_134;tilaisuus;1
1328;14/2025;2025_14_134;tilanteessa;1
1328;14/2025;2025_14_134;tilaukset;1
1328;14/2025;2025_14_134;tilauskirjat;2
1328;14/2025;2025_14_134;toimeen;1
1328;14/2025;2025_14_134;toimia;1
1328;14/2025;2025_14_134;toiminnan;1
1328;14/2025;2025_14_134;toimivallasta;1
1328;14/2025;2025_14_134;toivoa;1
1328;14/2025;2025_14_134;toivottavasti;2
1328;14/2025;2025_14_134;tosipaikassa;1
1328;14/2025;2025_14_134;trump;1
1328;14/2025;2025_14_134;tuen;1
1328;14/2025;2025_14_134;tukea;1
1328;14/2025;2025_14_134;tukemiseen;1
1328;14/2025;2025_14_134;tulemaan;1
1328;14/2025;2025_14_134;tulevaan;1
1328;14/2025;2025_14_134;tuntuu;1
1328;14/2025;2025_14_134;tuotantoa;1
1328;14/2025;2025_14_134;turvallisuutta;1
1328;14/2025;2025_14_134;tällaista;1
1328;14/2025;2025_14_134;tämä;1
1328;14/2025;2025_14_134;tämän;1
1328;14/2025;2025_14_134;tänä;1
1328;14/2025;2025_14_134;tärkeää;1
1328;14/2025;2025_14_134;tässä;1
1328;14/2025;2025_14_134;tästä;2
1328;14/2025;2025_14_134;täydessä;1
1328;14/2025;2025_14_134;täysmittaisesti;1
1328;14/2025;2025_14_134;täyteen;2
1328;14/2025;2025_14_134;täällä;1
1328;14/2025;2025_14_134;ukrainaa;2
1328;14/2025;2025_14_134;ukrainaan;1
1328;14/2025;2025_14_134;ukrainalle;1
1328;14/2025;2025_14_134;ukrainan;2
1328;14/2025;2025_14_134;ukrainassa;2
1328;14/2025;2025_14_134;ulkomailla;1
1328;14/2025;2025_14_134;ulkoministerillä;1
1328;14/2025;2025_14_134;ulkopolitiikan;1
1328;14/2025;2025_14_134;ulkopolitiikka;1
1328;14/2025;2025_14_134;ulkopolitiikkaan;1
1328;14/2025;2025_14_134;unohtaa;1
1328;14/2025;2025_14_134;uskottavan;1
1328;14/2025;2025_14_134;uudesta;1
1328;14/2025;2025_14_134;uudet;1
1328;14/2025;2025_14_134;vaan;1
1328;14/2025;2025_14_134;vaatii;1
1328;14/2025;2025_14_134;vai;2
1328;14/2025;2025_14_134;vaikka;2
1328;14/2025;2025_14_134;vakavassa;1
1328;14/2025;2025_14_134;vallanjaosta;1
1328;14/2025;2025_14_134;valmis;1
1328;14/2025;2025_14_134;valmiudessa;1
1328;14/2025;2025_14_134;valmiusjoukoille;1
1328;14/2025;2025_14_134;valmiutta;1
1328;14/2025;2025_14_134;vanhentunut;1
1328;14/2025;2025_14_134;vapaaehtoisia;1
1328;14/2025;2025_14_134;vauhtia;1
1328;14/2025;2025_14_134;venäjä;1
1328;14/2025;2025_14_134;venäjän;1
1328;14/2025;2025_14_134;vie;1
1328;14/2025;2025_14_134;vielä;1
1328;14/2025;2025_14_134;vientimahdollisuuksia;1
1328;14/2025;2025_14_134;viides;1
1328;14/2025;2025_14_134;viime;1
1328;14/2025;2025_14_134;voi;1
1328;14/2025;2025_14_134;voimattomana;1
1328;14/2025;2025_14_134;voisi;1
1328;14/2025;2025_14_134;vuodeksi;1
1328;14/2025;2025_14_134;vuodesta;1
1328;14/2025;2025_14_134;vuosia;2
1328;14/2025;2025_14_134;vuotta;2
1328;14/2025;2025_14_134;väestönsuojat;1
1328;14/2025;2025_14_134;välihuutoja;1
1328;14/2025;2025_14_134;yhdysvallat;1
1328;14/2025;2025_14_134;yhdysvaltojen;1
1328;14/2025;2025_14_134;ykn;1
1328;14/2025;2025_14_134;yli;1
1328;14/2025;2025_14_134;ärade;3
1328;140/2020;2020_140_65;arvoisa;2
1328;140/2020;2020_140_65;autoa;1
1328;140/2020;2020_140_65;ei;3
1328;140/2020;2020_140_65;ette;1
1328;140/2020;2020_140_65;että;1
1328;140/2020;2020_140_65;hallitus;1
1328;140/2020;2020_140_65;haluaisin;1
1328;140/2020;2020_140_65;harakka;1
1328;140/2020;2020_140_65;ja;3
1328;140/2020;2020_140_65;joka;1
1328;140/2020;2020_140_65;jokaisen;1
1328;140/2020;2020_140_65;jos;1
1328;140/2020;2020_140_65;julkista;1
1328;140/2020;2020_140_65;järkeä;1
1328;140/2020;2020_140_65;kokonaisveroaste;1
1328;140/2020;2020_140_65;koska;2
1328;140/2020;2020_140_65;kuin;1
1328;140/2020;2020_140_65;kukkaroon;1
1328;140/2020;2020_140_65;kulutus;1
1328;140/2020;2020_140_65;käyttämään;1
1328;140/2020;2020_140_65;käyttävät;1
1328;140/2020;2020_140_65;liikennettä;1
1328;140/2020;2020_140_65;mainostanut;1
1328;140/2020;2020_140_65;matkat;1
1328;140/2020;2020_140_65;meinaatteko;1
1328;140/2020;2020_140_65;ministeri;1
1328;140/2020;2020_140_65;mitään;1
1328;140/2020;2020_140_65;niin;1
1328;140/2020;2020_140_65;nostaa;1
1328;140/2020;2020_140_65;nostatte;1
1328;140/2020;2020_140_65;nostatteko;1
1328;140/2020;2020_140_65;nousee;1
1328;140/2020;2020_140_65;ole;2
1328;140/2020;2020_140_65;olette;1
1328;140/2020;2020_140_65;ovat;1
1328;140/2020;2020_140_65;paikassa;1
1328;140/2020;2020_140_65;pienenee;1
1328;140/2020;2020_140_65;pientuloiset;1
1328;140/2020;2020_140_65;pitkiä;1
1328;140/2020;2020_140_65;polttoaineveroa;1
1328;140/2020;2020_140_65;polttoaineverotusta;1
1328;140/2020;2020_140_65;puhemies;1
1328;140/2020;2020_140_65;pysty;1
1328;140/2020;2020_140_65;rahaa;1
1328;140/2020;2020_140_65;ratkaisu;1
1328;140/2020;2020_140_65;saavat;1
1328;140/2020;2020_140_65;se;2
1328;140/2020;2020_140_65;silloin;1
1328;140/2020;2020_140_65;sitä;1
1328;140/2020;2020_140_65;suomalaisen;1
1328;140/2020;2020_140_65;suomalaiset;1
1328;140/2020;2020_140_65;suoran;1
1328;140/2020;2020_140_65;talman;1
1328;140/2020;2020_140_65;te;2
1328;140/2020;2020_140_65;teiltä;1
1328;140/2020;2020_140_65;tilille;1
1328;140/2020;2020_140_65;työmatkailuun;1
1328;140/2020;2020_140_65;tässä;1
1328;140/2020;2020_140_65;vai;1
1328;140/2020;2020_140_65;vaikuttaa;1
1328;140/2020;2020_140_65;vastauksen;1
1328;140/2020;2020_140_65;ärade;1
1328;140/2021;2021_140_15;ajamme;1
1328;140/2021;2021_140_15;arvoisa;1
1328;140/2021;2021_140_15;asioihin;1
1328;140/2021;2021_140_15;ei;1
1328;140/2021;2021_140_15;eikä;1
1328;140/2021;2021_140_15;eikö;1
1328;140/2021;2021_140_15;energian;1
1328;140/2021;2021_140_15;enää;1
1328;140/2021;2021_140_15;herra;1
1328;140/2021;2021_140_15;hiipuu;1
1328;140/2021;2021_140_15;hinnat;1
1328;140/2021;2021_140_15;hinta;1
1328;140/2021;2021_140_15;huolestuta;1
1328;140/2021;2021_140_15;ihmisillä;1
1328;140/2021;2021_140_15;inflaatio;1
1328;140/2021;2021_140_15;ja;2
1328;140/2021;2021_140_15;jossain;1
1328;140/2021;2021_140_15;kiihtyy;1
1328;140/2021;2021_140_15;kiitos;1
1328;140/2021;2021_140_15;kohene;1
1328;140/2021;2021_140_15;korotkin;1
1328;140/2021;2021_140_15;kuin;1
1328;140/2021;2021_140_15;kuluttaa;1
1328;140/2021;2021_140_15;kun;2
1328;140/2021;2021_140_15;ministeri;1
1328;140/2021;2021_140_15;muuhun;1
1328;140/2021;2021_140_15;nousevat;2
1328;140/2021;2021_140_15;näihin;1
1328;140/2021;2021_140_15;ole;1
1328;140/2021;2021_140_15;polttoaineen;1
1328;140/2021;2021_140_15;puhemies;1
1328;140/2021;2021_140_15;päin;1
1328;140/2021;2021_140_15;saarikko;1
1328;140/2021;2021_140_15;seinää;1
1328;140/2021;2021_140_15;siis;1
1328;140/2021;2021_140_15;talouskasvu;1
1328;140/2021;2021_140_15;taloutta;1
1328;140/2021;2021_140_15;teitä;1
1328;140/2021;2021_140_15;työllisyys;1
1328;140/2021;2021_140_15;tämä;1
1328;140/2021;2021_140_15;vaiheessa;1
1328;140/2021;2021_140_15;varaa;1
1328;140/2022;2022_140_19;aikaan;1
1328;140/2022;2022_140_19;aikana;3
1328;140/2022;2022_140_19;aikavälin;1
1328;140/2022;2022_140_19;aikovat;1
1328;140/2022;2022_140_19;ainakin;2
1328;140/2022;2022_140_19;ajan;1
1328;140/2022;2022_140_19;ajaneet;1
1328;140/2022;2022_140_19;ajaudumme;1
1328;140/2022;2022_140_19;ajauduta;1
1328;140/2022;2022_140_19;alkaa;1
1328;140/2022;2022_140_19;alkoholin;1
1328;140/2022;2022_140_19;alleviivaa;1
1328;140/2022;2022_140_19;alueella;1
1328;140/2022;2022_140_19;ansiosidonnaisesta;1
1328;140/2022;2022_140_19;arvoisa;4
1328;140/2022;2022_140_19;asiat;1
1328;140/2022;2022_140_19;asioista;1
1328;140/2022;2022_140_19;asumistuista;1
1328;140/2022;2022_140_19;asuntojen;1
1328;140/2022;2022_140_19;autopilotilla;1
1328;140/2022;2022_140_19;ay-jäsenmaksujen;1
1328;140/2022;2022_140_19;ben;2
1328;140/2022;2022_140_19;bktstä;1
1328;140/2022;2022_140_19;budjetissa;1
1328;140/2022;2022_140_19;budjetista;2
1328;140/2022;2022_140_19;budjetoidaan;1
1328;140/2022;2022_140_19;budjetoimatta;1
1328;140/2022;2022_140_19;budjettia;1
1328;140/2022;2022_140_19;budjettiesitys;1
1328;140/2022;2022_140_19;budjettiin;1
1328;140/2022;2022_140_19;eduskuntavaaleja;1
1328;140/2022;2022_140_19;ei;5
1328;140/2022;2022_140_19;eikä;1
1328;140/2022;2022_140_19;eivät;2
1328;140/2022;2022_140_19;energian;1
1328;140/2022;2022_140_19;energiasta;1
1328;140/2022;2022_140_19;ennen;2
1328;140/2022;2022_140_19;ensi;7
1328;140/2022;2022_140_19;erittäin;1
1328;140/2022;2022_140_19;erityisalue;1
1328;140/2022;2022_140_19;eteenpäin;1
1328;140/2022;2022_140_19;että;7
1328;140/2022;2022_140_19;eun;1
1328;140/2022;2022_140_19;euroa;4
1328;140/2022;2022_140_19;eurolla;1
1328;140/2022;2022_140_19;euron;3
1328;140/2022;2022_140_19;haittaveroja;1
1328;140/2022;2022_140_19;hallinnosta;1
1328;140/2022;2022_140_19;hallituksen;3
1328;140/2022;2022_140_19;hallitus;2
1328;140/2022;2022_140_19;hallituskauden;3
1328;140/2022;2022_140_19;hallitusohjelma;1
1328;140/2022;2022_140_19;harmaata;1
1328;140/2022;2022_140_19;he;1
1328;140/2022;2022_140_19;herätään;1
1328;140/2022;2022_140_19;hetki;1
1328;140/2022;2022_140_19;hidastumaan;1
1328;140/2022;2022_140_19;hintojen;2
1328;140/2022;2022_140_19;hoidettu;1
1328;140/2022;2022_140_19;houkutteleva;1
1328;140/2022;2022_140_19;huonommin;1
1328;140/2022;2022_140_19;hyvinvointialueiden;1
1328;140/2022;2022_140_19;hyvää;1
1328;140/2022;2022_140_19;hyökätessä;1
1328;140/2022;2022_140_19;ikävät;1
1328;140/2022;2022_140_19;ilmaista;1
1328;140/2022;2022_140_19;innovaatioille;1
1328;140/2022;2022_140_19;investoinneista;1
1328;140/2022;2022_140_19;investointeja;1
1328;140/2022;2022_140_19;itsenäisyys;1
1328;140/2022;2022_140_19;ja;26
1328;140/2022;2022_140_19;jatketaan;1
1328;140/2022;2022_140_19;jo;1
1328;140/2022;2022_140_19;johdonmukaisesti;1
1328;140/2022;2022_140_19;joka;3
1328;140/2022;2022_140_19;jokainen;1
1328;140/2022;2022_140_19;jos;3
1328;140/2022;2022_140_19;joulua;1
1328;140/2022;2022_140_19;julkinen;1
1328;140/2022;2022_140_19;julkisen;3
1328;140/2022;2022_140_19;julkisesta;1
1328;140/2022;2022_140_19;juuri;1
1328;140/2022;2022_140_19;jätetään;1
1328;140/2022;2022_140_19;jättää;1
1328;140/2022;2022_140_19;kahdeksan;1
1328;140/2022;2022_140_19;kaikki;1
1328;140/2022;2022_140_19;kaikkien;1
1328;140/2022;2022_140_19;kannustaa;1
1328;140/2022;2022_140_19;kannustava;1
1328;140/2022;2022_140_19;kanssa;1
1328;140/2022;2022_140_19;karmea;1
1328;140/2022;2022_140_19;kasvanut;2
1328;140/2022;2022_140_19;kasvavat;1
1328;140/2022;2022_140_19;kasvaviin;1
1328;140/2022;2022_140_19;kasvusta;1
1328;140/2022;2022_140_19;kasvuun;2
1328;140/2022;2022_140_19;kehitysavusta;1
1328;140/2022;2022_140_19;keinoilla;1
1328;140/2022;2022_140_19;kertoo;1
1328;140/2022;2022_140_19;keskeistä;1
1328;140/2022;2022_140_19;keskisuuret;1
1328;140/2022;2022_140_19;keskisuurten;1
1328;140/2022;2022_140_19;kestämättömän;2
1328;140/2022;2022_140_19;kestävyyttä;1
1328;140/2022;2022_140_19;kielellä;1
1328;140/2022;2022_140_19;kirjauksesta;1
1328;140/2022;2022_140_19;kirjoittaa;1
1328;140/2022;2022_140_19;kohdistuvia;1
1328;140/2022;2022_140_19;kohta;1
1328;140/2022;2022_140_19;koko;2
1328;140/2022;2022_140_19;kolme;1
1328;140/2022;2022_140_19;koputtaa;1
1328;140/2022;2022_140_19;korkomenoihin;1
1328;140/2022;2022_140_19;korkomenot;2
1328;140/2022;2022_140_19;koronan;1
1328;140/2022;2022_140_19;korottamiseen;2
1328;140/2022;2022_140_19;koska;1
1328;140/2022;2022_140_19;koskaan;1
1328;140/2022;2022_140_19;kotikuntaansa;1
1328;140/2022;2022_140_19;kotitaloudet;1
1328;140/2022;2022_140_19;koulutukseen;1
1328;140/2022;2022_140_19;kreikan;1
1328;140/2022;2022_140_19;kuin;4
1328;140/2022;2022_140_19;kuinka;2
1328;140/2022;2022_140_19;kuitenkin;1
1328;140/2022;2022_140_19;kuluja;1
1328;140/2022;2022_140_19;kulutus;1
1328;140/2022;2022_140_19;kun;2
1328;140/2022;2022_140_19;kuten;1
1328;140/2022;2022_140_19;kuulostaa;1
1328;140/2022;2022_140_19;kuulostiko;1
1328;140/2022;2022_140_19;kylmästi;1
1328;140/2022;2022_140_19;kymmenen;1
1328;140/2022;2022_140_19;kyse;1
1328;140/2022;2022_140_19;käsittämätön;1
1328;140/2022;2022_140_19;lamaan;1
1328;140/2022;2022_140_19;leikkauksiin;1
1328;140/2022;2022_140_19;lensimme;1
1328;140/2022;2022_140_19;liian;1
1328;140/2022;2022_140_19;liikkumatilaa;1
1328;140/2022;2022_140_19;lisäleikkauksiin;1
1328;140/2022;2022_140_19;lisätä;2
1328;140/2022;2022_140_19;lisää;2
1328;140/2022;2022_140_19;lisääntyvät;1
1328;140/2022;2022_140_19;loppuu;1
1328;140/2022;2022_140_19;lopulla;1
1328;140/2022;2022_140_19;luoda;1
1328;140/2022;2022_140_19;luotettava;1
1328;140/2022;2022_140_19;löytyy;1
1328;140/2022;2022_140_19;maan;1
1328;140/2022;2022_140_19;maksettavaksi;1
1328;140/2022;2022_140_19;mallien;1
1328;140/2022;2022_140_19;meillä;2
1328;140/2022;2022_140_19;meni;2
1328;140/2022;2022_140_19;mennä;1
1328;140/2022;2022_140_19;menojen;2
1328;140/2022;2022_140_19;menossa;1
1328;140/2022;2022_140_19;mielestänne;1
1328;140/2022;2022_140_19;miljardi;2
1328;140/2022;2022_140_19;miljardia;1
1328;140/2022;2022_140_19;miljardilla;1
1328;140/2022;2022_140_19;miljardin;3
1328;140/2022;2022_140_19;miljoonaa;2
1328;140/2022;2022_140_19;miljoonalla;1
1328;140/2022;2022_140_19;millä;1
1328;140/2022;2022_140_19;ministerit;1
1328;140/2022;2022_140_19;minkä;1
1328;140/2022;2022_140_19;miten;2
1328;140/2022;2022_140_19;mittasuhteet;1
1328;140/2022;2022_140_19;muuta;1
1328;140/2022;2022_140_19;muutoksista;1
1328;140/2022;2022_140_19;muutos;1
1328;140/2022;2022_140_19;myrskyn;1
1328;140/2022;2022_140_19;myös;1
1328;140/2022;2022_140_19;ne;1
1328;140/2022;2022_140_19;niiden;1
1328;140/2022;2022_140_19;niin;4
1328;140/2022;2022_140_19;niitä;1
1328;140/2022;2022_140_19;nimillä;1
1328;140/2022;2022_140_19;noin;1
1328;140/2022;2022_140_19;nopeasti;1
1328;140/2022;2022_140_19;nopeimmin;1
1328;140/2022;2022_140_19;nousu;1
1328;140/2022;2022_140_19;nykyinen;1
1328;140/2022;2022_140_19;nyt;2
1328;140/2022;2022_140_19;näin;1
1328;140/2022;2022_140_19;näkymä;1
1328;140/2022;2022_140_19;ohjelman;1
1328;140/2022;2022_140_19;ohjelmasta;1
1328;140/2022;2022_140_19;oikeilla;1
1328;140/2022;2022_140_19;ole;2
1328;140/2022;2022_140_19;olemassa;1
1328;140/2022;2022_140_19;olemme;1
1328;140/2022;2022_140_19;olette;1
1328;140/2022;2022_140_19;oleva;1
1328;140/2022;2022_140_19;oli;1
1328;140/2022;2022_140_19;olisi;1
1328;140/2022;2022_140_19;olla;2
1328;140/2022;2022_140_19;ollut;1
1328;140/2022;2022_140_19;ollutkaan;1
1328;140/2022;2022_140_19;omasta;1
1328;140/2022;2022_140_19;on;18
1328;140/2022;2022_140_19;osalta;1
1328;140/2022;2022_140_19;ovat;1
1328;140/2022;2022_140_19;pakko;1
1328;140/2022;2022_140_19;pakottaa;1
1328;140/2022;2022_140_19;pakottaisi;1
1328;140/2022;2022_140_19;paljon;1
1328;140/2022;2022_140_19;palkkaamaan;1
1328;140/2022;2022_140_19;panostaa;1
1328;140/2022;2022_140_19;pelkästään;1
1328;140/2022;2022_140_19;perinnön;1
1328;140/2022;2022_140_19;pian;1
1328;140/2022;2022_140_19;pienet;1
1328;140/2022;2022_140_19;pienten;1
1328;140/2022;2022_140_19;piilaakso;1
1328;140/2022;2022_140_19;pitkäjänteisiä;1
1328;140/2022;2022_140_19;pitkän;1
1328;140/2022;2022_140_19;pitäisi;1
1328;140/2022;2022_140_19;pitänyt;1
1328;140/2022;2022_140_19;pitää;11
1328;140/2022;2022_140_19;pois;1
1328;140/2022;2022_140_19;poistaa;2
1328;140/2022;2022_140_19;prosentissa;1
1328;140/2022;2022_140_19;prosenttia;2
1328;140/2022;2022_140_19;puheena;1
1328;140/2022;2022_140_19;puhemies;5
1328;140/2022;2022_140_19;puhetta;1
1328;140/2022;2022_140_19;puhettakaan;1
1328;140/2022;2022_140_19;puhua;1
1328;140/2022;2022_140_19;puolestanne;1
1328;140/2022;2022_140_19;puolue;1
1328;140/2022;2022_140_19;puuttuu;1
1328;140/2022;2022_140_19;pysäytettäisiin;1
1328;140/2022;2022_140_19;päinvastoin;1
1328;140/2022;2022_140_19;päälle;1
1328;140/2022;2022_140_19;rahaa;1
1328;140/2022;2022_140_19;rahat;1
1328;140/2022;2022_140_19;rakennettu;1
1328;140/2022;2022_140_19;riippuu;1
1328;140/2022;2022_140_19;riitä;2
1328;140/2022;2022_140_19;ruuan;1
1328;140/2022;2022_140_19;saada;4
1328;140/2022;2022_140_19;saadaan;1
1328;140/2022;2022_140_19;saatava;1
1328;140/2022;2022_140_19;sakkaa;1
1328;140/2022;2022_140_19;sama;1
1328;140/2022;2022_140_19;samaan;1
1328;140/2022;2022_140_19;se;1
1328;140/2022;2022_140_19;sekä;1
1328;140/2022;2022_140_19;selkeitä;1
1328;140/2022;2022_140_19;selkeällä;1
1328;140/2022;2022_140_19;sen;1
1328;140/2022;2022_140_19;seuraavien;1
1328;140/2022;2022_140_19;siirretty;1
1328;140/2022;2022_140_19;siirtymän;1
1328;140/2022;2022_140_19;siis;1
1328;140/2022;2022_140_19;siitä;1
1328;140/2022;2022_140_19;sijoitustuottojen;1
1328;140/2022;2022_140_19;silmään;1
1328;140/2022;2022_140_19;sitoutunut;1
1328;140/2022;2022_140_19;sitten;2
1328;140/2022;2022_140_19;sitä;1
1328;140/2022;2022_140_19;slovakian;1
1328;140/2022;2022_140_19;sokerin;1
1328;140/2022;2022_140_19;sopeutuksista;1
1328;140/2022;2022_140_19;sopeutus;1
1328;140/2022;2022_140_19;sote-kustannuksiin;1
1328;140/2022;2022_140_19;sote-menoihin;1
1328;140/2022;2022_140_19;sukupolvien;1
1328;140/2022;2022_140_19;suomalainen;1
1328;140/2022;2022_140_19;suomeen;3
1328;140/2022;2022_140_19;suomen;4
1328;140/2022;2022_140_19;suomi;2
1328;140/2022;2022_140_19;syövät;1
1328;140/2022;2022_140_19;sähkön;1
1328;140/2022;2022_140_19;säästöjä;1
1328;140/2022;2022_140_19;säästökuurin;1
1328;140/2022;2022_140_19;säästöt;1
1328;140/2022;2022_140_19;tai;2
1328;140/2022;2022_140_19;talman;4
1328;140/2022;2022_140_19;taloudellinen;1
1328;140/2022;2022_140_19;talouden;3
1328;140/2022;2022_140_19;taloutta;1
1328;140/2022;2022_140_19;tasapainoon;1
1328;140/2022;2022_140_19;tavalla;1
1328;140/2022;2022_140_19;tavalliset;1
1328;140/2022;2022_140_19;tehdä;1
1328;140/2022;2022_140_19;tekee;2
1328;140/2022;2022_140_19;tietoisesti;2
1328;140/2022;2022_140_19;tilanne;1
1328;140/2022;2022_140_19;toimia;1
1328;140/2022;2022_140_19;torjua;1
1328;140/2022;2022_140_19;tulee;1
1328;140/2022;2022_140_19;tulevaisuudessa;2
1328;140/2022;2022_140_19;tulevaisuus;1
1328;140/2022;2022_140_19;tupakan;1
1328;140/2022;2022_140_19;turvallisuus;1
1328;140/2022;2022_140_19;tutulta;1
1328;140/2022;2022_140_19;työllisyys;1
1328;140/2022;2022_140_19;työmarkkinatoimijoiden;1
1328;140/2022;2022_140_19;työpaikoista;1
1328;140/2022;2022_140_19;työttömyysturvasta;1
1328;140/2022;2022_140_19;työvoimasta;1
1328;140/2022;2022_140_19;tähän;2
1328;140/2022;2022_140_19;tällä;2
1328;140/2022;2022_140_19;tämä;2
1328;140/2022;2022_140_19;tämän;1
1328;140/2022;2022_140_19;tärkeää;2
1328;140/2022;2022_140_19;täysin;1
1328;140/2022;2022_140_19;töihin;1
1328;140/2022;2022_140_19;umpikujaan;1
1328;140/2022;2022_140_19;unohtuneet;1
1328;140/2022;2022_140_19;uralle;2
1328;140/2022;2022_140_19;uuden;1
1328;140/2022;2022_140_19;uusiksi;1
1328;140/2022;2022_140_19;uusista;1
1328;140/2022;2022_140_19;vahvistamaan;1
1328;140/2022;2022_140_19;vaikka;1
1328;140/2022;2022_140_19;vain;1
1328;140/2022;2022_140_19;vaivaamasta;1
1328;140/2022;2022_140_19;vajaaksi;1
1328;140/2022;2022_140_19;valintoja;1
1328;140/2022;2022_140_19;valtio;1
1328;140/2022;2022_140_19;valtion;1
1328;140/2022;2022_140_19;valtionvelan;1
1328;140/2022;2022_140_19;vastata;1
1328;140/2022;2022_140_19;vauhdilla;1
1328;140/2022;2022_140_19;velka;1
1328;140/2022;2022_140_19;velkaa;1
1328;140/2022;2022_140_19;velkaantumisen;2
1328;140/2022;2022_140_19;velkaantunut;1
1328;140/2022;2022_140_19;velkaantuu;1
1328;140/2022;2022_140_19;velkapommi;1
1328;140/2022;2022_140_19;velkarahalla;1
1328;140/2022;2022_140_19;velkavauhti;1
1328;140/2022;2022_140_19;velkojen;1
1328;140/2022;2022_140_19;verojen;2
1328;140/2022;2022_140_19;verotuksessa;1
1328;140/2022;2022_140_19;verotuksesta;1
1328;140/2022;2022_140_19;verovapaus;1
1328;140/2022;2022_140_19;verovähennys;1
1328;140/2022;2022_140_19;vielä;1
1328;140/2022;2022_140_19;vienti;1
1328;140/2022;2022_140_19;vientimaissa;1
1328;140/2022;2022_140_19;vihreän;1
1328;140/2022;2022_140_19;viimeinen;1
1328;140/2022;2022_140_19;viimeisen;1
1328;140/2022;2022_140_19;voi;1
1328;140/2022;2022_140_19;voidaan;1
1328;140/2022;2022_140_19;voin;1
1328;140/2022;2022_140_19;voivat;1
1328;140/2022;2022_140_19;vuoden;7
1328;140/2022;2022_140_19;vuodessa;1
1328;140/2022;2022_140_19;vuodesta;1
1328;140/2022;2022_140_19;vuonna;1
1328;140/2022;2022_140_19;vuosikymmenen;1
1328;140/2022;2022_140_19;vuoteen;1
1328;140/2022;2022_140_19;vuotta;1
1328;140/2022;2022_140_19;vähentää;1
1328;140/2022;2022_140_19;vähän;1
1328;140/2022;2022_140_19;väkeä;1
1328;140/2022;2022_140_19;yhtiölainojen;1
1328;140/2022;2022_140_19;yhtä;1
1328;140/2022;2022_140_19;yli;1
1328;140/2022;2022_140_19;ympäristö;1
1328;140/2022;2022_140_19;yrittäjät;1
1328;140/2022;2022_140_19;yritykset;1
1328;140/2022;2022_140_19;yrityksillä;1
1328;140/2022;2022_140_19;yrityksiä;1
1328;140/2022;2022_140_19;yritysten;1
1328;140/2022;2022_140_19;yritystuista;1
1328;140/2022;2022_140_19;zyskowicz;2
1328;140/2022;2022_140_19;ärade;4
1328;141/2022;2022_141_240;aloiteta;1
1328;141/2022;2022_141_240;aloittaa;2
1328;141/2022;2022_141_240;arvoisa;1
1328;141/2022;2022_141_240;eduskunnassa;1
1328;141/2022;2022_141_240;eduskunnasta;1
1328;141/2022;2022_141_240;eikö;1
1328;141/2022;2022_141_240;entäs;1
1328;141/2022;2022_141_240;erilaisissa;1
1328;141/2022;2022_141_240;että;1
1328;141/2022;2022_141_240;helenillä;1
1328;141/2022;2022_141_240;hinnan;1
1328;141/2022;2022_141_240;huudellaan;1
1328;141/2022;2022_141_240;ihan;1
1328;141/2022;2022_141_240;istuu;1
1328;141/2022;2022_141_240;istuvat;1
1328;141/2022;2022_141_240;ja;2
1328;141/2022;2022_141_240;johdossa;1
1328;141/2022;2022_141_240;jonka;1
1328;141/2022;2022_141_240;kaikki;1
1328;141/2022;2022_141_240;kokkolassa;1
1328;141/2022;2022_141_240;kokoomuksesta;1
1328;141/2022;2022_141_240;kunnallisissa;1
1328;141/2022;2022_141_240;kuukauden;1
1328;141/2022;2022_141_240;käsittämätöntä;1
1328;141/2022;2022_141_240;laskua;1
1328;141/2022;2022_141_240;maksaa;2
1328;141/2022;2022_141_240;meinaatte;1
1328;141/2022;2022_141_240;miksei;1
1328;141/2022;2022_141_240;mitä;1
1328;141/2022;2022_141_240;näissä;1
1328;141/2022;2022_141_240;oho;1
1328;141/2022;2022_141_240;on;1
1328;141/2022;2022_141_240;pitäisi;1
1328;141/2022;2022_141_240;puhemies;1
1328;141/2022;2022_141_240;puolueet;1
1328;141/2022;2022_141_240;seinäjoella;1
1328;141/2022;2022_141_240;senttiä;1
1328;141/2022;2022_141_240;siellä;1
1328;141/2022;2022_141_240;sieltä;1
1328;141/2022;2022_141_240;sähkö;3
1328;141/2022;2022_141_240;sähkön;1
1328;141/2022;2022_141_240;talman;1
1328;141/2022;2022_141_240;te;1
1328;141/2022;2022_141_240;tehdä;1
1328;141/2022;2022_141_240;tälle;1
1328;141/2022;2022_141_240;tämähän;1
1328;141/2022;2022_141_240;tätä;1
1328;141/2022;2022_141_240;täällä;1
1328;141/2022;2022_141_240;valtion;1
1328;141/2022;2022_141_240;vihreistä;1
1328;141/2022;2022_141_240;voida;1
1328;141/2022;2022_141_240;väkeä;1
1328;141/2022;2022_141_240;yhtiöissä;1
1328;141/2022;2022_141_240;ärade;1
1328;143/2020;2020_143_18;afganistanissa;1
1328;143/2020;2020_143_18;afrikkaan;1
1328;143/2020;2020_143_18;aika;1
1328;143/2020;2020_143_18;aikakaudella;1
1328;143/2020;2020_143_18;aivan;1
1328;143/2020;2020_143_18;alueensa;1
1328;143/2020;2020_143_18;ammattiperustein;1
1328;143/2020;2020_143_18;armeija;1
1328;143/2020;2020_143_18;arvoisa;2
1328;143/2020;2020_143_18;asia;1
1328;143/2020;2020_143_18;avittaa;1
1328;143/2020;2020_143_18;avunantoantolausekkeineen;1
1328;143/2020;2020_143_18;balanssi;1
1328;143/2020;2020_143_18;bidenin;1
1328;143/2020;2020_143_18;brexit;1
1328;143/2020;2020_143_18;britannia;1
1328;143/2020;2020_143_18;edelleen;1
1328;143/2020;2020_143_18;edelliseen;1
1328;143/2020;2020_143_18;edellisen;1
1328;143/2020;2020_143_18;edellyttää;1
1328;143/2020;2020_143_18;edut;1
1328;143/2020;2020_143_18;ei;5
1328;143/2020;2020_143_18;en;1
1328;143/2020;2020_143_18;enemmän;1
1328;143/2020;2020_143_18;epäselvyyttä;1
1328;143/2020;2020_143_18;ero;1
1328;143/2020;2020_143_18;esimerkki;1
1328;143/2020;2020_143_18;että;3
1328;143/2020;2020_143_18;etujensa;1
1328;143/2020;2020_143_18;eu-maille;1
1328;143/2020;2020_143_18;eun;1
1328;143/2020;2020_143_18;euroopassa;1
1328;143/2020;2020_143_18;f-securen;1
1328;143/2020;2020_143_18;georgian;1
1328;143/2020;2020_143_18;hallitukseen;1
1328;143/2020;2020_143_18;hallituksen;1
1328;143/2020;2020_143_18;hallitus;2
1328;143/2020;2020_143_18;haluamme;1
1328;143/2020;2020_143_18;hankintoja;1
1328;143/2020;2020_143_18;harjoitustoimintaa;1
1328;143/2020;2020_143_18;harkintaa;1
1328;143/2020;2020_143_18;havaintoja;1
1328;143/2020;2020_143_18;hoidetaan;1
1328;143/2020;2020_143_18;hoitajaksi;1
1328;143/2020;2020_143_18;huolehtii;1
1328;143/2020;2020_143_18;huolta;1
1328;143/2020;2020_143_18;huomioon;1
1328;143/2020;2020_143_18;hybridiuhat;1
1328;143/2020;2020_143_18;hyvin;1
1328;143/2020;2020_143_18;hyviä;1
1328;143/2020;2020_143_18;hyvä;2
1328;143/2020;2020_143_18;hyvät;1
1328;143/2020;2020_143_18;hävittäjähankinnat;1
1328;143/2020;2020_143_18;ihmisoikeuksista;1
1328;143/2020;2020_143_18;ilman;1
1328;143/2020;2020_143_18;ilmastonmuutoksesta;1
1328;143/2020;2020_143_18;itse;1
1328;143/2020;2020_143_18;itämeri;1
1328;143/2020;2020_143_18;ja;22
1328;143/2020;2020_143_18;jatkaa;1
1328;143/2020;2020_143_18;joe;1
1328;143/2020;2020_143_18;johdonmukaisesti;1
1328;143/2020;2020_143_18;johon;1
1328;143/2020;2020_143_18;jotta;1
1328;143/2020;2020_143_18;juhlapuheissa;1
1328;143/2020;2020_143_18;juuri;1
1328;143/2020;2020_143_18;järkevää;1
1328;143/2020;2020_143_18;kahdenvälisesti;1
1328;143/2020;2020_143_18;kaihtamatta;1
1328;143/2020;2020_143_18;kalusto;1
1328;143/2020;2020_143_18;kansainvälisessä;1
1328;143/2020;2020_143_18;katsoo;1
1328;143/2020;2020_143_18;kautta;1
1328;143/2020;2020_143_18;keinoja;1
1328;143/2020;2020_143_18;kesken;1
1328;143/2020;2020_143_18;kirjoittamisessa;1
1328;143/2020;2020_143_18;kohdan;1
1328;143/2020;2020_143_18;kohtuulliset;1
1328;143/2020;2020_143_18;korvaamattoman;1
1328;143/2020;2020_143_18;kova;1
1328;143/2020;2020_143_18;kriisinhallinnassa;1
1328;143/2020;2020_143_18;krimin;1
1328;143/2020;2020_143_18;kuin;2
1328;143/2020;2020_143_18;kunhan;1
1328;143/2020;2020_143_18;kunnon;2
1328;143/2020;2020_143_18;kuorruttamalla;1
1328;143/2020;2020_143_18;kyber;1
1328;143/2020;2020_143_18;kysymys;1
1328;143/2020;2020_143_18;käsitykseni;1
1328;143/2020;2020_143_18;käyttää;1
1328;143/2020;2020_143_18;laajasti;1
1328;143/2020;2020_143_18;libanonissa;1
1328;143/2020;2020_143_18;liikkumavarastaan;1
1328;143/2020;2020_143_18;linjoilla;1
1328;143/2020;2020_143_18;lisää;1
1328;143/2020;2020_143_18;lähinnä;1
1328;143/2020;2020_143_18;lähteä;1
1328;143/2020;2020_143_18;länttä;2
1328;143/2020;2020_143_18;läsnäolo;1
1328;143/2020;2020_143_18;lääkärinä;1
1328;143/2020;2020_143_18;maailman;1
1328;143/2020;2020_143_18;maailmanparannusteemoilla;1
1328;143/2020;2020_143_18;maanpuolustukseen;1
1328;143/2020;2020_143_18;maanpuolustustahtoa;1
1328;143/2020;2020_143_18;mahdollisimman;1
1328;143/2020;2020_143_18;mahdollista;1
1328;143/2020;2020_143_18;mahdollisuus;1
1328;143/2020;2020_143_18;meidän;2
1328;143/2020;2020_143_18;meillä;1
1328;143/2020;2020_143_18;melko;1
1328;143/2020;2020_143_18;mennä;1
1328;143/2020;2020_143_18;meremme;1
1328;143/2020;2020_143_18;merkitsee;1
1328;143/2020;2020_143_18;mihinkään;1
1328;143/2020;2020_143_18;mikäpä;1
1328;143/2020;2020_143_18;missä;1
1328;143/2020;2020_143_18;mitä;3
1328;143/2020;2020_143_18;muassa;1
1328;143/2020;2020_143_18;muistetaan;1
1328;143/2020;2020_143_18;mukaan;1
1328;143/2020;2020_143_18;mukana;1
1328;143/2020;2020_143_18;muun;1
1328;143/2020;2020_143_18;muutenkin;1
1328;143/2020;2020_143_18;muuttuu;1
1328;143/2020;2020_143_18;myös;3
1328;143/2020;2020_143_18;määrin;1
1328;143/2020;2020_143_18;naton;1
1328;143/2020;2020_143_18;ne;1
1328;143/2020;2020_143_18;niitä;1
1328;143/2020;2020_143_18;nähdä;1
1328;143/2020;2020_143_18;näiden;1
1328;143/2020;2020_143_18;näissä;1
1328;143/2020;2020_143_18;näkyy;1
1328;143/2020;2020_143_18;olemme;1
1328;143/2020;2020_143_18;olennainen;1
1328;143/2020;2020_143_18;olennaista;2
1328;143/2020;2020_143_18;oli;1
1328;143/2020;2020_143_18;oman;1
1328;143/2020;2020_143_18;omin;1
1328;143/2020;2020_143_18;on;18
1328;143/2020;2020_143_18;osa;1
1328;143/2020;2020_143_18;osana;1
1328;143/2020;2020_143_18;ottaa;2
1328;143/2020;2020_143_18;ovat;1
1328;143/2020;2020_143_18;paikka;2
1328;143/2020;2020_143_18;paikoin;1
1328;143/2020;2020_143_18;paitsi;1
1328;143/2020;2020_143_18;pakkoliittäminen;1
1328;143/2020;2020_143_18;palveluita;1
1328;143/2020;2020_143_18;parhaiten;1
1328;143/2020;2020_143_18;perustelut;1
1328;143/2020;2020_143_18;perään;1
1328;143/2020;2020_143_18;pidä;1
1328;143/2020;2020_143_18;pidämme;1
1328;143/2020;2020_143_18;pitkäjänteisyyttä;1
1328;143/2020;2020_143_18;pitänyt;1
1328;143/2020;2020_143_18;pitää;5
1328;143/2020;2020_143_18;presidentti;1
1328;143/2020;2020_143_18;puhemies;2
1328;143/2020;2020_143_18;puhuu;1
1328;143/2020;2020_143_18;puolustaa;1
1328;143/2020;2020_143_18;puolustamisesta;1
1328;143/2020;2020_143_18;puolustuksen;1
1328;143/2020;2020_143_18;puolustusvoimille;1
1328;143/2020;2020_143_18;pyyntöjä;1
1328;143/2020;2020_143_18;päätettäessä;1
1328;143/2020;2020_143_18;päätös;1
1328;143/2020;2020_143_18;rajanaapuri;1
1328;143/2020;2020_143_18;ranskan;1
1328;143/2020;2020_143_18;rauhankumppani;1
1328;143/2020;2020_143_18;saa;2
1328;143/2020;2020_143_18;se;7
1328;143/2020;2020_143_18;sekin;1
1328;143/2020;2020_143_18;sekä;2
1328;143/2020;2020_143_18;selontekoa;1
1328;143/2020;2020_143_18;selonteossa;1
1328;143/2020;2020_143_18;selvitetty;1
1328;143/2020;2020_143_18;sen;1
1328;143/2020;2020_143_18;siinä;1
1328;143/2020;2020_143_18;siitä;1
1328;143/2020;2020_143_18;siksi;1
1328;143/2020;2020_143_18;sitouttaminen;1
1328;143/2020;2020_143_18;sitten;2
1328;143/2020;2020_143_18;sitä;1
1328;143/2020;2020_143_18;sosiaaliset;1
1328;143/2020;2020_143_18;sota;1
1328;143/2020;2020_143_18;suomea;1
1328;143/2020;2020_143_18;suomen;1
1328;143/2020;2020_143_18;suomi;5
1328;143/2020;2020_143_18;suomiruotsi-yhteistyö;1
1328;143/2020;2020_143_18;supistamaan;1
1328;143/2020;2020_143_18;syntyä;1
1328;143/2020;2020_143_18;taata;1
1328;143/2020;2020_143_18;tahojen;1
1328;143/2020;2020_143_18;tai;1
1328;143/2020;2020_143_18;taisi;1
1328;143/2020;2020_143_18;taitoa;1
1328;143/2020;2020_143_18;takapihojen;1
1328;143/2020;2020_143_18;talman;2
1328;143/2020;2020_143_18;tarjota;1
1328;143/2020;2020_143_18;tarpeellisia;1
1328;143/2020;2020_143_18;tarvitaan;1
1328;143/2020;2020_143_18;tarvitsee;1
1328;143/2020;2020_143_18;tasavallan;1
1328;143/2020;2020_143_18;tehdä;1
1328;143/2020;2020_143_18;tehdään;1
1328;143/2020;2020_143_18;tekee;1
1328;143/2020;2020_143_18;terveydestä;1
1328;143/2020;2020_143_18;tiedusteluresurssit;1
1328;143/2020;2020_143_18;tietoa;1
1328;143/2020;2020_143_18;tietää;2
1328;143/2020;2020_143_18;tinkimättä;1
1328;143/2020;2020_143_18;toimintarajauksin;1
1328;143/2020;2020_143_18;toiminut;1
1328;143/2020;2020_143_18;totuudesta;1
1328;143/2020;2020_143_18;tulee;1
1328;143/2020;2020_143_18;tuomarina;1
1328;143/2020;2020_143_18;turvallisuudesta;1
1328;143/2020;2020_143_18;turvallisuus;1
1328;143/2020;2020_143_18;turvallisuuspolitiikka;1
1328;143/2020;2020_143_18;turvallisuustilanteeseemme;1
1328;143/2020;2020_143_18;tämä;3
1328;143/2020;2020_143_18;tärkeitä;1
1328;143/2020;2020_143_18;tärkeää;2
1328;143/2020;2020_143_18;tässä;1
1328;143/2020;2020_143_18;tästä;1
1328;143/2020;2020_143_18;tätä;1
1328;143/2020;2020_143_18;ulko;1
1328;143/2020;2020_143_18;ulkopolitiikka;1
1328;143/2020;2020_143_18;unohdu;1
1328;143/2020;2020_143_18;usan;1
1328;143/2020;2020_143_18;usko;1
1328;143/2020;2020_143_18;uusi;1
1328;143/2020;2020_143_18;vaarantaa;1
1328;143/2020;2020_143_18;vaatii;1
1328;143/2020;2020_143_18;vaikuttavat;1
1328;143/2020;2020_143_18;vakautta;1
1328;143/2020;2020_143_18;vakavasti;1
1328;143/2020;2020_143_18;valko-venäjä;1
1328;143/2020;2020_143_18;varmasti;1
1328;143/2020;2020_143_18;varusmiehille;1
1328;143/2020;2020_143_18;vastaavien;1
1328;143/2020;2020_143_18;veljeskansa;1
1328;143/2020;2020_143_18;venäjä;3
1328;143/2020;2020_143_18;venäjään;1
1328;143/2020;2020_143_18;viro;1
1328;143/2020;2020_143_18;voi;1
1328;143/2020;2020_143_18;välineet;1
1328;143/2020;2020_143_18;ydinaseista;1
1328;143/2020;2020_143_18;yhteinen;1
1328;143/2020;2020_143_18;yhteistyötä;1
1328;143/2020;2020_143_18;yhteyttä;1
1328;143/2020;2020_143_18;yksimielisesti;1
1328;143/2020;2020_143_18;yksityiskohdissa;1
1328;143/2020;2020_143_18;ymmärrystä;1
1328;143/2020;2020_143_18;ympäristön;1
1328;143/2020;2020_143_18;ärade;2
1328;143/2022;2022_143_21;-vuotiaita;1
1328;143/2022;2022_143_21;aiemmat;1
1328;143/2022;2022_143_21;aika;1
1328;143/2022;2022_143_21;aivan;2
1328;143/2022;2022_143_21;ajauduttu;1
1328;143/2022;2022_143_21;alaikäisistä;1
1328;143/2022;2022_143_21;alaikäisiä;1
1328;143/2022;2022_143_21;alakouluikäisenä;1
1328;143/2022;2022_143_21;aletaan;1
1328;143/2022;2022_143_21;alkaa;2
1328;143/2022;2022_143_21;alussa;1
1328;143/2022;2022_143_21;ammattilaisten;1
1328;143/2022;2022_143_21;ammuskeluissa;1
1328;143/2022;2022_143_21;ammuttu;1
1328;143/2022;2022_143_21;andersson;2
1328;143/2022;2022_143_21;arvoihin;1
1328;143/2022;2022_143_21;arvoisa;4
1328;143/2022;2022_143_21;asia;1
1328;143/2022;2022_143_21;asiassa;2
1328;143/2022;2022_143_21;asioista;1
1328;143/2022;2022_143_21;asti;1
1328;143/2022;2022_143_21;auktoriteetti;1
1328;143/2022;2022_143_21;demokratiaa;1
1328;143/2022;2022_143_21;edes;1
1328;143/2022;2022_143_21;edistymistä;1
1328;143/2022;2022_143_21;ei;5
1328;143/2022;2022_143_21;eikä;1
1328;143/2022;2022_143_21;elämäntapaan;1
1328;143/2022;2022_143_21;elävät;2
1328;143/2022;2022_143_21;enemmän;1
1328;143/2022;2022_143_21;ennen;2
1328;143/2022;2022_143_21;ennuste;1
1328;143/2022;2022_143_21;ensimmäinen;1
1328;143/2022;2022_143_21;epäonnistuneet;1
1328;143/2022;2022_143_21;epäonnistunut;1
1328;143/2022;2022_143_21;eri;4
1328;143/2022;2022_143_21;esimerkiksi;1
1328;143/2022;2022_143_21;että;5
1328;143/2022;2022_143_21;göteborgissa;1
1328;143/2022;2022_143_21;haetaan;2
1328;143/2022;2022_143_21;harrastaa;1
1328;143/2022;2022_143_21;harrastuksissa;1
1328;143/2022;2022_143_21;he;2
1328;143/2022;2022_143_21;heidän;1
1328;143/2022;2022_143_21;heitä;1
1328;143/2022;2022_143_21;heti;2
1328;143/2022;2022_143_21;hetkellä;1
1328;143/2022;2022_143_21;hoituu;1
1328;143/2022;2022_143_21;huomiota;1
1328;143/2022;2022_143_21;huono;1
1328;143/2022;2022_143_21;hyvin;1
1328;143/2022;2022_143_21;hyviä;1
1328;143/2022;2022_143_21;hyväksyntää;2
1328;143/2022;2022_143_21;hyökkäsivät;2
1328;143/2022;2022_143_21;hyökkäys;1
1328;143/2022;2022_143_21;hyökänneistä;1
1328;143/2022;2022_143_21;hyökättiin;1
1328;143/2022;2022_143_21;häiriköiviin;1
1328;143/2022;2022_143_21;hätähuuto;1
1328;143/2022;2022_143_21;ihmeen;1
1328;143/2022;2022_143_21;ihmiset;1
1328;143/2022;2022_143_21;ihmistä;1
1328;143/2022;2022_143_21;ilman;2
1328;143/2022;2022_143_21;itse;1
1328;143/2022;2022_143_21;ja;25
1328;143/2022;2022_143_21;jahtaavat;1
1328;143/2022;2022_143_21;jatkaa;1
1328;143/2022;2022_143_21;jatkossa;1
1328;143/2022;2022_143_21;jengien;1
1328;143/2022;2022_143_21;jengiläisten;1
1328;143/2022;2022_143_21;jo;3
1328;143/2022;2022_143_21;joiden;1
1328;143/2022;2022_143_21;joihin;1
1328;143/2022;2022_143_21;joissa;1
1328;143/2022;2022_143_21;joka;1
1328;143/2022;2022_143_21;jolla;1
1328;143/2022;2022_143_21;jos;2
1328;143/2022;2022_143_21;jossa;1
1328;143/2022;2022_143_21;joukossa;1
1328;143/2022;2022_143_21;juttunsa;1
1328;143/2022;2022_143_21;juuri;1
1328;143/2022;2022_143_21;järjestöjen;1
1328;143/2022;2022_143_21;järkyttyi;1
1328;143/2022;2022_143_21;jäsenistä;1
1328;143/2022;2022_143_21;jäseniä;1
1328;143/2022;2022_143_21;jäädään;1
1328;143/2022;2022_143_21;kaduilla;1
1328;143/2022;2022_143_21;kadulle;1
1328;143/2022;2022_143_21;kaikin;1
1328;143/2022;2022_143_21;kaikkea;1
1328;143/2022;2022_143_21;kaltaista;1
1328;143/2022;2022_143_21;kannatan;1
1328;143/2022;2022_143_21;kannattaa;1
1328;143/2022;2022_143_21;kanssa;1
1328;143/2022;2022_143_21;kasvaminen;1
1328;143/2022;2022_143_21;katujengeistä;1
1328;143/2022;2022_143_21;katujengien;1
1328;143/2022;2022_143_21;katujengiongelma;1
1328;143/2022;2022_143_21;katujengit;1
1328;143/2022;2022_143_21;kaupalla;1
1328;143/2022;2022_143_21;keinoin;1
1328;143/2022;2022_143_21;kertoo;1
1328;143/2022;2022_143_21;keskimäärin;2
1328;143/2022;2022_143_21;kieltä;1
1328;143/2022;2022_143_21;kiihtyvään;1
1328;143/2022;2022_143_21;kimppuun;2
1328;143/2022;2022_143_21;kivittämällä;1
1328;143/2022;2022_143_21;kohtaan;1
1328;143/2022;2022_143_21;kotimaansa;1
1328;143/2022;2022_143_21;kotona;1
1328;143/2022;2022_143_21;kotouttamisensa;1
1328;143/2022;2022_143_21;kotouttamisessa;1
1328;143/2022;2022_143_21;koulua;1
1328;143/2022;2022_143_21;koulun;1
1328;143/2022;2022_143_21;koulussa;1
1328;143/2022;2022_143_21;kovia;1
1328;143/2022;2022_143_21;kuin;3
1328;143/2022;2022_143_21;kun;1
1328;143/2022;2022_143_21;kuoliaaksi;1
1328;143/2022;2022_143_21;kuolonuhreitta;1
1328;143/2022;2022_143_21;kuvitella;1
1328;143/2022;2022_143_21;kymmeniä;1
1328;143/2022;2022_143_21;käsiinsä;1
1328;143/2022;2022_143_21;käsitystä;1
1328;143/2022;2022_143_21;käydä;1
1328;143/2022;2022_143_21;lain;1
1328;143/2022;2022_143_21;lapsiin;1
1328;143/2022;2022_143_21;lapsista;1
1328;143/2022;2022_143_21;leimahti;1
1328;143/2022;2022_143_21;levottomuuksia;1
1328;143/2022;2022_143_21;liian;5
1328;143/2022;2022_143_21;liikaa;1
1328;143/2022;2022_143_21;liikkuvat;1
1328;143/2022;2022_143_21;linjan;1
1328;143/2022;2022_143_21;lisäksi;1
1328;143/2022;2022_143_21;loukkaantui;1
1328;143/2022;2022_143_21;luvulla;2
1328;143/2022;2022_143_21;luvun;1
1328;143/2022;2022_143_21;lähes;1
1328;143/2022;2022_143_21;lähiöitä;1
1328;143/2022;2022_143_21;maahanmuuttajat;1
1328;143/2022;2022_143_21;maahanmuuttajataustaisia;1
1328;143/2022;2022_143_21;maahanmuuttajia;1
1328;143/2022;2022_143_21;maahanmuuttajien;1
1328;143/2022;2022_143_21;maahanmuuttopolitiikkaa;1
1328;143/2022;2022_143_21;maahantulijan;1
1328;143/2022;2022_143_21;maan;1
1328;143/2022;2022_143_21;maassa;2
1328;143/2022;2022_143_21;magdalena;1
1328;143/2022;2022_143_21;maissa;1
1328;143/2022;2022_143_21;malleja;1
1328;143/2022;2022_143_21;mallia;1
1328;143/2022;2022_143_21;malmössä;1
1328;143/2022;2022_143_21;meidän;2
1328;143/2022;2022_143_21;meille;1
1328;143/2022;2022_143_21;mellakat;1
1328;143/2022;2022_143_21;mennä;3
1328;143/2022;2022_143_21;mikä;1
1328;143/2022;2022_143_21;mitataan;1
1328;143/2022;2022_143_21;mitä;2
1328;143/2022;2022_143_21;molemmat;1
1328;143/2022;2022_143_21;monen;1
1328;143/2022;2022_143_21;monessa;1
1328;143/2022;2022_143_21;monet;1
1328;143/2022;2022_143_21;mutta;5
1328;143/2022;2022_143_21;muualta;1
1328;143/2022;2022_143_21;myöhäistä;2
1328;143/2022;2022_143_21;myöhässä;2
1328;143/2022;2022_143_21;myönnettiin;1
1328;143/2022;2022_143_21;myöntänyt;1
1328;143/2022;2022_143_21;myös;4
1328;143/2022;2022_143_21;määrä;1
1328;143/2022;2022_143_21;niiden;1
1328;143/2022;2022_143_21;niitä;1
1328;143/2022;2022_143_21;nimillä;1
1328;143/2022;2022_143_21;norja;1
1328;143/2022;2022_143_21;noudattanut;1
1328;143/2022;2022_143_21;nuoren;1
1328;143/2022;2022_143_21;nuorimmat;1
1328;143/2022;2022_143_21;nyt;3
1328;143/2022;2022_143_21;näiden;1
1328;143/2022;2022_143_21;näin;1
1328;143/2022;2022_143_21;oikeasta;1
1328;143/2022;2022_143_21;oikeilla;1
1328;143/2022;2022_143_21;olemme;2
1328;143/2022;2022_143_21;oleskelulupia;1
1328;143/2022;2022_143_21;oli;4
1328;143/2022;2022_143_21;olivat;2
1328;143/2022;2022_143_21;olla;1
1328;143/2022;2022_143_21;ollaan;1
1328;143/2022;2022_143_21;oma;1
1328;143/2022;2022_143_21;omiin;1
1328;143/2022;2022_143_21;on;20
1328;143/2022;2022_143_21;opiskella;2
1328;143/2022;2022_143_21;oppia;1
1328;143/2022;2022_143_21;osa;1
1328;143/2022;2022_143_21;ottaa;1
1328;143/2022;2022_143_21;ottaneet;1
1328;143/2022;2022_143_21;ovat;5
1328;143/2022;2022_143_21;pahasti;1
1328;143/2022;2022_143_21;paljon;2
1328;143/2022;2022_143_21;parempaa;1
1328;143/2022;2022_143_21;pelkän;1
1328;143/2022;2022_143_21;perusasioiden;1
1328;143/2022;2022_143_21;perussuomalaisten;1
1328;143/2022;2022_143_21;pidetty;1
1328;143/2022;2022_143_21;pidä;1
1328;143/2022;2022_143_21;pisteytyksestä;1
1328;143/2022;2022_143_21;pitää;3
1328;143/2022;2022_143_21;poliiseja;1
1328;143/2022;2022_143_21;poliisi;3
1328;143/2022;2022_143_21;poliisia;1
1328;143/2022;2022_143_21;poliisien;1
1328;143/2022;2022_143_21;poliisin;2
1328;143/2022;2022_143_21;polttopulloilla;1
1328;143/2022;2022_143_21;puheena;1
1328;143/2022;2022_143_21;puhemies;4
1328;143/2022;2022_143_21;puhumaan;1
1328;143/2022;2022_143_21;puhutaan;1
1328;143/2022;2022_143_21;puolet;1
1328;143/2022;2022_143_21;puolilla;1
1328;143/2022;2022_143_21;puuttumaan;1
1328;143/2022;2022_143_21;puututtava;2
1328;143/2022;2022_143_21;pyrkiä;1
1328;143/2022;2022_143_21;pysähtyi;1
1328;143/2022;2022_143_21;pääministeri;1
1328;143/2022;2022_143_21;pääministerin;1
1328;143/2022;2022_143_21;pääsiäisenä;1
1328;143/2022;2022_143_21;päässeet;1
1328;143/2022;2022_143_21;päätöksiä;1
1328;143/2022;2022_143_21;rasismista;1
1328;143/2022;2022_143_21;rikollisin;1
1328;143/2022;2022_143_21;rikollisuudesta;1
1328;143/2022;2022_143_21;ruotsalainen;1
1328;143/2022;2022_143_21;ruotsalaisten;1
1328;143/2022;2022_143_21;ruotsi;2
1328;143/2022;2022_143_21;ruotsia;1
1328;143/2022;2022_143_21;ruotsidemokraattien;1
1328;143/2022;2022_143_21;ruotsiin;2
1328;143/2022;2022_143_21;ruotsin;3
1328;143/2022;2022_143_21;ruotsissa;3
1328;143/2022;2022_143_21;ruotsista;1
1328;143/2022;2022_143_21;sallivaa;1
1328;143/2022;2022_143_21;sama;1
1328;143/2022;2022_143_21;samassa;1
1328;143/2022;2022_143_21;sanoi;1
1328;143/2022;2022_143_21;se;4
1328;143/2022;2022_143_21;selvittiin;1
1328;143/2022;2022_143_21;sen;1
1328;143/2022;2022_143_21;siihen;1
1328;143/2022;2022_143_21;siitä;1
1328;143/2022;2022_143_21;silkkihansikkain;1
1328;143/2022;2022_143_21;silloin;3
1328;143/2022;2022_143_21;sinisilmäinen;1
1328;143/2022;2022_143_21;sitten;1
1328;143/2022;2022_143_21;sitä;2
1328;143/2022;2022_143_21;sopeutua;1
1328;143/2022;2022_143_21;sosiaaliviranomaisten;1
1328;143/2022;2022_143_21;suomea;1
1328;143/2022;2022_143_21;suomen;1
1328;143/2022;2022_143_21;suomessa;1
1328;143/2022;2022_143_21;suomi;1
1328;143/2022;2022_143_21;suunta;1
1328;143/2022;2022_143_21;suurin;1
1328;143/2022;2022_143_21;symbolisesti;1
1328;143/2022;2022_143_21;syntyneet;1
1328;143/2022;2022_143_21;syntyneiden;1
1328;143/2022;2022_143_21;syntynyt;1
1328;143/2022;2022_143_21;syvästi;1
1328;143/2022;2022_143_21;syyttää;1
1328;143/2022;2022_143_21;tahtiin;1
1328;143/2022;2022_143_21;tai;3
1328;143/2022;2022_143_21;talman;4
1328;143/2022;2022_143_21;tanska;1
1328;143/2022;2022_143_21;tarvitsemme;1
1328;143/2022;2022_143_21;tavalla;1
1328;143/2022;2022_143_21;tehdä;2
1328;143/2022;2022_143_21;teholla;1
1328;143/2022;2022_143_21;tekemää;1
1328;143/2022;2022_143_21;tekevät;1
1328;143/2022;2022_143_21;tie;1
1328;143/2022;2022_143_21;tiesulkuja;1
1328;143/2022;2022_143_21;tiivistyy;1
1328;143/2022;2022_143_21;tilanteeseen;1
1328;143/2022;2022_143_21;tiukemman;1
1328;143/2022;2022_143_21;todellisuuksissa;1
1328;143/2022;2022_143_21;toinen;1
1328;143/2022;2022_143_21;totesi;1
1328;143/2022;2022_143_21;toteutumista;1
1328;143/2022;2022_143_21;totuudet;1
1328;143/2022;2022_143_21;tukholmassa;1
1328;143/2022;2022_143_21;tule;1
1328;143/2022;2022_143_21;tulevaa;1
1328;143/2022;2022_143_21;tulleet;1
1328;143/2022;2022_143_21;tullut;1
1328;143/2022;2022_143_21;tunnustus;1
1328;143/2022;2022_143_21;tuplaantui;1
1328;143/2022;2022_143_21;tyhmyys;1
1328;143/2022;2022_143_21;työvoimaa;1
1328;143/2022;2022_143_21;työvoimasta;1
1328;143/2022;2022_143_21;tähän;2
1328;143/2022;2022_143_21;tällaiset;1
1328;143/2022;2022_143_21;tällä;1
1328;143/2022;2022_143_21;tämä;1
1328;143/2022;2022_143_21;tänne;1
1328;143/2022;2022_143_21;tänä;1
1328;143/2022;2022_143_21;tässä;2
1328;143/2022;2022_143_21;täydellä;1
1328;143/2022;2022_143_21;töihin;1
1328;143/2022;2022_143_21;ulkomailla;3
1328;143/2022;2022_143_21;ulkopuolelle;1
1328;143/2022;2022_143_21;unohtaa;1
1328;143/2022;2022_143_21;uskalla;2
1328;143/2022;2022_143_21;uuden;1
1328;143/2022;2022_143_21;vain;1
1328;143/2022;2022_143_21;vakavaa;1
1328;143/2022;2022_143_21;valinneet;1
1328;143/2022;2022_143_21;valitettavasti;1
1328;143/2022;2022_143_21;vanhemmista;1
1328;143/2022;2022_143_21;vanhempien;1
1328;143/2022;2022_143_21;varhaisemmin;1
1328;143/2022;2022_143_21;varten;1
1328;143/2022;2022_143_21;vastaan;2
1328;143/2022;2022_143_21;veitsien;1
1328;143/2022;2022_143_21;vihollisjengin;1
1328;143/2022;2022_143_21;viides;1
1328;143/2022;2022_143_21;viime;1
1328;143/2022;2022_143_21;viimeinen;1
1328;143/2022;2022_143_21;vinoon;1
1328;143/2022;2022_143_21;voi;1
1328;143/2022;2022_143_21;vuodessa;3
1328;143/2022;2022_143_21;vuonna;1
1328;143/2022;2022_143_21;vuosia;1
1328;143/2022;2022_143_21;väkivallan;1
1328;143/2022;2022_143_21;väliin;1
1328;143/2022;2022_143_21;välikysymystä;1
1328;143/2022;2022_143_21;välisissä;1
1328;143/2022;2022_143_21;väärästä;1
1328;143/2022;2022_143_21;yhteiskunnan;1
1328;143/2022;2022_143_21;yhteistyötä;1
1328;143/2022;2022_143_21;yksinkertaisesti;1
1328;143/2022;2022_143_21;ärade;4
1328;143/2022;2022_143_21;ääneen;1
1328;144/2020;2020_144_25;aikoo;1
1328;144/2020;2020_144_25;aloitettava;1
1328;144/2020;2020_144_25;arvoisa;1
1328;144/2020;2020_144_25;auta;1
1328;144/2020;2020_144_25;eivät;1
1328;144/2020;2020_144_25;elämään;1
1328;144/2020;2020_144_25;etnisiä;1
1328;144/2020;2020_144_25;ettei;1
1328;144/2020;2020_144_25;hallitus;1
1328;144/2020;2020_144_25;ilman;1
1328;144/2020;2020_144_25;ja;5
1328;144/2020;2020_144_25;jengejä;1
1328;144/2020;2020_144_25;jo;1
1328;144/2020;2020_144_25;jälkeläisten;1
1328;144/2020;2020_144_25;kaduille;1
1328;144/2020;2020_144_25;kaunistaminen;1
1328;144/2020;2020_144_25;kaupungin;1
1328;144/2020;2020_144_25;kautta;1
1328;144/2020;2020_144_25;kielitaitoa;1
1328;144/2020;2020_144_25;koulua;1
1328;144/2020;2020_144_25;käydä;1
1328;144/2020;2020_144_25;lisää;1
1328;144/2020;2020_144_25;maahanmuuttajien;1
1328;144/2020;2020_144_25;maan;1
1328;144/2020;2020_144_25;maassa;1
1328;144/2020;2020_144_25;meille;1
1328;144/2020;2020_144_25;mitä;1
1328;144/2020;2020_144_25;nyt;1
1328;144/2020;2020_144_25;on;3
1328;144/2020;2020_144_25;opiskella;1
1328;144/2020;2020_144_25;opittava;1
1328;144/2020;2020_144_25;oppivelvollisuuden;1
1328;144/2020;2020_144_25;pidentäminen;1
1328;144/2020;2020_144_25;puhemies;1
1328;144/2020;2020_144_25;päiväkodeista;1
1328;144/2020;2020_144_25;päästä;1
1328;144/2020;2020_144_25;rinnakkaista;1
1328;144/2020;2020_144_25;sitouttaminen;1
1328;144/2020;2020_144_25;sitä;1
1328;144/2020;2020_144_25;suomalaiseen;1
1328;144/2020;2020_144_25;synny;1
1328;144/2020;2020_144_25;talman;1
1328;144/2020;2020_144_25;tavalla;1
1328;144/2020;2020_144_25;tehdä;1
1328;144/2020;2020_144_25;toivotonta;1
1328;144/2020;2020_144_25;työttömyystilastojen;1
1328;144/2020;2020_144_25;tässä;1
1328;144/2020;2020_144_25;töihin;1
1328;144/2020;2020_144_25;yhteiskuntaa;1
1328;144/2020;2020_144_25;yhteiskuntaan;1
1328;144/2020;2020_144_25;ärade;1
1328;144/2021;2021_144_103;aikana;1
1328;144/2021;2021_144_103;aloittaa;1
1328;144/2021;2021_144_103;annoitte;1
1328;144/2021;2021_144_103;arvoisa;2
1328;144/2021;2021_144_103;edellisellä;1
1328;144/2021;2021_144_103;edellisen;1
1328;144/2021;2021_144_103;eerola;2
1328;144/2021;2021_144_103;ei;1
1328;144/2021;2021_144_103;eikö;1
1328;144/2021;2021_144_103;epäluottamuslauseen;1
1328;144/2021;2021_144_103;eroamaan;1
1328;144/2021;2021_144_103;että;2
1328;144/2021;2021_144_103;haataiselta;1
1328;144/2021;2021_144_103;hallituksen;1
1328;144/2021;2021_144_103;hallitus;1
1328;144/2021;2021_144_103;haukkumaan;1
1328;144/2021;2021_144_103;hienoa;1
1328;144/2021;2021_144_103;hvkn;1
1328;144/2021;2021_144_103;hän;3
1328;144/2021;2021_144_103;ihan;2
1328;144/2021;2021_144_103;ja;1
1328;144/2021;2021_144_103;joutui;1
1328;144/2021;2021_144_103;juho;2
1328;144/2021;2021_144_103;jälkeen;1
1328;144/2021;2021_144_103;kautta;1
1328;144/2021;2021_144_103;kerralla;1
1328;144/2021;2021_144_103;kertaa;2
1328;144/2021;2021_144_103;keskittyi;1
1328;144/2021;2021_144_103;kolme;1
1328;144/2021;2021_144_103;kuitenkin;3
1328;144/2021;2021_144_103;kun;1
1328;144/2021;2021_144_103;kyselytunnin;2
1328;144/2021;2021_144_103;kysyin;2
1328;144/2021;2021_144_103;kysymyksen;1
1328;144/2021;2021_144_103;kysymystä;1
1328;144/2021;2021_144_103;kysyn;1
1328;144/2021;2021_144_103;kysyy;1
1328;144/2021;2021_144_103;käy;1
1328;144/2021;2021_144_103;lehtien;1
1328;144/2021;2021_144_103;marin;1
1328;144/2021;2021_144_103;marinilta;1
1328;144/2021;2021_144_103;mielestänne;1
1328;144/2021;2021_144_103;mikrofonin;1
1328;144/2021;2021_144_103;ministeri;2
1328;144/2021;2021_144_103;ministerit;1
1328;144/2021;2021_144_103;minkä;1
1328;144/2021;2021_144_103;mitä;1
1328;144/2021;2021_144_103;monta;1
1328;144/2021;2021_144_103;muuta;1
1328;144/2021;2021_144_103;niin;2
1328;144/2021;2021_144_103;nyt;3
1328;144/2021;2021_144_103;oikein;1
1328;144/2021;2021_144_103;ollessa;1
1328;144/2021;2021_144_103;on;1
1328;144/2021;2021_144_103;oppositio;1
1328;144/2021;2021_144_103;perussuomalaiset;1
1328;144/2021;2021_144_103;puheenvuoron;1
1328;144/2021;2021_144_103;puhemies;2
1328;144/2021;2021_144_103;puhui;1
1328;144/2021;2021_144_103;puhuja;1
1328;144/2021;2021_144_103;punalamppu;1
1328;144/2021;2021_144_103;pääministeri;2
1328;144/2021;2021_144_103;saarikolta;1
1328;144/2021;2021_144_103;sattuu;1
1328;144/2021;2021_144_103;se;1
1328;144/2021;2021_144_103;sen;1
1328;144/2021;2021_144_103;sitä;1
1328;144/2021;2021_144_103;suljettuna;1
1328;144/2021;2021_144_103;syttyi;1
1328;144/2021;2021_144_103;syty;1
1328;144/2021;2021_144_103;takia;1
1328;144/2021;2021_144_103;tarkoituksena;1
1328;144/2021;2021_144_103;teittekö;1
1328;144/2021;2021_144_103;toimitusjohtajalle;1
1328;144/2021;2021_144_103;toinen;2
1328;144/2021;2021_144_103;tällä;1
1328;144/2021;2021_144_103;varapuhemies;2
1328;144/2021;2021_144_103;vastaa;1
1328;144/2021;2021_144_103;vastaavat;1
1328;144/2021;2021_144_103;yksinkertaisen;1
1328;144/2021;2021_144_103;yksinkertaista;1
1328;145/2017;2017_145_298;aiheeseen;1
1328;145/2017;2017_145_298;arvoisa;1
1328;145/2017;2017_145_298;edustaja;1
1328;145/2017;2017_145_298;en;1
1328;145/2017;2017_145_298;että;2
1328;145/2017;2017_145_298;halukkuutta;1
1328;145/2017;2017_145_298;hyvä;1
1328;145/2017;2017_145_298;hän;1
1328;145/2017;2017_145_298;ihan;2
1328;145/2017;2017_145_298;ja;2
1328;145/2017;2017_145_298;kiinni;1
1328;145/2017;2017_145_298;kiitos;1
1328;145/2017;2017_145_298;koeaika;1
1328;145/2017;2017_145_298;koko;1
1328;145/2017;2017_145_298;kolmeksi;1
1328;145/2017;2017_145_298;kolmen;1
1328;145/2017;2017_145_298;kyllä;2
1328;145/2017;2017_145_298;kysyi;1
1328;145/2017;2017_145_298;kysymykseen;1
1328;145/2017;2017_145_298;liittyi;1
1328;145/2017;2017_145_298;löytyy;1
1328;145/2017;2017_145_298;minulta;1
1328;145/2017;2017_145_298;miten;1
1328;145/2017;2017_145_298;mutta;2
1328;145/2017;2017_145_298;oikein;1
1328;145/2017;2017_145_298;olisi;1
1328;145/2017;2017_145_298;on;1
1328;145/2017;2017_145_298;paljon;1
1328;145/2017;2017_145_298;palkkaisinko;1
1328;145/2017;2017_145_298;puhemies;1
1328;145/2017;2017_145_298;päiväksi;1
1328;145/2017;2017_145_298;päivän;1
1328;145/2017;2017_145_298;riippuu;1
1328;145/2017;2017_145_298;se;2
1328;145/2017;2017_145_298;siihen;2
1328;145/2017;2017_145_298;siitä;1
1328;145/2017;2017_145_298;tarpeesta;1
1328;145/2017;2017_145_298;tolppasen;1
1328;145/2017;2017_145_298;työntekijän;1
1328;145/2017;2017_145_298;tähän;1
1328;145/2017;2017_145_298;tässä;1
1328;145/2017;2017_145_298;töihin;1
1328;145/2017;2017_145_298;uskon;1
1328;145/2017;2017_145_298;vastaan;1
1328;145/2017;2017_145_298;vastata;1
1328;145/2017;2017_145_298;voin;1
1328;145/2017;2017_145_298;ymmärrä;1
1328;145/2017;2017_145_298;yrityksestä;2
1328;145/2017;2017_145_5;ei;1
1328;145/2017;2017_145_5;oli;1
1328;145/2017;2017_145_5;puhemies;1
1328;145/2017;2017_145_5;tarkoitus;1
1328;145/2017;2017_145_5;äänestää;1
1328;146/2021;2021_146_18;aihe;1
1328;146/2021;2021_146_18;aikaa;1
1328;146/2021;2021_146_18;aikaiseksi;1
1328;146/2021;2021_146_18;aina;1
1328;146/2021;2021_146_18;ainakin;1
1328;146/2021;2021_146_18;ajassa;1
1328;146/2021;2021_146_18;alkaa;1
1328;146/2021;2021_146_18;ansiokkaasti;1
1328;146/2021;2021_146_18;arvailla;1
1328;146/2021;2021_146_18;arvoisa;4
1328;146/2021;2021_146_18;asevelvollisuus;1
1328;146/2021;2021_146_18;asia;1
1328;146/2021;2021_146_18;asiantuntijoita;1
1328;146/2021;2021_146_18;asiat;1
1328;146/2021;2021_146_18;asti;1
1328;146/2021;2021_146_18;auttaa;1
1328;146/2021;2021_146_18;bidenin;1
1328;146/2021;2021_146_18;dialogia;1
1328;146/2021;2021_146_18;edelle;1
1328;146/2021;2021_146_18;ehdottomasti;1
1328;146/2021;2021_146_18;ei;7
1328;146/2021;2021_146_18;eikä;1
1328;146/2021;2021_146_18;eivät;1
1328;146/2021;2021_146_18;eli;3
1328;146/2021;2021_146_18;elintärkeiden;1
1328;146/2021;2021_146_18;elää;1
1328;146/2021;2021_146_18;emme;1
1328;146/2021;2021_146_18;energia-asioissa;1
1328;146/2021;2021_146_18;epävarminta;1
1328;146/2021;2021_146_18;eri;1
1328;146/2021;2021_146_18;erilaiset;1
1328;146/2021;2021_146_18;erilaisista;1
1328;146/2021;2021_146_18;erityisesti;1
1328;146/2021;2021_146_18;etteivät;1
1328;146/2021;2021_146_18;että;2
1328;146/2021;2021_146_18;etu;1
1328;146/2021;2021_146_18;etyjin;1
1328;146/2021;2021_146_18;eun;2
1328;146/2021;2021_146_18;eurooppa;1
1328;146/2021;2021_146_18;hakee;1
1328;146/2021;2021_146_18;hallituksen;1
1328;146/2021;2021_146_18;hallitusta;1
1328;146/2021;2021_146_18;haluaa;1
1328;146/2021;2021_146_18;haluan;1
1328;146/2021;2021_146_18;hankkeelle;1
1328;146/2021;2021_146_18;hetkessä;2
1328;146/2021;2021_146_18;huippukokouksen;1
1328;146/2021;2021_146_18;huolimatta;2
1328;146/2021;2021_146_18;huolta;1
1328;146/2021;2021_146_18;huomata;1
1328;146/2021;2021_146_18;huomio;1
1328;146/2021;2021_146_18;hyvin;1
1328;146/2021;2021_146_18;hyviä;1
1328;146/2021;2021_146_18;hyvä;1
1328;146/2021;2021_146_18;hyvää;2
1328;146/2021;2021_146_18;hävittäjähankinnat;1
1328;146/2021;2021_146_18;hävittäjähankinnoilla;1
1328;146/2021;2021_146_18;ilkka;1
1328;146/2021;2021_146_18;ilman;1
1328;146/2021;2021_146_18;ilmavoimien;1
1328;146/2021;2021_146_18;itämeren;2
1328;146/2021;2021_146_18;itärajalle;1
1328;146/2021;2021_146_18;itärajallemme;1
1328;146/2021;2021_146_18;itään;1
1328;146/2021;2021_146_18;ja;25
1328;146/2021;2021_146_18;jatkossa;1
1328;146/2021;2021_146_18;jos;1
1328;146/2021;2021_146_18;joskus;1
1328;146/2021;2021_146_18;jota;1
1328;146/2021;2021_146_18;jotakin;1
1328;146/2021;2021_146_18;joukkoja;1
1328;146/2021;2021_146_18;juuri;1
1328;146/2021;2021_146_18;järjestäminen;1
1328;146/2021;2021_146_18;järjestämisestä;1
1328;146/2021;2021_146_18;järjestön;1
1328;146/2021;2021_146_18;jäseneksi;1
1328;146/2021;2021_146_18;jäseniä;1
1328;146/2021;2021_146_18;kaasuputki;1
1328;146/2021;2021_146_18;kahtiajakautunut;1
1328;146/2021;2021_146_18;kanerva;1
1328;146/2021;2021_146_18;kanervalle;1
1328;146/2021;2021_146_18;kannanottoja;1
1328;146/2021;2021_146_18;kannattaa;1
1328;146/2021;2021_146_18;kansainvälisten;1
1328;146/2021;2021_146_18;kansakunnan;1
1328;146/2021;2021_146_18;kansan;3
1328;146/2021;2021_146_18;kanssa;2
1328;146/2021;2021_146_18;kehityksen;1
1328;146/2021;2021_146_18;keinot;1
1328;146/2021;2021_146_18;keskittää;1
1328;146/2021;2021_146_18;keskustelussa;1
1328;146/2021;2021_146_18;kiinni;1
1328;146/2021;2021_146_18;kiinnittää;1
1328;146/2021;2021_146_18;kiitos;1
1328;146/2021;2021_146_18;kohdillaan;1
1328;146/2021;2021_146_18;koko;4
1328;146/2021;2021_146_18;kokous;3
1328;146/2021;2021_146_18;korostaa;1
1328;146/2021;2021_146_18;koskaan;1
1328;146/2021;2021_146_18;kriiseistä;1
1328;146/2021;2021_146_18;kriisivalmiuden;1
1328;146/2021;2021_146_18;kuin;4
1328;146/2021;2021_146_18;kulkeva;1
1328;146/2021;2021_146_18;kulmakiviä;1
1328;146/2021;2021_146_18;kulunut;1
1328;146/2021;2021_146_18;kun;4
1328;146/2021;2021_146_18;kunnossa;2
1328;146/2021;2021_146_18;kuten;1
1328;146/2021;2021_146_18;kuuluu;1
1328;146/2021;2021_146_18;kuunnella;1
1328;146/2021;2021_146_18;kylmän;1
1328;146/2021;2021_146_18;kyse;1
1328;146/2021;2021_146_18;kyseessä;1
1328;146/2021;2021_146_18;käyttöön;1
1328;146/2021;2021_146_18;lainsäädännön;1
1328;146/2021;2021_146_18;lakien;1
1328;146/2021;2021_146_18;liettuan;1
1328;146/2021;2021_146_18;lieventää;1
1328;146/2021;2021_146_18;liian;1
1328;146/2021;2021_146_18;liittoutumattomuus;1
1328;146/2021;2021_146_18;linja;1
1328;146/2021;2021_146_18;lukea;1
1328;146/2021;2021_146_18;luomisessa;1
1328;146/2021;2021_146_18;lännen;1
1328;146/2021;2021_146_18;länteen;1
1328;146/2021;2021_146_18;maailma;1
1328;146/2021;2021_146_18;maan;2
1328;146/2021;2021_146_18;maanpuolustustahdon;1
1328;146/2021;2021_146_18;maanpuolustustahto;2
1328;146/2021;2021_146_18;malli;1
1328;146/2021;2021_146_18;meidän;1
1328;146/2021;2021_146_18;meille;1
1328;146/2021;2021_146_18;meillä;1
1328;146/2021;2021_146_18;meiltä;1
1328;146/2021;2021_146_18;menevät;1
1328;146/2021;2021_146_18;merivoimien;1
1328;146/2021;2021_146_18;merkittävästi;1
1328;146/2021;2021_146_18;merkitystä;1
1328;146/2021;2021_146_18;mietintö;1
1328;146/2021;2021_146_18;mikään;1
1328;146/2021;2021_146_18;minkäänlaista;1
1328;146/2021;2021_146_18;mistään;1
1328;146/2021;2021_146_18;monessa;1
1328;146/2021;2021_146_18;monimutkaisempia;1
1328;146/2021;2021_146_18;motiivia;1
1328;146/2021;2021_146_18;mukaan;1
1328;146/2021;2021_146_18;mukava;1
1328;146/2021;2021_146_18;muotoaan;1
1328;146/2021;2021_146_18;mutta;5
1328;146/2021;2021_146_18;muuten;1
1328;146/2021;2021_146_18;muutenkin;1
1328;146/2021;2021_146_18;muuttanut;1
1328;146/2021;2021_146_18;muuttuneet;1
1328;146/2021;2021_146_18;myöhäistä;1
1328;146/2021;2021_146_18;myös;4
1328;146/2021;2021_146_18;nato;1
1328;146/2021;2021_146_18;naton;4
1328;146/2021;2021_146_18;ne;1
1328;146/2021;2021_146_18;niin;4
1328;146/2021;2021_146_18;niinistö;3
1328;146/2021;2021_146_18;niitä;1
1328;146/2021;2021_146_18;nord;1
1328;146/2021;2021_146_18;nousussa;1
1328;146/2021;2021_146_18;nykyinen;1
1328;146/2021;2021_146_18;nyt;2
1328;146/2021;2021_146_18;näkyy;1
1328;146/2021;2021_146_18;näyttää;1
1328;146/2021;2021_146_18;oikea;1
1328;146/2021;2021_146_18;ole;5
1328;146/2021;2021_146_18;olevan;1
1328;146/2021;2021_146_18;olisi;1
1328;146/2021;2021_146_18;olisimme;1
1328;146/2021;2021_146_18;olla;2
1328;146/2021;2021_146_18;olleet;1
1328;146/2021;2021_146_18;oma;1
1328;146/2021;2021_146_18;on;19
1328;146/2021;2021_146_18;ostaa;1
1328;146/2021;2021_146_18;ovat;7
1328;146/2021;2021_146_18;pakettiin;1
1328;146/2021;2021_146_18;pakolaisvyöry;1
1328;146/2021;2021_146_18;palkka-armeija;1
1328;146/2021;2021_146_18;paremmin;1
1328;146/2021;2021_146_18;parempaa;1
1328;146/2021;2021_146_18;pelkästään;3
1328;146/2021;2021_146_18;perustamisesta;1
1328;146/2021;2021_146_18;pidetään;1
1328;146/2021;2021_146_18;pidä;1
1328;146/2021;2021_146_18;pitänyt;1
1328;146/2021;2021_146_18;pitää;2
1328;146/2021;2021_146_18;pohjassa;1
1328;146/2021;2021_146_18;pohjois-euroopassa;1
1328;146/2021;2021_146_18;pois;1
1328;146/2021;2021_146_18;politiikkaa;1
1328;146/2021;2021_146_18;presidentti;2
1328;146/2021;2021_146_18;presidenttiä;1
1328;146/2021;2021_146_18;puheenjohtaja;1
1328;146/2021;2021_146_18;puheenjohtajaksi;1
1328;146/2021;2021_146_18;puhemies;4
1328;146/2021;2021_146_18;puhuminen;1
1328;146/2021;2021_146_18;puhunut;1
1328;146/2021;2021_146_18;puolan;1
1328;146/2021;2021_146_18;puolustaminen;1
1328;146/2021;2021_146_18;puolustuksen;2
1328;146/2021;2021_146_18;puolustuksessa;1
1328;146/2021;2021_146_18;puolustuspoliittinen;1
1328;146/2021;2021_146_18;puolustuspolitiikassa;1
1328;146/2021;2021_146_18;puolustusselonteko;1
1328;146/2021;2021_146_18;puolustustahto;1
1328;146/2021;2021_146_18;puolustusvoimien;1
1328;146/2021;2021_146_18;putinin;1
1328;146/2021;2021_146_18;päivittäminen;1
1328;146/2021;2021_146_18;päällä;1
1328;146/2021;2021_146_18;pääministerin;1
1328;146/2021;2021_146_18;päättäjien;1
1328;146/2021;2021_146_18;rahalla;1
1328;146/2021;2021_146_18;rajalla;1
1328;146/2021;2021_146_18;rajoille;1
1328;146/2021;2021_146_18;rannalla;1
1328;146/2021;2021_146_18;resurssien;1
1328;146/2021;2021_146_18;riittäviä;1
1328;146/2021;2021_146_18;riittävää;1
1328;146/2021;2021_146_18;ruotsin;1
1328;146/2021;2021_146_18;saatava;2
1328;146/2021;2021_146_18;samalla;1
1328;146/2021;2021_146_18;samanlainen;1
1328;146/2021;2021_146_18;sanoi;1
1328;146/2021;2021_146_18;sauli;2
1328;146/2021;2021_146_18;saumaton;1
1328;146/2021;2021_146_18;se;5
1328;146/2021;2021_146_18;selkeitä;1
1328;146/2021;2021_146_18;selkeä;1
1328;146/2021;2021_146_18;selkeästi;1
1328;146/2021;2021_146_18;sellaista;1
1328;146/2021;2021_146_18;selvittää;1
1328;146/2021;2021_146_18;selviä;1
1328;146/2021;2021_146_18;selviää;1
1328;146/2021;2021_146_18;sen;2
1328;146/2021;2021_146_18;seuraavaa;2
1328;146/2021;2021_146_18;sietokykyä;1
1328;146/2021;2021_146_18;siinä;1
1328;146/2021;2021_146_18;siitä;2
1328;146/2021;2021_146_18;siksi;1
1328;146/2021;2021_146_18;silloin;1
1328;146/2021;2021_146_18;sisällä;1
1328;146/2021;2021_146_18;sitten;1
1328;146/2021;2021_146_18;sitä;2
1328;146/2021;2021_146_18;sodan;1
1328;146/2021;2021_146_18;sodankäynniksi;1
1328;146/2021;2021_146_18;sodankäynti;1
1328;146/2021;2021_146_18;sopimusten;1
1328;146/2021;2021_146_18;sotilaallinen;1
1328;146/2021;2021_146_18;sotilaallisessa;1
1328;146/2021;2021_146_18;sotilaallisesta;1
1328;146/2021;2021_146_18;sotilaita;1
1328;146/2021;2021_146_18;stream;1
1328;146/2021;2021_146_18;suhteet;1
1328;146/2021;2021_146_18;suhteiden;1
1328;146/2021;2021_146_18;suomalaisten;1
1328;146/2021;2021_146_18;suomelle;1
1328;146/2021;2021_146_18;suomen;6
1328;146/2021;2021_146_18;suomessa;1
1328;146/2021;2021_146_18;suomi;3
1328;146/2021;2021_146_18;suoraan;1
1328;146/2021;2021_146_18;suunta;1
1328;146/2021;2021_146_18;suuntaan;1
1328;146/2021;2021_146_18;tahtotilaa;1
1328;146/2021;2021_146_18;takaamiseksi;1
1328;146/2021;2021_146_18;takia;1
1328;146/2021;2021_146_18;talman;4
1328;146/2021;2021_146_18;tapahtumat;1
1328;146/2021;2021_146_18;tarpeellista;1
1328;146/2021;2021_146_18;tarpeen;1
1328;146/2021;2021_146_18;tasavallan;3
1328;146/2021;2021_146_18;tavalla;1
1328;146/2021;2021_146_18;tehdä;1
1328;146/2021;2021_146_18;tehty;1
1328;146/2021;2021_146_18;tehtävästä;1
1328;146/2021;2021_146_18;tietysti;1
1328;146/2021;2021_146_18;tiivis;2
1328;146/2021;2021_146_18;tiivistyvä;1
1328;146/2021;2021_146_18;tilanne;3
1328;146/2021;2021_146_18;tilanteessa;2
1328;146/2021;2021_146_18;toimii;1
1328;146/2021;2021_146_18;toimintaan;1
1328;146/2021;2021_146_18;toimivat;1
1328;146/2021;2021_146_18;toivoa;1
1328;146/2021;2021_146_18;toivottavasti;1
1328;146/2021;2021_146_18;tosi;1
1328;146/2021;2021_146_18;tosissaan;1
1328;146/2021;2021_146_18;tuki;1
1328;146/2021;2021_146_18;tulla;1
1328;146/2021;2021_146_18;tuntuu;1
1328;146/2021;2021_146_18;tuoreen;1
1328;146/2021;2021_146_18;tuoreet;1
1328;146/2021;2021_146_18;turvallisuus;1
1328;146/2021;2021_146_18;turvallisuusjärjestö;1
1328;146/2021;2021_146_18;tutkimuksen;1
1328;146/2021;2021_146_18;tuuliviiri;1
1328;146/2021;2021_146_18;tähän;1
1328;146/2021;2021_146_18;tälle;1
1328;146/2021;2021_146_18;tämä;1
1328;146/2021;2021_146_18;tämänpäiväisessä;1
1328;146/2021;2021_146_18;tärkeämpää;1
1328;146/2021;2021_146_18;tässä;2
1328;146/2021;2021_146_18;tästä;1
1328;146/2021;2021_146_18;tätä;1
1328;146/2021;2021_146_18;täytyy;1
1328;146/2021;2021_146_18;täällä;1
1328;146/2021;2021_146_18;uhasta;1
1328;146/2021;2021_146_18;uhkaa;1
1328;146/2021;2021_146_18;uhkakuvat;1
1328;146/2021;2021_146_18;ukrainan;1
1328;146/2021;2021_146_18;ulkoministerin;1
1328;146/2021;2021_146_18;ulos;1
1328;146/2021;2021_146_18;ulospäin;1
1328;146/2021;2021_146_18;uskottavan;1
1328;146/2021;2021_146_18;vaan;1
1328;146/2021;2021_146_18;vaatii;1
1328;146/2021;2021_146_18;vaikuttaa;2
1328;146/2021;2021_146_18;vain;1
1328;146/2021;2021_146_18;valinnat;1
1328;146/2021;2021_146_18;valinta;1
1328;146/2021;2021_146_18;valittiin;1
1328;146/2021;2021_146_18;vastakkain;1
1328;146/2021;2021_146_18;vastustuksesta;1
1328;146/2021;2021_146_18;venäjä;2
1328;146/2021;2021_146_18;venäjä-pakotteista;1
1328;146/2021;2021_146_18;venäjän;4
1328;146/2021;2021_146_18;viedä;1
1328;146/2021;2021_146_18;viesti;1
1328;146/2021;2021_146_18;viranomaisten;1
1328;146/2021;2021_146_18;voi;5
1328;146/2021;2021_146_18;voidaan;2
1328;146/2021;2021_146_18;vuodelle;1
1328;146/2021;2021_146_18;vuotta;1
1328;146/2021;2021_146_18;välillä;1
1328;146/2021;2021_146_18;yhdessä;1
1328;146/2021;2021_146_18;yhdysvaltojen;1
1328;146/2021;2021_146_18;yhteiskunnan;1
1328;146/2021;2021_146_18;yhteistyö;4
1328;146/2021;2021_146_18;yhteistyötä;1
1328;146/2021;2021_146_18;yhteistä;1
1328;146/2021;2021_146_18;yhä;1
1328;146/2021;2021_146_18;yllä;1
1328;146/2021;2021_146_18;ärade;4
1328;146/2021;2021_146_18;äärettömän;1
1328;148/2020;2020_148_68;arvoisa;2
1328;148/2020;2020_148_68;että;2
1328;148/2020;2020_148_68;etujen;1
1328;148/2020;2020_148_68;hihkuman;1
1328;148/2020;2020_148_68;hyötyy;1
1328;148/2020;2020_148_68;ihmisten;1
1328;148/2020;2020_148_68;italia;1
1328;148/2020;2020_148_68;italialle;1
1328;148/2020;2020_148_68;ja;5
1328;148/2020;2020_148_68;kaiken;1
1328;148/2020;2020_148_68;kansa;1
1328;148/2020;2020_148_68;koronapaketissa;1
1328;148/2020;2020_148_68;kukkuraksi;1
1328;148/2020;2020_148_68;köyhä;1
1328;148/2020;2020_148_68;köyhää;1
1328;148/2020;2020_148_68;lapioi;1
1328;148/2020;2020_148_68;maa;1
1328;148/2020;2020_148_68;maanrakoon;1
1328;148/2020;2020_148_68;mainostaman;1
1328;148/2020;2020_148_68;me;1
1328;148/2020;2020_148_68;miten;2
1328;148/2020;2020_148_68;mitä;1
1328;148/2020;2020_148_68;mitään;1
1328;148/2020;2020_148_68;mukaista;1
1328;148/2020;2020_148_68;nettomaksaja;1
1328;148/2020;2020_148_68;nettorahaa;1
1328;148/2020;2020_148_68;oikeusvaltioperiaatteen;1
1328;148/2020;2020_148_68;olemme;1
1328;148/2020;2020_148_68;on;4
1328;148/2020;2020_148_68;paljon;1
1328;148/2020;2020_148_68;pitäisi;1
1328;148/2020;2020_148_68;puhemies;1
1328;148/2020;2020_148_68;pääministeri;1
1328;148/2020;2020_148_68;ruttaa;1
1328;148/2020;2020_148_68;sekä;1
1328;148/2020;2020_148_68;sinne;1
1328;148/2020;2020_148_68;suomen;2
1328;148/2020;2020_148_68;suomi;2
1328;148/2020;2020_148_68;talman;1
1328;148/2020;2020_148_68;tukevasti;1
1328;148/2020;2020_148_68;tuleeko;1
1328;148/2020;2020_148_68;tulla;1
1328;148/2020;2020_148_68;tästä;1
1328;148/2020;2020_148_68;unkari;1
1328;148/2020;2020_148_68;unkarille;1
1328;148/2020;2020_148_68;unkarissa;1
1328;148/2020;2020_148_68;valtio;1
1328;148/2020;2020_148_68;vauraiden;1
1328;148/2020;2020_148_68;ärade;1
1328;148/2022;2022_148_81;ajaudumme;1
1328;148/2022;2022_148_81;arvoisa;1
1328;148/2022;2022_148_81;edelleen;1
1328;148/2022;2022_148_81;ekp;1
1328;148/2022;2022_148_81;ensi;1
1328;148/2022;2022_148_81;että;2
1328;148/2022;2022_148_81;holtiton;1
1328;148/2022;2022_148_81;ja;1
1328;148/2022;2022_148_81;kaikesta;1
1328;148/2022;2022_148_81;korkoa;1
1328;148/2022;2022_148_81;korkomenot;1
1328;148/2022;2022_148_81;korot;1
1328;148/2022;2022_148_81;koska;1
1328;148/2022;2022_148_81;kotitaloudet;1
1328;148/2022;2022_148_81;kotitalouksien;1
1328;148/2022;2022_148_81;kuihtuu;1
1328;148/2022;2022_148_81;kulutus;1
1328;148/2022;2022_148_81;kun;1
1328;148/2022;2022_148_81;kuvittelitte;1
1328;148/2022;2022_148_81;lamaan;1
1328;148/2022;2022_148_81;meidät;1
1328;148/2022;2022_148_81;miljardia;2
1328;148/2022;2022_148_81;miljardin;1
1328;148/2022;2022_148_81;ministeri;1
1328;148/2022;2022_148_81;miten;1
1328;148/2022;2022_148_81;noin;1
1328;148/2022;2022_148_81;nostamassa;1
1328;148/2022;2022_148_81;olla;1
1328;148/2022;2022_148_81;on;3
1328;148/2022;2022_148_81;ovat;1
1328;148/2022;2022_148_81;prosenttia;1
1328;148/2022;2022_148_81;puhemies;1
1328;148/2022;2022_148_81;saarikko;1
1328;148/2022;2022_148_81;selviävät;1
1328;148/2022;2022_148_81;sen;1
1328;148/2022;2022_148_81;talman;1
1328;148/2022;2022_148_81;tekee;1
1328;148/2022;2022_148_81;tämä;1
1328;148/2022;2022_148_81;tästä;1
1328;148/2022;2022_148_81;valtionvelka;1
1328;148/2022;2022_148_81;velka;1
1328;148/2022;2022_148_81;velkaantuminen;1
1328;148/2022;2022_148_81;velkahelvettiin;1
1328;148/2022;2022_148_81;vie;1
1328;148/2022;2022_148_81;voivat;1
1328;148/2022;2022_148_81;vuonna;1
1328;148/2022;2022_148_81;välillä;1
1328;148/2022;2022_148_81;ärade;1
1328;15/2019;2019_15_11;aikana;1
1328;15/2019;2019_15_11;aikoo;1
1328;15/2019;2019_15_11;alijäämä;1
1328;15/2019;2019_15_11;aloitti;1
1328;15/2019;2019_15_11;annetaan;1
1328;15/2019;2019_15_11;annettava;1
1328;15/2019;2019_15_11;annettu;1
1328;15/2019;2019_15_11;ansaintalogiikasta;1
1328;15/2019;2019_15_11;antti;1
1328;15/2019;2019_15_11;arhinmäki;2
1328;15/2019;2019_15_11;arto;1
1328;15/2019;2019_15_11;arvoisa;6
1328;15/2019;2019_15_11;aseman;1
1328;15/2019;2019_15_11;asiantuntijat;1
1328;15/2019;2019_15_11;asioiden;1
1328;15/2019;2019_15_11;avoimempi;1
1328;15/2019;2019_15_11;ben;2
1328;15/2019;2019_15_11;brexit;1
1328;15/2019;2019_15_11;edellinen;1
1328;15/2019;2019_15_11;edellyttää;1
1328;15/2019;2019_15_11;edestä;1
1328;15/2019;2019_15_11;eduskuntaryhmä;2
1328;15/2019;2019_15_11;eduskuntaryhmän;1
1328;15/2019;2019_15_11;ehkä;1
1328;15/2019;2019_15_11;ei;11
1328;15/2019;2019_15_11;eikä;1
1328;15/2019;2019_15_11;eivät;2
1328;15/2019;2019_15_11;eli;1
1328;15/2019;2019_15_11;elämää;1
1328;15/2019;2019_15_11;emmekä;1
1328;15/2019;2019_15_11;en;1
1328;15/2019;2019_15_11;enemmän;3
1328;15/2019;2019_15_11;ennen;1
1328;15/2019;2019_15_11;ennustaa;1
1328;15/2019;2019_15_11;ensi;1
1328;15/2019;2019_15_11;ensin;2
1328;15/2019;2019_15_11;entistä;1
1328;15/2019;2019_15_11;epäilen;1
1328;15/2019;2019_15_11;epäilin;1
1328;15/2019;2019_15_11;epäilyjä;1
1328;15/2019;2019_15_11;epärealistinen;1
1328;15/2019;2019_15_11;esimerkiksi;3
1328;15/2019;2019_15_11;esimerkin;1
1328;15/2019;2019_15_11;esittää;1
1328;15/2019;2019_15_11;eteen;1
1328;15/2019;2019_15_11;etsimistä;1
1328;15/2019;2019_15_11;ettei;1
1328;15/2019;2019_15_11;että;15
1328;15/2019;2019_15_11;euroa;2
1328;15/2019;2019_15_11;evätään;1
1328;15/2019;2019_15_11;gustafsson;2
1328;15/2019;2019_15_11;hakeutua;1
1328;15/2019;2019_15_11;hakkuita;1
1328;15/2019;2019_15_11;hallituksella;1
1328;15/2019;2019_15_11;hallitukselle;1
1328;15/2019;2019_15_11;hallituksen;3
1328;15/2019;2019_15_11;hallitus;6
1328;15/2019;2019_15_11;hallituskaudella;1
1328;15/2019;2019_15_11;hallitusneuvottelijoina;1
1328;15/2019;2019_15_11;hallitusohjelma;1
1328;15/2019;2019_15_11;hallitusohjelmaa;1
1328;15/2019;2019_15_11;hallitusohjelman;1
1328;15/2019;2019_15_11;hallitusohjelmasta;1
1328;15/2019;2019_15_11;hallitusta;2
1328;15/2019;2019_15_11;haluaa;1
1328;15/2019;2019_15_11;haluan;1
1328;15/2019;2019_15_11;hankkimassa;1
1328;15/2019;2019_15_11;harkita;1
1328;15/2019;2019_15_11;he;3
1328;15/2019;2019_15_11;heille;1
1328;15/2019;2019_15_11;helsingin;1
1328;15/2019;2019_15_11;hieno;2
1328;15/2019;2019_15_11;hienoa;1
1328;15/2019;2019_15_11;hoitaa;1
1328;15/2019;2019_15_11;hoitajamitoituksesta;1
1328;15/2019;2019_15_11;hullua;1
1328;15/2019;2019_15_11;huoli;1
1328;15/2019;2019_15_11;huomioida;1
1328;15/2019;2019_15_11;huomion;1
1328;15/2019;2019_15_11;huono;1
1328;15/2019;2019_15_11;huonoa;1
1328;15/2019;2019_15_11;hyviltä;1
1328;15/2019;2019_15_11;hyvin;1
1328;15/2019;2019_15_11;hyviä;2
1328;15/2019;2019_15_11;hyväksyttävää;1
1328;15/2019;2019_15_11;ihan;1
1328;15/2019;2019_15_11;ihmeellinen;1
1328;15/2019;2019_15_11;ihmisiä;3
1328;15/2019;2019_15_11;ihmisten;1
1328;15/2019;2019_15_11;ilman;1
1328;15/2019;2019_15_11;ilmastonmuutos;1
1328;15/2019;2019_15_11;instituutioiden;1
1328;15/2019;2019_15_11;iso;1
1328;15/2019;2019_15_11;ja;34
1328;15/2019;2019_15_11;jo;1
1328;15/2019;2019_15_11;joita;1
1328;15/2019;2019_15_11;joka;4
1328;15/2019;2019_15_11;jos;3
1328;15/2019;2019_15_11;jossain;2
1328;15/2019;2019_15_11;jotta;1
1328;15/2019;2019_15_11;jukka;2
1328;15/2019;2019_15_11;julkisuutta;1
1328;15/2019;2019_15_11;juna;1
1328;15/2019;2019_15_11;juttu;1
1328;15/2019;2019_15_11;juuri;1
1328;15/2019;2019_15_11;jälkeä;1
1328;15/2019;2019_15_11;jälleen;1
1328;15/2019;2019_15_11;jäseniltään;1
1328;15/2019;2019_15_11;jättää;1
1328;15/2019;2019_15_11;jääkiekkomaajoukkueen;1
1328;15/2019;2019_15_11;kahden;1
1328;15/2019;2019_15_11;kaikki;3
1328;15/2019;2019_15_11;kaikkien;2
1328;15/2019;2019_15_11;kaikkiin;1
1328;15/2019;2019_15_11;kallein;1
1328;15/2019;2019_15_11;kalusteista;1
1328;15/2019;2019_15_11;kannalta;1
1328;15/2019;2019_15_11;kannattaneet;1
1328;15/2019;2019_15_11;kannustimen;1
1328;15/2019;2019_15_11;kansalaiset;1
1328;15/2019;2019_15_11;kansanedustaja;1
1328;15/2019;2019_15_11;kansanedustajille;1
1328;15/2019;2019_15_11;kasvua;1
1328;15/2019;2019_15_11;kattavamman;1
1328;15/2019;2019_15_11;kaukana;1
1328;15/2019;2019_15_11;kaupungit;1
1328;15/2019;2019_15_11;kaveri;1
1328;15/2019;2019_15_11;kehityksestä;1
1328;15/2019;2019_15_11;kehitysyhtiö;1
1328;15/2019;2019_15_11;kehotusta;1
1328;15/2019;2019_15_11;kehutaan;1
1328;15/2019;2019_15_11;keittiö;1
1328;15/2019;2019_15_11;keittiöremontin;1
1328;15/2019;2019_15_11;kertaakaan;1
1328;15/2019;2019_15_11;keskenään;1
1328;15/2019;2019_15_11;keskusta;1
1328;15/2019;2019_15_11;keskustaa;1
1328;15/2019;2019_15_11;keskustan;1
1328;15/2019;2019_15_11;kestämään;1
1328;15/2019;2019_15_11;kieli;1
1328;15/2019;2019_15_11;kielteisen;1
1328;15/2019;2019_15_11;kiinni;1
1328;15/2019;2019_15_11;kiitoksia;1
1328;15/2019;2019_15_11;kiittää;1
1328;15/2019;2019_15_11;kisat;1
1328;15/2019;2019_15_11;kokeilemista;1
1328;15/2019;2019_15_11;kokonaiskuva;1
1328;15/2019;2019_15_11;kokonaiskuvan;1
1328;15/2019;2019_15_11;komitean;1
1328;15/2019;2019_15_11;komiteatyö;1
1328;15/2019;2019_15_11;koneen;1
1328;15/2019;2019_15_11;konsernilaskentaa;1
1328;15/2019;2019_15_11;konsernin;1
1328;15/2019;2019_15_11;konsernitilinpäätöksen;1
1328;15/2019;2019_15_11;konsernitilinpäätös;2
1328;15/2019;2019_15_11;kootaan;1
1328;15/2019;2019_15_11;korostanut;1
1328;15/2019;2019_15_11;koska;1
1328;15/2019;2019_15_11;kotimaa;1
1328;15/2019;2019_15_11;kovin;1
1328;15/2019;2019_15_11;kuin;1
1328;15/2019;2019_15_11;kuitenkin;1
1328;15/2019;2019_15_11;kun;4
1328;15/2019;2019_15_11;kunnat;2
1328;15/2019;2019_15_11;kunniaa;1
1328;15/2019;2019_15_11;kunnianhimoinen;2
1328;15/2019;2019_15_11;kuunnelkaa;1
1328;15/2019;2019_15_11;kyllä;1
1328;15/2019;2019_15_11;kysyivät;1
1328;15/2019;2019_15_11;käyttämällä;1
1328;15/2019;2019_15_11;laadittava;1
1328;15/2019;2019_15_11;laajennuksia;1
1328;15/2019;2019_15_11;lainsäädännöllä;1
1328;15/2019;2019_15_11;laittaa;1
1328;15/2019;2019_15_11;laittomasti;1
1328;15/2019;2019_15_11;lanseerattu;1
1328;15/2019;2019_15_11;lasten;1
1328;15/2019;2019_15_11;leikata;1
1328;15/2019;2019_15_11;leikkaa;1
1328;15/2019;2019_15_11;liian;1
1328;15/2019;2019_15_11;liike;5
1328;15/2019;2019_15_11;liikenne;1
1328;15/2019;2019_15_11;liittyen;1
1328;15/2019;2019_15_11;linjauksia;1
1328;15/2019;2019_15_11;lintilä;1
1328;15/2019;2019_15_11;lisäksi;2
1328;15/2019;2019_15_11;lisätään;1
1328;15/2019;2019_15_11;lisääntymiseksi;1
1328;15/2019;2019_15_11;lohi;1
1328;15/2019;2019_15_11;lopputuloksessa;1
1328;15/2019;2019_15_11;lopuksi;1
1328;15/2019;2019_15_11;luo;1
1328;15/2019;2019_15_11;luokkaa;1
1328;15/2019;2019_15_11;lupaa;1
1328;15/2019;2019_15_11;lupauksia;2
1328;15/2019;2019_15_11;luvatusti;1
1328;15/2019;2019_15_11;luvulla;1
1328;15/2019;2019_15_11;lähelle;1
1328;15/2019;2019_15_11;lähes;1
1328;15/2019;2019_15_11;lähti;1
1328;15/2019;2019_15_11;läpinäkyvämpää;1
1328;15/2019;2019_15_11;löydettävä;1
1328;15/2019;2019_15_11;löydy;1
1328;15/2019;2019_15_11;löytäminen;1
1328;15/2019;2019_15_11;maa;1
1328;15/2019;2019_15_11;maailman;1
1328;15/2019;2019_15_11;maakuntamalli;1
1328;15/2019;2019_15_11;maassa;1
1328;15/2019;2019_15_11;maata;1
1328;15/2019;2019_15_11;mahdollista;2
1328;15/2019;2019_15_11;mahdollisuuksia;1
1328;15/2019;2019_15_11;mahdollisuus;2
1328;15/2019;2019_15_11;malli;1
1328;15/2019;2019_15_11;marin;1
1328;15/2019;2019_15_11;markus;1
1328;15/2019;2019_15_11;meidän;3
1328;15/2019;2019_15_11;meillä;1
1328;15/2019;2019_15_11;melkein;2
1328;15/2019;2019_15_11;mene;1
1328;15/2019;2019_15_11;menee;1
1328;15/2019;2019_15_11;merkittävien;1
1328;15/2019;2019_15_11;merkittävää;1
1328;15/2019;2019_15_11;mielestä;1
1328;15/2019;2019_15_11;mielipidettä;1
1328;15/2019;2019_15_11;miksi;2
1328;15/2019;2019_15_11;mikä;2
1328;15/2019;2019_15_11;miljardia;1
1328;15/2019;2019_15_11;miljardilla;1
1328;15/2019;2019_15_11;miljardin;2
1328;15/2019;2019_15_11;miljoonaa;2
1328;15/2019;2019_15_11;millä;1
1328;15/2019;2019_15_11;minkä;1
1328;15/2019;2019_15_11;minulla;1
1328;15/2019;2019_15_11;minä;1
1328;15/2019;2019_15_11;miten;1
1328;15/2019;2019_15_11;mitä;2
1328;15/2019;2019_15_11;mm-kisojen;1
1328;15/2019;2019_15_11;molemmille;1
1328;15/2019;2019_15_11;moraalinen;1
1328;15/2019;2019_15_11;muiden;2
1328;15/2019;2019_15_11;mukaan;1
1328;15/2019;2019_15_11;mukana;1
1328;15/2019;2019_15_11;muodostamiseksi;1
1328;15/2019;2019_15_11;mutta;3
1328;15/2019;2019_15_11;muut;1
1328;15/2019;2019_15_11;muuten;2
1328;15/2019;2019_15_11;muuttui;1
1328;15/2019;2019_15_11;myi;1
1328;15/2019;2019_15_11;myymällä;2
1328;15/2019;2019_15_11;myynti;1
1328;15/2019;2019_15_11;myös;7
1328;15/2019;2019_15_11;myötä;2
1328;15/2019;2019_15_11;naurua;1
1328;15/2019;2019_15_11;ne;2
1328;15/2019;2019_15_11;nesteen;1
1328;15/2019;2019_15_11;nesteessä;1
1328;15/2019;2019_15_11;neuvotteluissa;1
1328;15/2019;2019_15_11;niiden;1
1328;15/2019;2019_15_11;niille;1
1328;15/2019;2019_15_11;niin;1
1328;15/2019;2019_15_11;niinhän;1
1328;15/2019;2019_15_11;niistä;1
1328;15/2019;2019_15_11;niitä;1
1328;15/2019;2019_15_11;nollaa;1
1328;15/2019;2019_15_11;normaalina;1
1328;15/2019;2019_15_11;nousu;1
1328;15/2019;2019_15_11;nuorten;1
1328;15/2019;2019_15_11;nyt;9
1328;15/2019;2019_15_11;nytin;2
1328;15/2019;2019_15_11;näin;3
1328;15/2019;2019_15_11;näyttää;1
1328;15/2019;2019_15_11;näytä;1
1328;15/2019;2019_15_11;odotamme;1
1328;15/2019;2019_15_11;ohhoh;1
1328;15/2019;2019_15_11;ohjelmaan;1
1328;15/2019;2019_15_11;oikea;1
1328;15/2019;2019_15_11;oikealta;2
1328;15/2019;2019_15_11;oikein;1
1328;15/2019;2019_15_11;ole;3
1328;15/2019;2019_15_11;olen;1
1328;15/2019;2019_15_11;oleskeleville;1
1328;15/2019;2019_15_11;oletukset;1
1328;15/2019;2019_15_11;oleva;1
1328;15/2019;2019_15_11;oli;3
1328;15/2019;2019_15_11;olisi;3
1328;15/2019;2019_15_11;ollaan;1
1328;15/2019;2019_15_11;ollen;1
1328;15/2019;2019_15_11;ollut;2
1328;15/2019;2019_15_11;omaisuutta;1
1328;15/2019;2019_15_11;omilta;1
1328;15/2019;2019_15_11;omistuksessa;1
1328;15/2019;2019_15_11;omistuksia;1
1328;15/2019;2019_15_11;omistusta;1
1328;15/2019;2019_15_11;on;29
1328;15/2019;2019_15_11;onhan;1
1328;15/2019;2019_15_11;onnistumismahdollisuuksia;1
1328;15/2019;2019_15_11;op-ryhmä;1
1328;15/2019;2019_15_11;opposition;1
1328;15/2019;2019_15_11;osakkeita;2
1328;15/2019;2019_15_11;osallistivat;1
1328;15/2019;2019_15_11;osinkoa;1
1328;15/2019;2019_15_11;ovat;2
1328;15/2019;2019_15_11;paavo;2
1328;15/2019;2019_15_11;pahimmillaan;1
1328;15/2019;2019_15_11;paitsi;1
1328;15/2019;2019_15_11;pakolliseksi;1
1328;15/2019;2019_15_11;paljon;3
1328;15/2019;2019_15_11;panemaan;1
1328;15/2019;2019_15_11;panna;2
1328;15/2019;2019_15_11;pannaan;2
1328;15/2019;2019_15_11;parani;1
1328;15/2019;2019_15_11;parantamiseksi;1
1328;15/2019;2019_15_11;parantavia;1
1328;15/2019;2019_15_11;pari;1
1328;15/2019;2019_15_11;parlamentaariseen;2
1328;15/2019;2019_15_11;parlamentaarisen;1
1328;15/2019;2019_15_11;pelataan;1
1328;15/2019;2019_15_11;perussuomalaisten;1
1328;15/2019;2019_15_11;pidettävä;1
1328;15/2019;2019_15_11;pienen;1
1328;15/2019;2019_15_11;pitivät;1
1328;15/2019;2019_15_11;pitää;4
1328;15/2019;2019_15_11;pois;1
1328;15/2019;2019_15_11;politiikka;2
1328;15/2019;2019_15_11;prosentin;2
1328;15/2019;2019_15_11;prosessin;2
1328;15/2019;2019_15_11;puhemies;6
1328;15/2019;2019_15_11;puolta;1
1328;15/2019;2019_15_11;puolueet;3
1328;15/2019;2019_15_11;pääministeri;1
1328;15/2019;2019_15_11;päästä;1
1328;15/2019;2019_15_11;päästävä;1
1328;15/2019;2019_15_11;päätöksen;1
1328;15/2019;2019_15_11;päätöksenteon;1
1328;15/2019;2019_15_11;raha;1
1328;15/2019;2019_15_11;rahoitti;1
1328;15/2019;2019_15_11;rakenne;1
1328;15/2019;2019_15_11;rakentamassa;1
1328;15/2019;2019_15_11;ratkaisu;1
1328;15/2019;2019_15_11;ratkaisujen;1
1328;15/2019;2019_15_11;riippuu;1
1328;15/2019;2019_15_11;rinne;2
1328;15/2019;2019_15_11;ruotsalaiset;1
1328;15/2019;2019_15_11;ruotsin;1
1328;15/2019;2019_15_11;ryhmästä;1
1328;15/2019;2019_15_11;saada;1
1328;15/2019;2019_15_11;saamiseen;1
1328;15/2019;2019_15_11;saaneensa;1
1328;15/2019;2019_15_11;saaneita;1
1328;15/2019;2019_15_11;saattaa;1
1328;15/2019;2019_15_11;sai;1
1328;15/2019;2019_15_11;saivat;1
1328;15/2019;2019_15_11;samoin;1
1328;15/2019;2019_15_11;sanaa;1
1328;15/2019;2019_15_11;sanna;1
1328;15/2019;2019_15_11;sanoi;1
1328;15/2019;2019_15_11;sanoin;1
1328;15/2019;2019_15_11;sanonut;1
1328;15/2019;2019_15_11;sanoo;4
1328;15/2019;2019_15_11;sanottiin;1
1328;15/2019;2019_15_11;sanovat;1
1328;15/2019;2019_15_11;sari;3
1328;15/2019;2019_15_11;sarkomaa;1
1328;15/2019;2019_15_11;sarkomaan;2
1328;15/2019;2019_15_11;satonen;1
1328;15/2019;2019_15_11;se;15
1328;15/2019;2019_15_11;sekä;3
1328;15/2019;2019_15_11;selkeä;1
1328;15/2019;2019_15_11;selkeämpi;1
1328;15/2019;2019_15_11;sellaiseen;1
1328;15/2019;2019_15_11;sellutehtaisiin;1
1328;15/2019;2019_15_11;sen;8
1328;15/2019;2019_15_11;siitä;5
1328;15/2019;2019_15_11;sille;1
1328;15/2019;2019_15_11;silloin;1
1328;15/2019;2019_15_11;sillä;2
1328;15/2019;2019_15_11;sisäänrakennetut;1
1328;15/2019;2019_15_11;siten;1
1328;15/2019;2019_15_11;sitten;1
1328;15/2019;2019_15_11;sitä;3
1328;15/2019;2019_15_11;sopimukseton;1
1328;15/2019;2019_15_11;suhdanteet;1
1328;15/2019;2019_15_11;sukupolville;1
1328;15/2019;2019_15_11;suomeen;1
1328;15/2019;2019_15_11;suomen;2
1328;15/2019;2019_15_11;suomesta;1
1328;15/2019;2019_15_11;suomi;1
1328;15/2019;2019_15_11;suoritukseen;1
1328;15/2019;2019_15_11;suorituksen;1
1328;15/2019;2019_15_11;suunnan;1
1328;15/2019;2019_15_11;suunniteltuihin;1
1328;15/2019;2019_15_11;suunnittelevat;1
1328;15/2019;2019_15_11;suuria;1
1328;15/2019;2019_15_11;suurlähetystöihin;1
1328;15/2019;2019_15_11;suurten;1
1328;15/2019;2019_15_11;syntynyt;1
1328;15/2019;2019_15_11;syntyy;1
1328;15/2019;2019_15_11;syy;1
1328;15/2019;2019_15_11;syyksi;1
1328;15/2019;2019_15_11;sälyttää;1
1328;15/2019;2019_15_11;taakseen;1
1328;15/2019;2019_15_11;taloudellisesta;1
1328;15/2019;2019_15_11;talouden;1
1328;15/2019;2019_15_11;talouskasvu;1
1328;15/2019;2019_15_11;talouskasvua;1
1328;15/2019;2019_15_11;talouslinja;1
1328;15/2019;2019_15_11;tarjota;1
1328;15/2019;2019_15_11;tarjotaan;1
1328;15/2019;2019_15_11;tarvitsee;2
1328;15/2019;2019_15_11;tarvitsemme;1
1328;15/2019;2019_15_11;tasapainoon;1
1328;15/2019;2019_15_11;tase;1
1328;15/2019;2019_15_11;tavalla;1
1328;15/2019;2019_15_11;tavoitteeseen;1
1328;15/2019;2019_15_11;tee;1
1328;15/2019;2019_15_11;teemme;1
1328;15/2019;2019_15_11;tehdä;1
1328;15/2019;2019_15_11;tehneet;1
1328;15/2019;2019_15_11;tehtävä;1
1328;15/2019;2019_15_11;tekevät;1
1328;15/2019;2019_15_11;teki;2
1328;15/2019;2019_15_11;tekosyynä;1
1328;15/2019;2019_15_11;tie;1
1328;15/2019;2019_15_11;tieteen;1
1328;15/2019;2019_15_11;tietävät;1
1328;15/2019;2019_15_11;tilasta;2
1328;15/2019;2019_15_11;tilinpäätöstä;1
1328;15/2019;2019_15_11;todellisesta;1
1328;15/2019;2019_15_11;todellisuudesta;1
1328;15/2019;2019_15_11;todellisuus;1
1328;15/2019;2019_15_11;todeta;1
1328;15/2019;2019_15_11;toimeen;3
1328;15/2019;2019_15_11;toimenpiteet;1
1328;15/2019;2019_15_11;toimijoiden;1
1328;15/2019;2019_15_11;toimineet;1
1328;15/2019;2019_15_11;toiminta;1
1328;15/2019;2019_15_11;toimintatapaa;1
1328;15/2019;2019_15_11;toimistamme;1
1328;15/2019;2019_15_11;toinen;1
1328;15/2019;2019_15_11;toisiamme;1
1328;15/2019;2019_15_11;toisilta;1
1328;15/2019;2019_15_11;toisin;1
1328;15/2019;2019_15_11;toiveet;1
1328;15/2019;2019_15_11;toiveikas;1
1328;15/2019;2019_15_11;toivottavasti;1
1328;15/2019;2019_15_11;toteutumista;1
1328;15/2019;2019_15_11;toteutuvat;1
1328;15/2019;2019_15_11;tuen;1
1328;15/2019;2019_15_11;tukea;1
1328;15/2019;2019_15_11;tukee;2
1328;15/2019;2019_15_11;tule;1
1328;15/2019;2019_15_11;tulee;1
1328;15/2019;2019_15_11;tulemme;1
1328;15/2019;2019_15_11;tulevien;1
1328;15/2019;2019_15_11;tuleville;1
1328;15/2019;2019_15_11;tuli;1
1328;15/2019;2019_15_11;tulla;2
1328;15/2019;2019_15_11;tullaan;1
1328;15/2019;2019_15_11;tulos;1
1328;15/2019;2019_15_11;tulossa;1
1328;15/2019;2019_15_11;tunnin;1
1328;15/2019;2019_15_11;tuota;1
1328;15/2019;2019_15_11;tuottaa;1
1328;15/2019;2019_15_11;tuottavaa;1
1328;15/2019;2019_15_11;turvapaikanhakumekanismia;1
1328;15/2019;2019_15_11;turvapaikkahakemus;1
1328;15/2019;2019_15_11;tutkijat;1
1328;15/2019;2019_15_11;tutkimuksen;1
1328;15/2019;2019_15_11;tyylikästä;1
1328;15/2019;2019_15_11;työllisyysasteen;1
1328;15/2019;2019_15_11;työllisyystavoite;1
1328;15/2019;2019_15_11;työllisyyttä;1
1328;15/2019;2019_15_11;työpaikan;1
1328;15/2019;2019_15_11;työskentelyn;1
1328;15/2019;2019_15_11;työtä;1
1328;15/2019;2019_15_11;tähän;2
1328;15/2019;2019_15_11;tällainen;1
1328;15/2019;2019_15_11;tällä;1
1328;15/2019;2019_15_11;tämä;2
1328;15/2019;2019_15_11;tärkeän;1
1328;15/2019;2019_15_11;tästä;1
1328;15/2019;2019_15_11;tätä;1
1328;15/2019;2019_15_11;töihin;1
1328;15/2019;2019_15_11;töitä;1
1328;15/2019;2019_15_11;ulkomaailman;1
1328;15/2019;2019_15_11;uskomattoman;1
1328;15/2019;2019_15_11;uskoo;1
1328;15/2019;2019_15_11;uudelle;1
1328;15/2019;2019_15_11;uudelleen;1
1328;15/2019;2019_15_11;uuden;1
1328;15/2019;2019_15_11;uudistaa;1
1328;15/2019;2019_15_11;uudistuksia;1
1328;15/2019;2019_15_11;uudistusten;1
1328;15/2019;2019_15_11;uusi;1
1328;15/2019;2019_15_11;uusien;1
1328;15/2019;2019_15_11;uutena;1
1328;15/2019;2019_15_11;vaaleja;1
1328;15/2019;2019_15_11;vaalikausien;1
1328;15/2019;2019_15_11;vahvemman;1
1328;15/2019;2019_15_11;vahvuuksia;1
1328;15/2019;2019_15_11;vaiheessa;2
1328;15/2019;2019_15_11;vaihteluista;1
1328;15/2019;2019_15_11;vaikeuksia;1
1328;15/2019;2019_15_11;vaikuttavat;1
1328;15/2019;2019_15_11;vain;2
1328;15/2019;2019_15_11;vakeen;1
1328;15/2019;2019_15_11;valmistelun;1
1328;15/2019;2019_15_11;valmisteluun;2
1328;15/2019;2019_15_11;valtio;2
1328;15/2019;2019_15_11;valtiollisten;1
1328;15/2019;2019_15_11;valtion;3
1328;15/2019;2019_15_11;valtionyhtiöiden;2
1328;15/2019;2019_15_11;valtiovarainministeri;1
1328;15/2019;2019_15_11;vanha;1
1328;15/2019;2019_15_11;vanhenevaa;1
1328;15/2019;2019_15_11;vappusatanen;1
1328;15/2019;2019_15_11;varmuutta;1
1328;15/2019;2019_15_11;varten;2
1328;15/2019;2019_15_11;vasemmalta;1
1328;15/2019;2019_15_11;vasemmistoliitto;1
1328;15/2019;2019_15_11;vasemmiston;1
1328;15/2019;2019_15_11;vastaa;1
1328;15/2019;2019_15_11;vastaan;1
1328;15/2019;2019_15_11;vastustaneet;1
1328;15/2019;2019_15_11;vastuu;1
1328;15/2019;2019_15_11;velvollisuus;1
1328;15/2019;2019_15_11;velvollisuutemme;1
1328;15/2019;2019_15_11;veronmaksajille;1
1328;15/2019;2019_15_11;viedä;1
1328;15/2019;2019_15_11;vielä;1
1328;15/2019;2019_15_11;viesti;1
1328;15/2019;2019_15_11;viestintäministeri;1
1328;15/2019;2019_15_11;viisikymppiseksi;1
1328;15/2019;2019_15_11;voi;5
1328;15/2019;2019_15_11;voida;1
1328;15/2019;2019_15_11;voittoa;1
1328;15/2019;2019_15_11;vuodeksi;1
1328;15/2019;2019_15_11;vuoksi;1
1328;15/2019;2019_15_11;vuorovaikutusmenetel-mien;1
1328;15/2019;2019_15_11;vuosi;1
1328;15/2019;2019_15_11;vuotena;1
1328;15/2019;2019_15_11;vuotuinen;1
1328;15/2019;2019_15_11;väestöä;1
1328;15/2019;2019_15_11;välihuuto;2
1328;15/2019;2019_15_11;välihuutoja;1
1328;15/2019;2019_15_11;välisten;1
1328;15/2019;2019_15_11;väärin;1
1328;15/2019;2019_15_11;väärässä;1
1328;15/2019;2019_15_11;yhdessä;1
1328;15/2019;2019_15_11;yhteinen;1
1328;15/2019;2019_15_11;yhteiseen;1
1328;15/2019;2019_15_11;yhteisen;1
1328;15/2019;2019_15_11;yhteiskunnallisesti;1
1328;15/2019;2019_15_11;yhteiskunnallisten;1
1328;15/2019;2019_15_11;yhteisymmärrykseen;1
1328;15/2019;2019_15_11;yhteisöt;1
1328;15/2019;2019_15_11;yhtä;1
1328;15/2019;2019_15_11;yksi;1
1328;15/2019;2019_15_11;yksimielisesti;1
1328;15/2019;2019_15_11;ylijäämäinen;1
1328;15/2019;2019_15_11;ylioppilaskirjoituksissa;1
1328;15/2019;2019_15_11;ymmärtää;1
1328;15/2019;2019_15_11;yrittäjien;2
1328;15/2019;2019_15_11;yritykset;2
1328;15/2019;2019_15_11;zyskowicz;2
1328;15/2021;2021_15_47;annettu;1
1328;15/2021;2021_15_47;antamisissa;1
1328;15/2021;2021_15_47;anu;2
1328;15/2021;2021_15_47;apu;1
1328;15/2021;2021_15_47;arvoisa;1
1328;15/2021;2021_15_47;auki;1
1328;15/2021;2021_15_47;auttaa;1
1328;15/2021;2021_15_47;avaamisessa;1
1328;15/2021;2021_15_47;edustaja;1
1328;15/2021;2021_15_47;ei;1
1328;15/2021;2021_15_47;en;1
1328;15/2021;2021_15_47;enemmän;2
1328;15/2021;2021_15_47;että;1
1328;15/2021;2021_15_47;ja;2
1328;15/2021;2021_15_47;johtuu;1
1328;15/2021;2021_15_47;joku;1
1328;15/2021;2021_15_47;joo;1
1328;15/2021;2021_15_47;jos;1
1328;15/2021;2021_15_47;joskus;1
1328;15/2021;2021_15_47;jotenkin;1
1328;15/2021;2021_15_47;järjestetty;1
1328;15/2021;2021_15_47;laitettua;1
1328;15/2021;2021_15_47;mikrofonia;1
1328;15/2021;2021_15_47;mikrofonin;2
1328;15/2021;2021_15_47;mistä;1
1328;15/2021;2021_15_47;mitä;1
1328;15/2021;2021_15_47;naapuri;1
1328;15/2021;2021_15_47;naapuriapu;1
1328;15/2021;2021_15_47;niin;1
1328;15/2021;2021_15_47;niitä;2
1328;15/2021;2021_15_47;no;1
1328;15/2021;2021_15_47;noin;1
1328;15/2021;2021_15_47;on;3
1328;15/2021;2021_15_47;ongelma;1
1328;15/2021;2021_15_47;onko;3
1328;15/2021;2021_15_47;paras;1
1328;15/2021;2021_15_47;parempi;1
1328;15/2021;2021_15_47;puhemies;3
1328;15/2021;2021_15_47;puhuja;1
1328;15/2021;2021_15_47;päälle;1
1328;15/2021;2021_15_47;rokotuksia;3
1328;15/2021;2021_15_47;rokotuksien;1
1328;15/2021;2021_15_47;rouva;1
1328;15/2021;2021_15_47;saa;2
1328;15/2021;2021_15_47;saatteko;1
1328;15/2021;2021_15_47;se;1
1328;15/2021;2021_15_47;siihen;1
1328;15/2021;2021_15_47;sitten;1
1328;15/2021;2021_15_47;suomeen;2
1328;15/2021;2021_15_47;tapahtuu;1
1328;15/2021;2021_15_47;toinen;1
1328;15/2021;2021_15_47;toivoa;1
1328;15/2021;2021_15_47;tulee;1
1328;15/2021;2021_15_47;tulevaisuudessa;1
1328;15/2021;2021_15_47;tulisi;1
1328;15/2021;2021_15_47;tullut;1
1328;15/2021;2021_15_47;tämä;1
1328;15/2021;2021_15_47;vain;1
1328;15/2021;2021_15_47;varauduttu;1
1328;15/2021;2021_15_47;vehviläinen;2
1328;15/2021;2021_15_47;vielä;1
1328;15/2021;2021_15_47;voimmehan;1
1328;15/2021;2021_15_47;vähän;3
1328;15/2021;2021_15_47;yli;2
1328;15/2022;2022_15_28;aamun;1
1328;15/2022;2022_15_28;aika;3
1328;15/2022;2022_15_28;aikataululla;1
1328;15/2022;2022_15_28;aikataulusta;1
1328;15/2022;2022_15_28;ajaa;1
1328;15/2022;2022_15_28;arvoisa;1
1328;15/2022;2022_15_28;asemaan;1
1328;15/2022;2022_15_28;asemasta;1
1328;15/2022;2022_15_28;auta;1
1328;15/2022;2022_15_28;ehdottomasti;1
1328;15/2022;2022_15_28;ei;2
1328;15/2022;2022_15_28;eilen;2
1328;15/2022;2022_15_28;eivät;1
1328;15/2022;2022_15_28;enemmän;1
1328;15/2022;2022_15_28;ensiksi;1
1328;15/2022;2022_15_28;eteen;1
1328;15/2022;2022_15_28;eteenpäin;2
1328;15/2022;2022_15_28;että;1
1328;15/2022;2022_15_28;hakea;1
1328;15/2022;2022_15_28;hakemisen;1
1328;15/2022;2022_15_28;hallitus;1
1328;15/2022;2022_15_28;hänen;1
1328;15/2022;2022_15_28;ja;6
1328;15/2022;2022_15_28;jo;1
1328;15/2022;2022_15_28;juuri;1
1328;15/2022;2022_15_28;jälkeen;1
1328;15/2022;2022_15_28;kaikki;1
1328;15/2022;2022_15_28;kannatan;2
1328;15/2022;2022_15_28;kansanäänestyksestä;1
1328;15/2022;2022_15_28;keskustella;1
1328;15/2022;2022_15_28;keskustelut;1
1328;15/2022;2022_15_28;kokoomuksen;1
1328;15/2022;2022_15_28;kuin;1
1328;15/2022;2022_15_28;kysymys;1
1328;15/2022;2022_15_28;käytös;1
1328;15/2022;2022_15_28;mahdollinen;1
1328;15/2022;2022_15_28;mahdollisuus;1
1328;15/2022;2022_15_28;meillä;1
1328;15/2022;2022_15_28;miksi;1
1328;15/2022;2022_15_28;milloin;1
1328;15/2022;2022_15_28;millä;2
1328;15/2022;2022_15_28;minun;1
1328;15/2022;2022_15_28;mukaan;1
1328;15/2022;2022_15_28;mukaansa;1
1328;15/2022;2022_15_28;mutta;1
1328;15/2022;2022_15_28;nato-jäsenyyden;1
1328;15/2022;2022_15_28;nato-jäsenyyttä;2
1328;15/2022;2022_15_28;nato-kysymystä;1
1328;15/2022;2022_15_28;nyt;5
1328;15/2022;2022_15_28;nähdä;1
1328;15/2022;2022_15_28;näin;2
1328;15/2022;2022_15_28;odottaa;1
1328;15/2022;2022_15_28;oikein;1
1328;15/2022;2022_15_28;ole;1
1328;15/2022;2022_15_28;olisi;1
1328;15/2022;2022_15_28;on;4
1328;15/2022;2022_15_28;parempi;1
1328;15/2022;2022_15_28;pitäisi;1
1328;15/2022;2022_15_28;pitää;2
1328;15/2022;2022_15_28;puhemies;1
1328;15/2022;2022_15_28;pääministerin;1
1328;15/2022;2022_15_28;päätös;1
1328;15/2022;2022_15_28;ryhmästä;1
1328;15/2022;2022_15_28;saa;1
1328;15/2022;2022_15_28;sanoin;1
1328;15/2022;2022_15_28;sanon;2
1328;15/2022;2022_15_28;sen;3
1328;15/2022;2022_15_28;sitten;1
1328;15/2022;2022_15_28;suomea;2
1328;15/2022;2022_15_28;suomen;2
1328;15/2022;2022_15_28;talman;1
1328;15/2022;2022_15_28;tapahtumien;1
1328;15/2022;2022_15_28;tavalla;1
1328;15/2022;2022_15_28;tehdä;1
1328;15/2022;2022_15_28;tehtävä;1
1328;15/2022;2022_15_28;turvallista;2
1328;15/2022;2022_15_28;tämän;1
1328;15/2022;2022_15_28;tänään;1
1328;15/2022;2022_15_28;tässä;1
1328;15/2022;2022_15_28;vaan;1
1328;15/2022;2022_15_28;vaikea;1
1328;15/2022;2022_15_28;vaikuttanut;1
1328;15/2022;2022_15_28;venäjän;1
1328;15/2022;2022_15_28;vie;1
1328;15/2022;2022_15_28;vielä;1
1328;15/2022;2022_15_28;yhä;1
1328;15/2022;2022_15_28;ärade;1
1328;151/2021;2021_151_26;aikaiseksi;1
1328;151/2021;2021_151_26;aina;1
1328;151/2021;2021_151_26;ainoa;1
1328;151/2021;2021_151_26;ainutkertainen;1
1328;151/2021;2021_151_26;antaa;1
1328;151/2021;2021_151_26;arvoisa;3
1328;151/2021;2021_151_26;asiantuntijat;1
1328;151/2021;2021_151_26;asiassa;1
1328;151/2021;2021_151_26;asiasta;1
1328;151/2021;2021_151_26;asuntolainojen;1
1328;151/2021;2021_151_26;bensakuluista;1
1328;151/2021;2021_151_26;budjettia;1
1328;151/2021;2021_151_26;budjettinsa;1
1328;151/2021;2021_151_26;edellisiä;1
1328;151/2021;2021_151_26;ei;9
1328;151/2021;2021_151_26;eipä;1
1328;151/2021;2021_151_26;eivät;3
1328;151/2021;2021_151_26;elpyi;1
1328;151/2021;2021_151_26;elvytyspaketti;1
1328;151/2021;2021_151_26;energian;3
1328;151/2021;2021_151_26;ennemmin;2
1328;151/2021;2021_151_26;entä;1
1328;151/2021;2021_151_26;enää;3
1328;151/2021;2021_151_26;erittäin;1
1328;151/2021;2021_151_26;ettei;1
1328;151/2021;2021_151_26;etteivät;1
1328;151/2021;2021_151_26;että;6
1328;151/2021;2021_151_26;etujen;1
1328;151/2021;2021_151_26;eun;1
1328;151/2021;2021_151_26;euron;1
1328;151/2021;2021_151_26;euroopan;2
1328;151/2021;2021_151_26;eussa;1
1328;151/2021;2021_151_26;euta;1
1328;151/2021;2021_151_26;filatov;1
1328;151/2021;2021_151_26;hakea;1
1328;151/2021;2021_151_26;hallituksella;2
1328;151/2021;2021_151_26;hallituksen;1
1328;151/2021;2021_151_26;hallitus;4
1328;151/2021;2021_151_26;hallituspuolueiden;2
1328;151/2021;2021_151_26;haluaa;1
1328;151/2021;2021_151_26;he;1
1328;151/2021;2021_151_26;hinnassa;1
1328;151/2021;2021_151_26;hinnat;1
1328;151/2021;2021_151_26;hinta;3
1328;151/2021;2021_151_26;hoettiin;1
1328;151/2021;2021_151_26;hoitajat;1
1328;151/2021;2021_151_26;huomioon;1
1328;151/2021;2021_151_26;huonosti;1
1328;151/2021;2021_151_26;hyvin;1
1328;151/2021;2021_151_26;hyvä;1
1328;151/2021;2021_151_26;hyytyy;1
1328;151/2021;2021_151_26;hyötyä;1
1328;151/2021;2021_151_26;hän;1
1328;151/2021;2021_151_26;hänelle;1
1328;151/2021;2021_151_26;ilmastonmuutokseen;1
1328;151/2021;2021_151_26;inflaatio;3
1328;151/2021;2021_151_26;inflaatiossa;1
1328;151/2021;2021_151_26;inflaatiosta;1
1328;151/2021;2021_151_26;investoi;1
1328;151/2021;2021_151_26;investointeihin;1
1328;151/2021;2021_151_26;iski;1
1328;151/2021;2021_151_26;isot;1
1328;151/2021;2021_151_26;italian;1
1328;151/2021;2021_151_26;ja;24
1328;151/2021;2021_151_26;jatkuvasti;1
1328;151/2021;2021_151_26;jo;2
1328;151/2021;2021_151_26;johdolla;1
1328;151/2021;2021_151_26;joita;1
1328;151/2021;2021_151_26;joko;1
1328;151/2021;2021_151_26;jos;5
1328;151/2021;2021_151_26;jossa;1
1328;151/2021;2021_151_26;jota;1
1328;151/2021;2021_151_26;juokseviin;1
1328;151/2021;2021_151_26;jälkimmäistä;1
1328;151/2021;2021_151_26;järkeä;1
1328;151/2021;2021_151_26;jätetty;1
1328;151/2021;2021_151_26;jää;2
1328;151/2021;2021_151_26;kaikista;1
1328;151/2021;2021_151_26;kaikki;3
1328;151/2021;2021_151_26;kalleinta;1
1328;151/2021;2021_151_26;kalliista;1
1328;151/2021;2021_151_26;kannattaa;1
1328;151/2021;2021_151_26;kanssa;1
1328;151/2021;2021_151_26;kantaansa;1
1328;151/2021;2021_151_26;kasvuun;2
1328;151/2021;2021_151_26;kautta;1
1328;151/2021;2021_151_26;kertoa;1
1328;151/2021;2021_151_26;kertokaa;1
1328;151/2021;2021_151_26;keskuspankit;1
1328;151/2021;2021_151_26;keskuspankki;1
1328;151/2021;2021_151_26;keskustelut;1
1328;151/2021;2021_151_26;kiihtymään;1
1328;151/2021;2021_151_26;kiihtyy;1
1328;151/2021;2021_151_26;kiinni;1
1328;151/2021;2021_151_26;kohti;1
1328;151/2021;2021_151_26;komissaari;1
1328;151/2021;2021_151_26;kone;1
1328;151/2021;2021_151_26;korkealle;1
1328;151/2021;2021_151_26;korkoihin;1
1328;151/2021;2021_151_26;korona;1
1328;151/2021;2021_151_26;koronaan;1
1328;151/2021;2021_151_26;koska;1
1328;151/2021;2021_151_26;kuin;2
1328;151/2021;2021_151_26;kuinka;3
1328;151/2021;2021_151_26;kuitenkin;1
1328;151/2021;2021_151_26;kujanjuoksu;1
1328;151/2021;2021_151_26;kukaan;1
1328;151/2021;2021_151_26;kulkee;1
1328;151/2021;2021_151_26;kumpaakaan;1
1328;151/2021;2021_151_26;kun;7
1328;151/2021;2021_151_26;kunnossa;1
1328;151/2021;2021_151_26;kustannukset;1
1328;151/2021;2021_151_26;kuvaavaa;1
1328;151/2021;2021_151_26;kyllä;1
1328;151/2021;2021_151_26;kyse;1
1328;151/2021;2021_151_26;kysymys;1
1328;151/2021;2021_151_26;käsittämätöntä;1
1328;151/2021;2021_151_26;käy;1
1328;151/2021;2021_151_26;käynnistyy;1
1328;151/2021;2021_151_26;käynyt;1
1328;151/2021;2021_151_26;lakossa;1
1328;151/2021;2021_151_26;laskevat;1
1328;151/2021;2021_151_26;lennosta;1
1328;151/2021;2021_151_26;liian;1
1328;151/2021;2021_151_26;liikaa;1
1328;151/2021;2021_151_26;lisää;1
1328;151/2021;2021_151_26;loppuu;2
1328;151/2021;2021_151_26;lopulta;1
1328;151/2021;2021_151_26;luottavat;1
1328;151/2021;2021_151_26;luulette;1
1328;151/2021;2021_151_26;luulla;1
1328;151/2021;2021_151_26;luvut;1
1328;151/2021;2021_151_26;lähdössä;1
1328;151/2021;2021_151_26;lähtee;1
1328;151/2021;2021_151_26;maat;1
1328;151/2021;2021_151_26;maksajaksi;1
1328;151/2021;2021_151_26;maksaminen;1
1328;151/2021;2021_151_26;maksamisen;1
1328;151/2021;2021_151_26;markkinat;2
1328;151/2021;2021_151_26;markkinatalouden;1
1328;151/2021;2021_151_26;markkinataloutta;1
1328;151/2021;2021_151_26;markkinoille;3
1328;151/2021;2021_151_26;meille;1
1328;151/2021;2021_151_26;menee;2
1328;151/2021;2021_151_26;menoihin;1
1328;151/2021;2021_151_26;menokehyksistä;1
1328;151/2021;2021_151_26;metsänomistajan;1
1328;151/2021;2021_151_26;mielipidettä;1
1328;151/2021;2021_151_26;mihin;1
1328;151/2021;2021_151_26;mikä;1
1328;151/2021;2021_151_26;miljardin;1
1328;151/2021;2021_151_26;milloin;1
1328;151/2021;2021_151_26;millä;1
1328;151/2021;2021_151_26;ministeri;4
1328;151/2021;2021_151_26;minkä;1
1328;151/2021;2021_151_26;miten;1
1328;151/2021;2021_151_26;mitenkään;1
1328;151/2021;2021_151_26;mitä;1
1328;151/2021;2021_151_26;mitään;5
1328;151/2021;2021_151_26;moni;1
1328;151/2021;2021_151_26;muiden;1
1328;151/2021;2021_151_26;mukaan;1
1328;151/2021;2021_151_26;mukana;2
1328;151/2021;2021_151_26;mutta;2
1328;151/2021;2021_151_26;muunneltua;1
1328;151/2021;2021_151_26;muut;1
1328;151/2021;2021_151_26;muuta;1
1328;151/2021;2021_151_26;muutenkin;1
1328;151/2021;2021_151_26;myöhemmin;1
1328;151/2021;2021_151_26;myöhässä;1
1328;151/2021;2021_151_26;ne;1
1328;151/2021;2021_151_26;niin;1
1328;151/2021;2021_151_26;niitti;1
1328;151/2021;2021_151_26;noin;1
1328;151/2021;2021_151_26;nopeasti;1
1328;151/2021;2021_151_26;nouse;1
1328;151/2021;2021_151_26;nousee;2
1328;151/2021;2021_151_26;nousevat;1
1328;151/2021;2021_151_26;nykyinen;1
1328;151/2021;2021_151_26;nyt;4
1328;151/2021;2021_151_26;näkevät;1
1328;151/2021;2021_151_26;ole;4
1328;151/2021;2021_151_26;olette;1
1328;151/2021;2021_151_26;oli;5
1328;151/2021;2021_151_26;olisi;1
1328;151/2021;2021_151_26;ollut;1
1328;151/2021;2021_151_26;ollutkaan;1
1328;151/2021;2021_151_26;on;13
1328;151/2021;2021_151_26;ongelma;1
1328;151/2021;2021_151_26;otetaan;1
1328;151/2021;2021_151_26;ottaa;2
1328;151/2021;2021_151_26;ottamalla;1
1328;151/2021;2021_151_26;ottavat;1
1328;151/2021;2021_151_26;ovat;2
1328;151/2021;2021_151_26;painaa;1
1328;151/2021;2021_151_26;paketin;1
1328;151/2021;2021_151_26;paketteja;1
1328;151/2021;2021_151_26;pakko;1
1328;151/2021;2021_151_26;palkat;1
1328;151/2021;2021_151_26;pandemia;1
1328;151/2021;2021_151_26;pandemian;1
1328;151/2021;2021_151_26;paperimiehet;1
1328;151/2021;2021_151_26;periaatteita;1
1328;151/2021;2021_151_26;perusteella;1
1328;151/2021;2021_151_26;perustuu;1
1328;151/2021;2021_151_26;pesuveden;1
1328;151/2021;2021_151_26;pidetään;1
1328;151/2021;2021_151_26;piikistä;1
1328;151/2021;2021_151_26;pikavippeinä;1
1328;151/2021;2021_151_26;pitkään;2
1328;151/2021;2021_151_26;pitäisi;1
1328;151/2021;2021_151_26;pitää;2
1328;151/2021;2021_151_26;polttoaineiden;1
1328;151/2021;2021_151_26;puhemies;3
1328;151/2021;2021_151_26;puhuttiin;1
1328;151/2021;2021_151_26;puhuu;1
1328;151/2021;2021_151_26;puolueista;1
1328;151/2021;2021_151_26;puolustaminen;1
1328;151/2021;2021_151_26;puuttuu;1
1328;151/2021;2021_151_26;pysyvästi;1
1328;151/2021;2021_151_26;pyörimässä;1
1328;151/2021;2021_151_26;päälle;1
1328;151/2021;2021_151_26;päätellen;1
1328;151/2021;2021_151_26;päättyy;2
1328;151/2021;2021_151_26;rahaa;2
1328;151/2021;2021_151_26;ranskan;1
1328;151/2021;2021_151_26;reagoida;1
1328;151/2021;2021_151_26;reagoitu;1
1328;151/2021;2021_151_26;riskejä;1
1328;151/2021;2021_151_26;romahtaisi;1
1328;151/2021;2021_151_26;ruoan;1
1328;151/2021;2021_151_26;saa;1
1328;151/2021;2021_151_26;saarikko;3
1328;151/2021;2021_151_26;saatu;1
1328;151/2021;2021_151_26;saavat;1
1328;151/2021;2021_151_26;saksan;1
1328;151/2021;2021_151_26;salissa;1
1328;151/2021;2021_151_26;samaa;1
1328;151/2021;2021_151_26;sanoi;1
1328;151/2021;2021_151_26;sanovat;1
1328;151/2021;2021_151_26;savuverhon;1
1328;151/2021;2021_151_26;se;4
1328;151/2021;2021_151_26;seinä;1
1328;151/2021;2021_151_26;sellainen;1
1328;151/2021;2021_151_26;selviävän;1
1328;151/2021;2021_151_26;sen;1
1328;151/2021;2021_151_26;seuraavan;1
1328;151/2021;2021_151_26;siinä;3
1328;151/2021;2021_151_26;siirtyy;1
1328;151/2021;2021_151_26;siitä;2
1328;151/2021;2021_151_26;sijoittajat;2
1328;151/2021;2021_151_26;sille;2
1328;151/2021;2021_151_26;sitten;1
1328;151/2021;2021_151_26;sitä;3
1328;151/2021;2021_151_26;soppa;1
1328;151/2021;2021_151_26;sovituista;1
1328;151/2021;2021_151_26;sukupolven;1
1328;151/2021;2021_151_26;suojissa;1
1328;151/2021;2021_151_26;suomalainen;1
1328;151/2021;2021_151_26;suomalaisen;2
1328;151/2021;2021_151_26;suomen;2
1328;151/2021;2021_151_26;suomessa;3
1328;151/2021;2021_151_26;suomi;4
1328;151/2021;2021_151_26;surutta;1
1328;151/2021;2021_151_26;syntyisi;1
1328;151/2021;2021_151_26;syntynyt;1
1328;151/2021;2021_151_26;syntyy;2
1328;151/2021;2021_151_26;syö;1
1328;151/2021;2021_151_26;sähkö;2
1328;151/2021;2021_151_26;sähkölaskuista;1
1328;151/2021;2021_151_26;sähkölaskuunsa;1
1328;151/2021;2021_151_26;tahallaan;1
1328;151/2021;2021_151_26;tahansa;1
1328;151/2021;2021_151_26;tahtia;1
1328;151/2021;2021_151_26;tai;3
1328;151/2021;2021_151_26;takia;1
1328;151/2021;2021_151_26;talman;3
1328;151/2021;2021_151_26;talous;3
1328;151/2021;2021_151_26;talvena;1
1328;151/2021;2021_151_26;tarja;1
1328;151/2021;2021_151_26;tarjoaisi;1
1328;151/2021;2021_151_26;tarkkarajainen;1
1328;151/2021;2021_151_26;tehnyt;2
1328;151/2021;2021_151_26;tehosi;1
1328;151/2021;2021_151_26;tekevät;1
1328;151/2021;2021_151_26;tieto;1
1328;151/2021;2021_151_26;tietysti;1
1328;151/2021;2021_151_26;tilapäisestä;1
1328;151/2021;2021_151_26;toimeentulotuen;1
1328;151/2021;2021_151_26;toimeentulotukea;2
1328;151/2021;2021_151_26;toimi;1
1328;151/2021;2021_151_26;toimia;1
1328;151/2021;2021_151_26;toiminnalle;1
1328;151/2021;2021_151_26;totuutta;1
1328;151/2021;2021_151_26;tuetaan;1
1328;151/2021;2021_151_26;tukea;1
1328;151/2021;2021_151_26;tulee;1
1328;151/2021;2021_151_26;tulevana;1
1328;151/2021;2021_151_26;tulleet;1
1328;151/2021;2021_151_26;tuloslukujen;1
1328;151/2021;2021_151_26;tunne;1
1328;151/2021;2021_151_26;tuottaviin;1
1328;151/2021;2021_151_26;tyytyväisinä;1
1328;151/2021;2021_151_26;työllisyyslukujen;1
1328;151/2021;2021_151_26;työnnetään;1
1328;151/2021;2021_151_26;työntämällä;1
1328;151/2021;2021_151_26;työntää;1
1328;151/2021;2021_151_26;työpaikkoihin;1
1328;151/2021;2021_151_26;tähän;2
1328;151/2021;2021_151_26;tällainen;1
1328;151/2021;2021_151_26;tällä;1
1328;151/2021;2021_151_26;tämä;3
1328;151/2021;2021_151_26;tämän;1
1328;151/2021;2021_151_26;tässä;1
1328;151/2021;2021_151_26;tästä;2
1328;151/2021;2021_151_26;tätä;1
1328;151/2021;2021_151_26;täyttä;1
1328;151/2021;2021_151_26;täällä;1
1328;151/2021;2021_151_26;uusi;1
1328;151/2021;2021_151_26;uusiin;1
1328;151/2021;2021_151_26;vaihtunut;1
1328;151/2021;2021_151_26;vaikka;1
1328;151/2021;2021_151_26;vaikuttamisessa;1
1328;151/2021;2021_151_26;vain;1
1328;151/2021;2021_151_26;valitettavasti;1
1328;151/2021;2021_151_26;valmiiksi;2
1328;151/2021;2021_151_26;valmisteltiin;1
1328;151/2021;2021_151_26;varaan;1
1328;151/2021;2021_151_26;vastaan;1
1328;151/2021;2021_151_26;vastannut;1
1328;151/2021;2021_151_26;vauhdilla;1
1328;151/2021;2021_151_26;vauhtia;1
1328;151/2021;2021_151_26;velka;3
1328;151/2021;2021_151_26;velkaa;3
1328;151/2021;2021_151_26;velkaelvytys;1
1328;151/2021;2021_151_26;velkakriisiä;1
1328;151/2021;2021_151_26;velkapaketti;1
1328;151/2021;2021_151_26;velkapakettia;1
1328;151/2021;2021_151_26;velkarahaa;1
1328;151/2021;2021_151_26;velkaralli;1
1328;151/2021;2021_151_26;velkaryyppyä;1
1328;151/2021;2021_151_26;veroja;1
1328;151/2021;2021_151_26;veronmaksaja;1
1328;151/2021;2021_151_26;veronmaksajan;1
1328;151/2021;2021_151_26;viedään;1
1328;151/2021;2021_151_26;vieraili;1
1328;151/2021;2021_151_26;vievät;1
1328;151/2021;2021_151_26;viikolla;2
1328;151/2021;2021_151_26;viime;2
1328;151/2021;2021_151_26;viimeinen;1
1328;151/2021;2021_151_26;viisaan;1
1328;151/2021;2021_151_26;vikisevät;1
1328;151/2021;2021_151_26;viritetään;1
1328;151/2021;2021_151_26;voi;1
1328;151/2021;2021_151_26;voisi;1
1328;151/2021;2021_151_26;vuoden;1
1328;151/2021;2021_151_26;väline;1
1328;151/2021;2021_151_26;yhteisiä;1
1328;151/2021;2021_151_26;yhteistä;2
1328;151/2021;2021_151_26;yhtenäistä;1
1328;151/2021;2021_151_26;ylikuumenee;1
1328;151/2021;2021_151_26;ylivelkaantuneen;1
1328;151/2021;2021_151_26;yritykset;2
1328;151/2021;2021_151_26;yritysten;1
1328;151/2021;2021_151_26;ärade;3
1328;151/2021;2021_151_26;äänestäjät;1
1328;152/2020;2020_152_52;aina;1
1328;152/2020;2020_152_52;arvoisa;1
1328;152/2020;2020_152_52;asettaa;1
1328;152/2020;2020_152_52;edestakaisin;1
1328;152/2020;2020_152_52;ei;1
1328;152/2020;2020_152_52;ennätysmäärä;1
1328;152/2020;2020_152_52;esimerkiksi;1
1328;152/2020;2020_152_52;hallussa;1
1328;152/2020;2020_152_52;ja;1
1328;152/2020;2020_152_52;joihin;1
1328;152/2020;2020_152_52;jotka;1
1328;152/2020;2020_152_52;kahden;1
1328;152/2020;2020_152_52;kaksoiskansalaiset;1
1328;152/2020;2020_152_52;kaksoiskansalaisia;1
1328;152/2020;2020_152_52;kanssa;1
1328;152/2020;2020_152_52;karanteeniin;1
1328;152/2020;2020_152_52;katsomoon;1
1328;152/2020;2020_152_52;keväällä;1
1328;152/2020;2020_152_52;kisat;1
1328;152/2020;2020_152_52;kontio-lahdella;1
1328;152/2020;2020_152_52;korona;2
1328;152/2020;2020_152_52;koska;1
1328;152/2020;2020_152_52;kuin;1
1328;152/2020;2020_152_52;kun;1
1328;152/2020;2020_152_52;levinnyt;1
1328;152/2020;2020_152_52;liikkuvat;1
1328;152/2020;2020_152_52;maata;1
1328;152/2020;2020_152_52;meillä;1
1328;152/2020;2020_152_52;määrä;1
1328;152/2020;2020_152_52;niin;1
1328;152/2020;2020_152_52;nyt;1
1328;152/2020;2020_152_52;näitä;1
1328;152/2020;2020_152_52;odotetaan;1
1328;152/2020;2020_152_52;ole;1
1328;152/2020;2020_152_52;oli;1
1328;152/2020;2020_152_52;omistajia;1
1328;152/2020;2020_152_52;on;3
1328;152/2020;2020_152_52;ongelmia;1
1328;152/2020;2020_152_52;passin;1
1328;152/2020;2020_152_52;pitäisikö;1
1328;152/2020;2020_152_52;puhemies;1
1328;152/2020;2020_152_52;päivittäin;1
1328;152/2020;2020_152_52;rajan;1
1328;152/2020;2020_152_52;ruotsin-rajan;1
1328;152/2020;2020_152_52;saa;1
1328;152/2020;2020_152_52;saavat;1
1328;152/2020;2020_152_52;suomalainen;1
1328;152/2020;2020_152_52;suomeen;2
1328;152/2020;2020_152_52;suuri;1
1328;152/2020;2020_152_52;tautitapauksia;1
1328;152/2020;2020_152_52;tiedämme;1
1328;152/2020;2020_152_52;tulee;1
1328;152/2020;2020_152_52;tulevat;1
1328;152/2020;2020_152_52;tulla;2
1328;152/2020;2020_152_52;tänne;1
1328;152/2020;2020_152_52;venäjällä;1
1328;152/2020;2020_152_52;venäjältä;2
1328;152/2020;2020_152_52;viikonloppuna;1
1328;152/2020;2020_152_52;yli;1
1328;152/2020;2020_152_52;ympäri;1
1328;152/2022;2022_152_79;apua;1
1328;152/2022;2022_152_79;arvoisa;1
1328;152/2022;2022_152_79;eduskunnassa;1
1328;152/2022;2022_152_79;edustajat;1
1328;152/2022;2022_152_79;ei;3
1328;152/2022;2022_152_79;eivät;1
1328;152/2022;2022_152_79;eli;1
1328;152/2022;2022_152_79;ennen;1
1328;152/2022;2022_152_79;enää;2
1328;152/2022;2022_152_79;erota;1
1328;152/2022;2022_152_79;esityksiä;1
1328;152/2022;2022_152_79;että;2
1328;152/2022;2022_152_79;halla-aho;1
1328;152/2022;2022_152_79;hallituksen;2
1328;152/2022;2022_152_79;hallitusta;1
1328;152/2022;2022_152_79;heinonen;1
1328;152/2022;2022_152_79;ilmoittanut;1
1328;152/2022;2022_152_79;jo;1
1328;152/2022;2022_152_79;jos;1
1328;152/2022;2022_152_79;joulua;1
1328;152/2022;2022_152_79;jussi;1
1328;152/2022;2022_152_79;kaatamaan;1
1328;152/2022;2022_152_79;kaikki;1
1328;152/2022;2022_152_79;kaksi;1
1328;152/2022;2022_152_79;kanssa;1
1328;152/2022;2022_152_79;kerrankin;1
1328;152/2022;2022_152_79;keskusta;1
1328;152/2022;2022_152_79;kiinni;1
1328;152/2022;2022_152_79;kohdalla;1
1328;152/2022;2022_152_79;kovaa;1
1328;152/2022;2022_152_79;kukaan;1
1328;152/2022;2022_152_79;kumman;1
1328;152/2022;2022_152_79;lähdetään;1
1328;152/2022;2022_152_79;mahdollisuutta;1
1328;152/2022;2022_152_79;marin;1
1328;152/2022;2022_152_79;mikäli;1
1328;152/2022;2022_152_79;muuttamaan;1
1328;152/2022;2022_152_79;niin;1
1328;152/2022;2022_152_79;nyt;1
1328;152/2022;2022_152_79;ohhoh;1
1328;152/2022;2022_152_79;ole;1
1328;152/2022;2022_152_79;on;2
1328;152/2022;2022_152_79;opposition;2
1328;152/2022;2022_152_79;panna;1
1328;152/2022;2022_152_79;pelisäännöistä;1
1328;152/2022;2022_152_79;perussuomalaisten;1
1328;152/2022;2022_152_79;pidetä;1
1328;152/2022;2022_152_79;puheitanne;1
1328;152/2022;2022_152_79;puhemies;1
1328;152/2022;2022_152_79;puhetta;1
1328;152/2022;2022_152_79;puolesta;1
1328;152/2022;2022_152_79;pääministeri;1
1328;152/2022;2022_152_79;rivit;1
1328;152/2022;2022_152_79;ryhmästä;1
1328;152/2022;2022_152_79;sanoitte;1
1328;152/2022;2022_152_79;seuraavaa;1
1328;152/2022;2022_152_79;silloin;1
1328;152/2022;2022_152_79;suoriksi;1
1328;152/2022;2022_152_79;taas;1
1328;152/2022;2022_152_79;tai;2
1328;152/2022;2022_152_79;talman;1
1328;152/2022;2022_152_79;tarvitsette;1
1328;152/2022;2022_152_79;te;1
1328;152/2022;2022_152_79;teidän;1
1328;152/2022;2022_152_79;teillä;1
1328;152/2022;2022_152_79;tilanne;1
1328;152/2022;2022_152_79;timo;1
1328;152/2022;2022_152_79;translain;1
1328;152/2022;2022_152_79;tule;1
1328;152/2022;2022_152_79;tulee;1
1328;152/2022;2022_152_79;tämän;1
1328;152/2022;2022_152_79;tätä;1
1328;152/2022;2022_152_79;uskoo;1
1328;152/2022;2022_152_79;vaan;1
1328;152/2022;2022_152_79;valitsette;1
1328;152/2022;2022_152_79;vastaava;1
1328;152/2022;2022_152_79;yhdessä;1
1328;152/2022;2022_152_79;ärade;1
1328;152/2022;2022_152_79;äänestämään;1
1328;153/2021;2021_153_287;arvoisa;1
1328;153/2021;2021_153_287;asiaa;1
1328;153/2021;2021_153_287;budjetin;1
1328;153/2021;2021_153_287;en;1
1328;153/2021;2021_153_287;ette;1
1328;153/2021;2021_153_287;että;1
1328;153/2021;2021_153_287;halua;1
1328;153/2021;2021_153_287;he;1
1328;153/2021;2021_153_287;kanssa;1
1328;153/2021;2021_153_287;kehysriihessä;1
1328;153/2021;2021_153_287;kerroitte;1
1328;153/2021;2021_153_287;kertoa;1
1328;153/2021;2021_153_287;keskustellut;1
1328;153/2021;2021_153_287;kokea;1
1328;153/2021;2021_153_287;kuin;1
1328;153/2021;2021_153_287;kun;1
1328;153/2021;2021_153_287;kuukausi;1
1328;153/2021;2021_153_287;kysyin;1
1328;153/2021;2021_153_287;kysyisin;1
1328;153/2021;2021_153_287;menneet;1
1328;153/2021;2021_153_287;ministeri;1
1328;153/2021;2021_153_287;minkälaisia;1
1328;153/2021;2021_153_287;miten;1
1328;153/2021;2021_153_287;mitkä;1
1328;153/2021;2021_153_287;mitä;1
1328;153/2021;2021_153_287;mitään;1
1328;153/2021;2021_153_287;muiden;1
1328;153/2021;2021_153_287;mutta;1
1328;153/2021;2021_153_287;muut;1
1328;153/2021;2021_153_287;neuvotteluista;1
1328;153/2021;2021_153_287;neuvottelut;1
1328;153/2021;2021_153_287;niissä;1
1328;153/2021;2021_153_287;nytten;1
1328;153/2021;2021_153_287;näistä;1
1328;153/2021;2021_153_287;olette;2
1328;153/2021;2021_153_287;on;1
1328;153/2021;2021_153_287;ovat;2
1328;153/2021;2021_153_287;pitäytyvätkö;1
1328;153/2021;2021_153_287;puhemies;1
1328;153/2021;2021_153_287;puolueet;1
1328;153/2021;2021_153_287;puolueiden;1
1328;153/2021;2021_153_287;saanut;2
1328;153/2021;2021_153_287;saarikko;1
1328;153/2021;2021_153_287;samaa;1
1328;153/2021;2021_153_287;samanlaista;1
1328;153/2021;2021_153_287;siitä;1
1328;153/2021;2021_153_287;sitten;1
1328;153/2021;2021_153_287;sopimuksissa;1
1328;153/2021;2021_153_287;sovittu;1
1328;153/2021;2021_153_287;talman;1
1328;153/2021;2021_153_287;teiltä;1
1328;153/2021;2021_153_287;tuloksia;1
1328;153/2021;2021_153_287;tätä;1
1328;153/2021;2021_153_287;vastanneet;1
1328;153/2021;2021_153_287;vastausta;1
1328;153/2021;2021_153_287;viime;1
1328;153/2021;2021_153_287;voisitteko;1
1328;153/2021;2021_153_287;vuonna;1
1328;153/2021;2021_153_287;vääntöä;1
1328;153/2021;2021_153_287;yhteydessä;1
1328;153/2021;2021_153_287;ärade;1
1328;154/2020;2020_154_15;aalto;1
1328;154/2020;2020_154_15;aiemmin;1
1328;154/2020;2020_154_15;aiheuttanut;1
1328;154/2020;2020_154_15;alhainen;1
1328;154/2020;2020_154_15;allekirjoittaa;1
1328;154/2020;2020_154_15;alueella;2
1328;154/2020;2020_154_15;alueelta;1
1328;154/2020;2020_154_15;annettava;1
1328;154/2020;2020_154_15;annettavaan;1
1328;154/2020;2020_154_15;antaa;1
1328;154/2020;2020_154_15;arabien;1
1328;154/2020;2020_154_15;arvio;1
1328;154/2020;2020_154_15;arvoisa;1
1328;154/2020;2020_154_15;aseellisille;1
1328;154/2020;2020_154_15;aseellisten;1
1328;154/2020;2020_154_15;asemaa;1
1328;154/2020;2020_154_15;asiaa;1
1328;154/2020;2020_154_15;asiasta;1
1328;154/2020;2020_154_15;auttanut;1
1328;154/2020;2020_154_15;avoimia;1
1328;154/2020;2020_154_15;avustaessamme;1
1328;154/2020;2020_154_15;avustamassa;1
1328;154/2020;2020_154_15;bumaka;2
1328;154/2020;2020_154_15;edelleen;2
1328;154/2020;2020_154_15;edellisen;1
1328;154/2020;2020_154_15;edellytämme;1
1328;154/2020;2020_154_15;edustavien;1
1328;154/2020;2020_154_15;ehdollista;1
1328;154/2020;2020_154_15;ehdottomia;2
1328;154/2020;2020_154_15;ei;6
1328;154/2020;2020_154_15;eikä;2
1328;154/2020;2020_154_15;ennen;2
1328;154/2020;2020_154_15;entisestään;1
1328;154/2020;2020_154_15;eri;1
1328;154/2020;2020_154_15;erittäin;1
1328;154/2020;2020_154_15;että;5
1328;154/2020;2020_154_15;eurooppaan;2
1328;154/2020;2020_154_15;haaviston;1
1328;154/2020;2020_154_15;haittaa;1
1328;154/2020;2020_154_15;hallinnolle;1
1328;154/2020;2020_154_15;hallinnon;1
1328;154/2020;2020_154_15;hallituksemme;1
1328;154/2020;2020_154_15;hallituksen;2
1328;154/2020;2020_154_15;hallituskriisit;1
1328;154/2020;2020_154_15;haluaa;1
1328;154/2020;2020_154_15;heikko;1
1328;154/2020;2020_154_15;heistä;1
1328;154/2020;2020_154_15;hinta;1
1328;154/2020;2020_154_15;huonontanut;1
1328;154/2020;2020_154_15;hylätä;1
1328;154/2020;2020_154_15;hyvä;1
1328;154/2020;2020_154_15;hyväksyy;1
1328;154/2020;2020_154_15;ihmisoikeustilanne;1
1328;154/2020;2020_154_15;iialaisille;1
1328;154/2020;2020_154_15;iialaisten;1
1328;154/2020;2020_154_15;iiavaltaisen;1
1328;154/2020;2020_154_15;iiojen;1
1328;154/2020;2020_154_15;ikään;1
1328;154/2020;2020_154_15;integroitu;1
1328;154/2020;2020_154_15;investointien;1
1328;154/2020;2020_154_15;irak;1
1328;154/2020;2020_154_15;irakiin;1
1328;154/2020;2020_154_15;irakilaisista;1
1328;154/2020;2020_154_15;irakin;8
1328;154/2020;2020_154_15;irakista;2
1328;154/2020;2020_154_15;isisin;1
1328;154/2020;2020_154_15;itsehallintoalueen;1
1328;154/2020;2020_154_15;ja;14
1328;154/2020;2020_154_15;jatkaa;1
1328;154/2020;2020_154_15;jatkamiselle;1
1328;154/2020;2020_154_15;jatkamisen;1
1328;154/2020;2020_154_15;jotka;1
1328;154/2020;2020_154_15;joutuneet;1
1328;154/2020;2020_154_15;jälleenrakentamiseen;1
1328;154/2020;2020_154_15;kaiken;1
1328;154/2020;2020_154_15;kansainvälinen;1
1328;154/2020;2020_154_15;kansainvälisiä;1
1328;154/2020;2020_154_15;kansalaiset;1
1328;154/2020;2020_154_15;kantoivat;1
1328;154/2020;2020_154_15;keskeisen;1
1328;154/2020;2020_154_15;keskittänyt;1
1328;154/2020;2020_154_15;keskushallinnolle;1
1328;154/2020;2020_154_15;kielteisesti;1
1328;154/2020;2020_154_15;kielteisiksi;1
1328;154/2020;2020_154_15;kierteen;1
1328;154/2020;2020_154_15;kohdistunut;1
1328;154/2020;2020_154_15;kokeneet;1
1328;154/2020;2020_154_15;koronaepidemia;1
1328;154/2020;2020_154_15;koska;1
1328;154/2020;2020_154_15;kriisinhallintaa;1
1328;154/2020;2020_154_15;kuin;1
1328;154/2020;2020_154_15;kukistamisesta;1
1328;154/2020;2020_154_15;kun;1
1328;154/2020;2020_154_15;kunnioittamaan;1
1328;154/2020;2020_154_15;kuralla;1
1328;154/2020;2020_154_15;kurdeja;1
1328;154/2020;2020_154_15;kurdien;1
1328;154/2020;2020_154_15;kurdistanin;3
1328;154/2020;2020_154_15;kuulla;1
1328;154/2020;2020_154_15;kyetä;1
1328;154/2020;2020_154_15;kysymyksiä;1
1328;154/2020;2020_154_15;käsiteltiin;1
1328;154/2020;2020_154_15;käsittelyssä;1
1328;154/2020;2020_154_15;käytännössä;1
1328;154/2020;2020_154_15;liike;1
1328;154/2020;2020_154_15;liittyy;1
1328;154/2020;2020_154_15;lopettamiseen;1
1328;154/2020;2020_154_15;lopuksi;1
1328;154/2020;2020_154_15;luo;1
1328;154/2020;2020_154_15;maahan;1
1328;154/2020;2020_154_15;maalle;1
1328;154/2020;2020_154_15;maan;3
1328;154/2020;2020_154_15;maansa;1
1328;154/2020;2020_154_15;mahdollisesti;1
1328;154/2020;2020_154_15;mahdollisia;1
1328;154/2020;2020_154_15;me;1
1328;154/2020;2020_154_15;menneisyydessä;1
1328;154/2020;2020_154_15;merkittävän;1
1328;154/2020;2020_154_15;mikä;3
1328;154/2020;2020_154_15;mikäli;1
1328;154/2020;2020_154_15;mikään;1
1328;154/2020;2020_154_15;millään;1
1328;154/2020;2020_154_15;missä;1
1328;154/2020;2020_154_15;missään;1
1328;154/2020;2020_154_15;monia;1
1328;154/2020;2020_154_15;monimutkainen;1
1328;154/2020;2020_154_15;muodossa;1
1328;154/2020;2020_154_15;mutta;2
1328;154/2020;2020_154_15;muuttunut;2
1328;154/2020;2020_154_15;myös;3
1328;154/2020;2020_154_15;määrin;1
1328;154/2020;2020_154_15;niille;1
1328;154/2020;2020_154_15;niin;1
1328;154/2020;2020_154_15;nimenomaan;1
1328;154/2020;2020_154_15;nykyisen;1
1328;154/2020;2020_154_15;nyt;1
1328;154/2020;2020_154_15;näemme;1
1328;154/2020;2020_154_15;nähdystä;1
1328;154/2020;2020_154_15;näitä;1
1328;154/2020;2020_154_15;näkemys;1
1328;154/2020;2020_154_15;oikeudenloukkauksia;1
1328;154/2020;2020_154_15;oikeudenloukkauksiin;2
1328;154/2020;2020_154_15;oikeudenloukkausten;1
1328;154/2020;2020_154_15;ole;4
1328;154/2020;2020_154_15;olemme;2
1328;154/2020;2020_154_15;oli;1
1328;154/2020;2020_154_15;olisi;1
1328;154/2020;2020_154_15;olisimme;1
1328;154/2020;2020_154_15;olivat;1
1328;154/2020;2020_154_15;olla;1
1328;154/2020;2020_154_15;oman;1
1328;154/2020;2020_154_15;on;20
1328;154/2020;2020_154_15;ongelma;1
1328;154/2020;2020_154_15;ongelman;1
1328;154/2020;2020_154_15;onkin;1
1328;154/2020;2020_154_15;onko;1
1328;154/2020;2020_154_15;onnistuneena;1
1328;154/2020;2020_154_15;osa;1
1328;154/2020;2020_154_15;osaksi;1
1328;154/2020;2020_154_15;osalta;1
1328;154/2020;2020_154_15;osan;1
1328;154/2020;2020_154_15;osoittaisi;1
1328;154/2020;2020_154_15;osoittamista;1
1328;154/2020;2020_154_15;osoittautuisivat;1
1328;154/2020;2020_154_15;ottaa;1
1328;154/2020;2020_154_15;ovat;2
1328;154/2020;2020_154_15;palautussopimuksen;1
1328;154/2020;2020_154_15;palautussopimus;2
1328;154/2020;2020_154_15;paljon;1
1328;154/2020;2020_154_15;palkittava;1
1328;154/2020;2020_154_15;paperi;1
1328;154/2020;2020_154_15;paras;1
1328;154/2020;2020_154_15;paremmaksi;1
1328;154/2020;2020_154_15;parempaan;1
1328;154/2020;2020_154_15;pelkkä;1
1328;154/2020;2020_154_15;perusasetelma;1
1328;154/2020;2020_154_15;perusteet;1
1328;154/2020;2020_154_15;perusti;1
1328;154/2020;2020_154_15;perustuu;1
1328;154/2020;2020_154_15;peshmerga-joukkojen;1
1328;154/2020;2020_154_15;peshmerga-joukoille;3
1328;154/2020;2020_154_15;peshmerga-joukot;1
1328;154/2020;2020_154_15;pidä;1
1328;154/2020;2020_154_15;pitkäjänteisyydestä;1
1328;154/2020;2020_154_15;pitää;3
1328;154/2020;2020_154_15;poikkesi;1
1328;154/2020;2020_154_15;praktika;2
1328;154/2020;2020_154_15;puhemies;1
1328;154/2020;2020_154_15;pääpiirteissään;1
1328;154/2020;2020_154_15;raportoitu;1
1328;154/2020;2020_154_15;riippuvaiselle;1
1328;154/2020;2020_154_15;riitä;1
1328;154/2020;2020_154_15;riskejä;1
1328;154/2020;2020_154_15;riski;1
1328;154/2020;2020_154_15;riskin;1
1328;154/2020;2020_154_15;ruotsilla;1
1328;154/2020;2020_154_15;ryhmille;1
1328;154/2020;2020_154_15;ryhmittymien;1
1328;154/2020;2020_154_15;saamista;1
1328;154/2020;2020_154_15;samaa;1
1328;154/2020;2020_154_15;samalla;1
1328;154/2020;2020_154_15;samankaltainen;1
1328;154/2020;2020_154_15;se;3
1328;154/2020;2020_154_15;sekä;1
1328;154/2020;2020_154_15;selonteon;1
1328;154/2020;2020_154_15;selvitettävä;1
1328;154/2020;2020_154_15;sen;2
1328;154/2020;2020_154_15;seuranneet;1
1328;154/2020;2020_154_15;siinä;3
1328;154/2020;2020_154_15;siis;1
1328;154/2020;2020_154_15;siitä;1
1328;154/2020;2020_154_15;sille;1
1328;154/2020;2020_154_15;siten;1
1328;154/2020;2020_154_15;sitten;1
1328;154/2020;2020_154_15;sopimuksia;1
1328;154/2020;2020_154_15;suhtaudumme;1
1328;154/2020;2020_154_15;suhteen;1
1328;154/2020;2020_154_15;sunneja;1
1328;154/2020;2020_154_15;sunnien;1
1328;154/2020;2020_154_15;suomalaisten;1
1328;154/2020;2020_154_15;suomeen;2
1328;154/2020;2020_154_15;suomen;2
1328;154/2020;2020_154_15;suomi;3
1328;154/2020;2020_154_15;suoraan;1
1328;154/2020;2020_154_15;suostuu;1
1328;154/2020;2020_154_15;suuntaan;1
1328;154/2020;2020_154_15;suuntausta;1
1328;154/2020;2020_154_15;suuntautuuko;1
1328;154/2020;2020_154_15;suuntautuvan;1
1328;154/2020;2020_154_15;suurella;1
1328;154/2020;2020_154_15;suuri;1
1328;154/2020;2020_154_15;suurlähetystön;1
1328;154/2020;2020_154_15;systemaattisia;1
1328;154/2020;2020_154_15;syylliset;1
1328;154/2020;2020_154_15;syyllistyville;1
1328;154/2020;2020_154_15;tahoille;1
1328;154/2020;2020_154_15;taholta;1
1328;154/2020;2020_154_15;tai;1
1328;154/2020;2020_154_15;talman;1
1328;154/2020;2020_154_15;talous;1
1328;154/2020;2020_154_15;tavalla;1
1328;154/2020;2020_154_15;tekemistä;1
1328;154/2020;2020_154_15;tietoakaan;1
1328;154/2020;2020_154_15;tilanne;2
1328;154/2020;2020_154_15;todellinen;1
1328;154/2020;2020_154_15;todellisen;1
1328;154/2020;2020_154_15;toimi;1
1328;154/2020;2020_154_15;toimijoiden;1
1328;154/2020;2020_154_15;toisiaan;1
1328;154/2020;2020_154_15;toistuneet;1
1328;154/2020;2020_154_15;toistuviin;1
1328;154/2020;2020_154_15;tosin;1
1328;154/2020;2020_154_15;totesin;2
1328;154/2020;2020_154_15;tuen;4
1328;154/2020;2020_154_15;tukea;4
1328;154/2020;2020_154_15;tukeen;1
1328;154/2020;2020_154_15;tukemiseen;1
1328;154/2020;2020_154_15;tukensa;1
1328;154/2020;2020_154_15;tuki;2
1328;154/2020;2020_154_15;tule;1
1328;154/2020;2020_154_15;tulee;2
1328;154/2020;2020_154_15;tulleista;1
1328;154/2020;2020_154_15;tuloksellisuudesta;1
1328;154/2020;2020_154_15;turvallisuusjoukkoja;2
1328;154/2020;2020_154_15;turvallisuusjoukkojen;1
1328;154/2020;2020_154_15;turvallisuusjoukoille;4
1328;154/2020;2020_154_15;turvallisuustilanne;2
1328;154/2020;2020_154_15;turvallisuutta;1
1328;154/2020;2020_154_15;turvapaikanhakijoiden;1
1328;154/2020;2020_154_15;turvapaikanhakijoista;1
1328;154/2020;2020_154_15;tähän;1
1328;154/2020;2020_154_15;tämmöinen;1
1328;154/2020;2020_154_15;tämä;3
1328;154/2020;2020_154_15;tästä;2
1328;154/2020;2020_154_15;tätä;2
1328;154/2020;2020_154_15;ulkoministeri;1
1328;154/2020;2020_154_15;useat;1
1328;154/2020;2020_154_15;uskonnollista;1
1328;154/2020;2020_154_15;vahvat;1
1328;154/2020;2020_154_15;vaikea;1
1328;154/2020;2020_154_15;vaikuttaisiko;1
1328;154/2020;2020_154_15;vaikutukset;1
1328;154/2020;2020_154_15;vainoa;1
1328;154/2020;2020_154_15;vakaudesta;1
1328;154/2020;2020_154_15;valitettavasti;1
1328;154/2020;2020_154_15;varauksella;1
1328;154/2020;2020_154_15;vastaamaan;1
1328;154/2020;2020_154_15;vastaan;1
1328;154/2020;2020_154_15;vastaus;1
1328;154/2020;2020_154_15;vastavuoroisuusperiaatteeseen;1
1328;154/2020;2020_154_15;vastuuseen;1
1328;154/2020;2020_154_15;viennistä;1
1328;154/2020;2020_154_15;vihanpito;1
1328;154/2020;2020_154_15;voidaan;1
1328;154/2020;2020_154_15;vuodessa;2
1328;154/2020;2020_154_15;vuosi;1
1328;154/2020;2020_154_15;väkivallan;1
1328;154/2020;2020_154_15;väkivaltaa;1
1328;154/2020;2020_154_15;välillä;2
1328;154/2020;2020_154_15;ydin;1
1328;154/2020;2020_154_15;yhteistyö;1
1328;154/2020;2020_154_15;ärade;1
1328;154/2020;2020_154_15;öljyn;1
1328;155/2020;2020_155_12;aiheutettua;1
1328;155/2020;2020_155_12;aiheuttaa;1
1328;155/2020;2020_155_12;aikaa;1
1328;155/2020;2020_155_12;aikana;2
1328;155/2020;2020_155_12;aina;1
1328;155/2020;2020_155_12;ainakin;1
1328;155/2020;2020_155_12;ainutkertaisuudesta;1
1328;155/2020;2020_155_12;aivan;4
1328;155/2020;2020_155_12;alkaa;3
1328;155/2020;2020_155_12;alkavat;1
1328;155/2020;2020_155_12;alueelle;1
1328;155/2020;2020_155_12;aluehallinnon;1
1328;155/2020;2020_155_12;arvoisa;2
1328;155/2020;2020_155_12;asenne;1
1328;155/2020;2020_155_12;asetelma;1
1328;155/2020;2020_155_12;asioissa;1
1328;155/2020;2020_155_12;asti;1
1328;155/2020;2020_155_12;autokannan;1
1328;155/2020;2020_155_12;avokätisesti;1
1328;155/2020;2020_155_12;budjettikauden;1
1328;155/2020;2020_155_12;edes;2
1328;155/2020;2020_155_12;ei;7
1328;155/2020;2020_155_12;eikä;2
1328;155/2020;2020_155_12;eivät;1
1328;155/2020;2020_155_12;eli;2
1328;155/2020;2020_155_12;elpymispaketin;2
1328;155/2020;2020_155_12;elpymispaketissa;1
1328;155/2020;2020_155_12;elpymispaketissakin;1
1328;155/2020;2020_155_12;elpymispaketti;1
1328;155/2020;2020_155_12;eniten;1
1328;155/2020;2020_155_12;ensi;1
1328;155/2020;2020_155_12;esimerkiksi;2
1328;155/2020;2020_155_12;espanjalla;1
1328;155/2020;2020_155_12;ettei;1
1328;155/2020;2020_155_12;että;8
1328;155/2020;2020_155_12;etäpalavereja;1
1328;155/2020;2020_155_12;eu;1
1328;155/2020;2020_155_12;eu-velkapaketin;1
1328;155/2020;2020_155_12;eun;4
1328;155/2020;2020_155_12;euroja;1
1328;155/2020;2020_155_12;euron;1
1328;155/2020;2020_155_12;eussa;2
1328;155/2020;2020_155_12;eusta;3
1328;155/2020;2020_155_12;haitat;1
1328;155/2020;2020_155_12;hallituksen;1
1328;155/2020;2020_155_12;hallitus;1
1328;155/2020;2020_155_12;hankkeista;1
1328;155/2020;2020_155_12;hienot;1
1328;155/2020;2020_155_12;hiilineutraali;1
1328;155/2020;2020_155_12;hiipua;1
1328;155/2020;2020_155_12;hinnalla;1
1328;155/2020;2020_155_12;hoitaisi;1
1328;155/2020;2020_155_12;hyvin;1
1328;155/2020;2020_155_12;hyviä;1
1328;155/2020;2020_155_12;hyvä;2
1328;155/2020;2020_155_12;hyvänsä;1
1328;155/2020;2020_155_12;hämärtyä;1
1328;155/2020;2020_155_12;hätä;1
1328;155/2020;2020_155_12;ilman;1
1328;155/2020;2020_155_12;investoi;1
1328;155/2020;2020_155_12;investoinneilla;1
1328;155/2020;2020_155_12;investointeihin;1
1328;155/2020;2020_155_12;investointien;1
1328;155/2020;2020_155_12;isoissa;1
1328;155/2020;2020_155_12;isomman;1
1328;155/2020;2020_155_12;italialla;1
1328;155/2020;2020_155_12;itse;2
1328;155/2020;2020_155_12;ja;24
1328;155/2020;2020_155_12;jaetaan;1
1328;155/2020;2020_155_12;jaettavat;1
1328;155/2020;2020_155_12;jakamaan;1
1328;155/2020;2020_155_12;jakamassa;1
1328;155/2020;2020_155_12;jakaminen;1
1328;155/2020;2020_155_12;jakoon;1
1328;155/2020;2020_155_12;jatkossa;1
1328;155/2020;2020_155_12;jo;3
1328;155/2020;2020_155_12;jokaiselle;1
1328;155/2020;2020_155_12;joku;1
1328;155/2020;2020_155_12;jonka;1
1328;155/2020;2020_155_12;jos;1
1328;155/2020;2020_155_12;jotakin;1
1328;155/2020;2020_155_12;julkiselta;1
1328;155/2020;2020_155_12;julkisia;1
1328;155/2020;2020_155_12;julkisista;1
1328;155/2020;2020_155_12;julkista;1
1328;155/2020;2020_155_12;jälkeistä;1
1328;155/2020;2020_155_12;jäsenvaltiolla;1
1328;155/2020;2020_155_12;kaikkeen;1
1328;155/2020;2020_155_12;kaikkiin;1
1328;155/2020;2020_155_12;kallista;1
1328;155/2020;2020_155_12;kannustavilla;1
1328;155/2020;2020_155_12;kasvu;1
1328;155/2020;2020_155_12;kasvulla;1
1328;155/2020;2020_155_12;kasvuun;1
1328;155/2020;2020_155_12;kautta;2
1328;155/2020;2020_155_12;kehitellä;1
1328;155/2020;2020_155_12;kehtaa;1
1328;155/2020;2020_155_12;kenellekään;1
1328;155/2020;2020_155_12;kertokaa;1
1328;155/2020;2020_155_12;keskisuuriin;1
1328;155/2020;2020_155_12;kesällä;1
1328;155/2020;2020_155_12;kielellä;1
1328;155/2020;2020_155_12;kiire;2
1328;155/2020;2020_155_12;kiirettä;1
1328;155/2020;2020_155_12;kilpailukykyyn;1
1328;155/2020;2020_155_12;kohteisiin;1
1328;155/2020;2020_155_12;koko;1
1328;155/2020;2020_155_12;kokonaan;1
1328;155/2020;2020_155_12;kokonaisvastuu;1
1328;155/2020;2020_155_12;koputtaa;2
1328;155/2020;2020_155_12;korona;1
1328;155/2020;2020_155_12;koronan;1
1328;155/2020;2020_155_12;koronavuoden;1
1328;155/2020;2020_155_12;korot;1
1328;155/2020;2020_155_12;kotitalousvähennyksen;1
1328;155/2020;2020_155_12;kova;1
1328;155/2020;2020_155_12;kovin;1
1328;155/2020;2020_155_12;kuin;1
1328;155/2020;2020_155_12;kun;5
1328;155/2020;2020_155_12;kuntia;1
1328;155/2020;2020_155_12;kuntien;1
1328;155/2020;2020_155_12;kustannukset;1
1328;155/2020;2020_155_12;kuten;1
1328;155/2020;2020_155_12;kuultu;1
1328;155/2020;2020_155_12;kuuluu;2
1328;155/2020;2020_155_12;kykene;1
1328;155/2020;2020_155_12;kyllä;3
1328;155/2020;2020_155_12;käteen;1
1328;155/2020;2020_155_12;laidalta;1
1328;155/2020;2020_155_12;laidan;1
1328;155/2020;2020_155_12;laittaisi;1
1328;155/2020;2020_155_12;liika;1
1328;155/2020;2020_155_12;liikenteen;1
1328;155/2020;2020_155_12;lopputuloksesta;1
1328;155/2020;2020_155_12;lukunsa;2
1328;155/2020;2020_155_12;luomaan;1
1328;155/2020;2020_155_12;luottoa;1
1328;155/2020;2020_155_12;luottoluokittajien;1
1328;155/2020;2020_155_12;lähes;1
1328;155/2020;2020_155_12;maakuntien;1
1328;155/2020;2020_155_12;mahdollisiin;1
1328;155/2020;2020_155_12;maineellaan;1
1328;155/2020;2020_155_12;maksaa;2
1328;155/2020;2020_155_12;maksamme;1
1328;155/2020;2020_155_12;maksavat;1
1328;155/2020;2020_155_12;malli;1
1328;155/2020;2020_155_12;mallioppilas;1
1328;155/2020;2020_155_12;mannaa;1
1328;155/2020;2020_155_12;marin;1
1328;155/2020;2020_155_12;meille;1
1328;155/2020;2020_155_12;melkoinen;1
1328;155/2020;2020_155_12;menestyy;1
1328;155/2020;2020_155_12;miettiä;1
1328;155/2020;2020_155_12;mihin;2
1328;155/2020;2020_155_12;mihinkään;1
1328;155/2020;2020_155_12;miksi;1
1328;155/2020;2020_155_12;miljardeja;2
1328;155/2020;2020_155_12;miljardia;2
1328;155/2020;2020_155_12;miljardiluokan;1
1328;155/2020;2020_155_12;miljardin;1
1328;155/2020;2020_155_12;miljardit;1
1328;155/2020;2020_155_12;millä;1
1328;155/2020;2020_155_12;ministerit;1
1328;155/2020;2020_155_12;mittarit;1
1328;155/2020;2020_155_12;mitä;1
1328;155/2020;2020_155_12;mitähän;1
1328;155/2020;2020_155_12;mitään;1
1328;155/2020;2020_155_12;muista;1
1328;155/2020;2020_155_12;muistaa;1
1328;155/2020;2020_155_12;mukana;1
1328;155/2020;2020_155_12;mutta;2
1328;155/2020;2020_155_12;muuhun;1
1328;155/2020;2020_155_12;muulla;1
1328;155/2020;2020_155_12;muutamalla;1
1328;155/2020;2020_155_12;muuten;1
1328;155/2020;2020_155_12;muutenkin;2
1328;155/2020;2020_155_12;myös;1
1328;155/2020;2020_155_12;mäkisen;1
1328;155/2020;2020_155_12;määrärahat;1
1328;155/2020;2020_155_12;nettomaksaja;1
1328;155/2020;2020_155_12;niihin;1
1328;155/2020;2020_155_12;niin;5
1328;155/2020;2020_155_12;normaali;1
1328;155/2020;2020_155_12;nousee;1
1328;155/2020;2020_155_12;nousta;1
1328;155/2020;2020_155_12;nyt;6
1328;155/2020;2020_155_12;näin;1
1328;155/2020;2020_155_12;näitä;1
1328;155/2020;2020_155_12;näyttää;1
1328;155/2020;2020_155_12;ohhoh;1
1328;155/2020;2020_155_12;oikealta;1
1328;155/2020;2020_155_12;oikein;1
1328;155/2020;2020_155_12;ole;3
1328;155/2020;2020_155_12;olette;1
1328;155/2020;2020_155_12;olevan;2
1328;155/2020;2020_155_12;olla;3
1328;155/2020;2020_155_12;ollaan;1
1328;155/2020;2020_155_12;oma;2
1328;155/2020;2020_155_12;omalla;1
1328;155/2020;2020_155_12;omat;1
1328;155/2020;2020_155_12;omistajuus;1
1328;155/2020;2020_155_12;on;16
1328;155/2020;2020_155_12;ongelman;1
1328;155/2020;2020_155_12;onhan;1
1328;155/2020;2020_155_12;onkin;1
1328;155/2020;2020_155_12;opittu;1
1328;155/2020;2020_155_12;osa;1
1328;155/2020;2020_155_12;otetaan;1
1328;155/2020;2020_155_12;otettavaa;1
1328;155/2020;2020_155_12;ottamaan;1
1328;155/2020;2020_155_12;paketista;1
1328;155/2020;2020_155_12;paketti;1
1328;155/2020;2020_155_12;palata;1
1328;155/2020;2020_155_12;pandemian;1
1328;155/2020;2020_155_12;panostuksista;1
1328;155/2020;2020_155_12;parempaan;1
1328;155/2020;2020_155_12;parempia;1
1328;155/2020;2020_155_12;pelkästään;1
1328;155/2020;2020_155_12;persnettoa;1
1328;155/2020;2020_155_12;pidetään;1
1328;155/2020;2020_155_12;pieniin;1
1328;155/2020;2020_155_12;pitää;3
1328;155/2020;2020_155_12;pohjaa;1
1328;155/2020;2020_155_12;pohjoismaista;1
1328;155/2020;2020_155_12;poikkeaa;1
1328;155/2020;2020_155_12;projektit;1
1328;155/2020;2020_155_12;puhe;1
1328;155/2020;2020_155_12;puheita;1
1328;155/2020;2020_155_12;puhemies;4
1328;155/2020;2020_155_12;puhutaan;1
1328;155/2020;2020_155_12;puolelta;1
1328;155/2020;2020_155_12;puuttuu;1
1328;155/2020;2020_155_12;puuttuvat;1
1328;155/2020;2020_155_12;pystytään;1
1328;155/2020;2020_155_12;pysyvä;1
1328;155/2020;2020_155_12;pyydellä;1
1328;155/2020;2020_155_12;pyytää;1
1328;155/2020;2020_155_12;pyörimään;1
1328;155/2020;2020_155_12;pääministerin;1
1328;155/2020;2020_155_12;päästöissä;1
1328;155/2020;2020_155_12;päättäjien;1
1328;155/2020;2020_155_12;rahaa;1
1328;155/2020;2020_155_12;rahoitettu;1
1328;155/2020;2020_155_12;riitta;1
1328;155/2020;2020_155_12;riittänyt;1
1328;155/2020;2020_155_12;riittää;1
1328;155/2020;2020_155_12;riitä;3
1328;155/2020;2020_155_12;riskillään;1
1328;155/2020;2020_155_12;ruotsissa;1
1328;155/2020;2020_155_12;saadaan;1
1328;155/2020;2020_155_12;sada;1
1328;155/2020;2020_155_12;salin;2
1328;155/2020;2020_155_12;samaa;1
1328;155/2020;2020_155_12;sanottua;1
1328;155/2020;2020_155_12;sanovat;1
1328;155/2020;2020_155_12;se;1
1328;155/2020;2020_155_12;selkeällä;1
1328;155/2020;2020_155_12;selväksi;1
1328;155/2020;2020_155_12;selvää;1
1328;155/2020;2020_155_12;seuraavat;1
1328;155/2020;2020_155_12;seuranta;1
1328;155/2020;2020_155_12;siinä;2
1328;155/2020;2020_155_12;siitä;1
1328;155/2020;2020_155_12;silloin;1
1328;155/2020;2020_155_12;siltä;1
1328;155/2020;2020_155_12;sitä;2
1328;155/2020;2020_155_12;sopineet;1
1328;155/2020;2020_155_12;sukupolvet;1
1328;155/2020;2020_155_12;suomalaisille;1
1328;155/2020;2020_155_12;suomea;1
1328;155/2020;2020_155_12;suomelle;1
1328;155/2020;2020_155_12;suomen;4
1328;155/2020;2020_155_12;suomi;3
1328;155/2020;2020_155_12;suunnitelmat;1
1328;155/2020;2020_155_12;suunnitelmia;1
1328;155/2020;2020_155_12;syntyisi;1
1328;155/2020;2020_155_12;syntyy;1
1328;155/2020;2020_155_12;taivaasta;1
1328;155/2020;2020_155_12;takaisin;1
1328;155/2020;2020_155_12;talman;2
1328;155/2020;2020_155_12;taloudelta;1
1328;155/2020;2020_155_12;tarkkarajaisuudesta;1
1328;155/2020;2020_155_12;tarkkarajaisuus;1
1328;155/2020;2020_155_12;tarkoitus;1
1328;155/2020;2020_155_12;tasolla;1
1328;155/2020;2020_155_12;tavoite;1
1328;155/2020;2020_155_12;tavoitteet;1
1328;155/2020;2020_155_12;tehtävien;1
1328;155/2020;2020_155_12;tehtävä;1
1328;155/2020;2020_155_12;tiedä;1
1328;155/2020;2020_155_12;tietää;1
1328;155/2020;2020_155_12;todellisuus;1
1328;155/2020;2020_155_12;toimitusjohtaja;1
1328;155/2020;2020_155_12;toteutuksella;1
1328;155/2020;2020_155_12;tukea;1
1328;155/2020;2020_155_12;tukia;1
1328;155/2020;2020_155_12;tulee;1
1328;155/2020;2020_155_12;tulevaan;1
1328;155/2020;2020_155_12;tulevat;1
1328;155/2020;2020_155_12;tulla;1
1328;155/2020;2020_155_12;tuloksia;1
1328;155/2020;2020_155_12;tulossa;1
1328;155/2020;2020_155_12;tuntuu;1
1328;155/2020;2020_155_12;tuntuvat;1
1328;155/2020;2020_155_12;tuoda;1
1328;155/2020;2020_155_12;tuplana;1
1328;155/2020;2020_155_12;tuppurainen;1
1328;155/2020;2020_155_12;turnee;1
1328;155/2020;2020_155_12;tuskaa;1
1328;155/2020;2020_155_12;tyytyväisinä;1
1328;155/2020;2020_155_12;työpaikallaan;1
1328;155/2020;2020_155_12;työpaikoilla;1
1328;155/2020;2020_155_12;tähän;1
1328;155/2020;2020_155_12;tällainen;1
1328;155/2020;2020_155_12;tämä;1
1328;155/2020;2020_155_12;tämän;2
1328;155/2020;2020_155_12;tänä;1
1328;155/2020;2020_155_12;tärkein;1
1328;155/2020;2020_155_12;tärkeintä;2
1328;155/2020;2020_155_12;tässä;2
1328;155/2020;2020_155_12;tästä;1
1328;155/2020;2020_155_12;täysin;1
1328;155/2020;2020_155_12;töitä;1
1328;155/2020;2020_155_12;usko;1
1328;155/2020;2020_155_12;uudistamiseen;1
1328;155/2020;2020_155_12;uudistuksiin;1
1328;155/2020;2020_155_12;uudistuminen;1
1328;155/2020;2020_155_12;uusia;1
1328;155/2020;2020_155_12;uusilla;1
1328;155/2020;2020_155_12;vaan;1
1328;155/2020;2020_155_12;vahvasti;1
1328;155/2020;2020_155_12;vain;3
1328;155/2020;2020_155_12;valtion;2
1328;155/2020;2020_155_12;varjossa;1
1328;155/2020;2020_155_12;vasemmalta;1
1328;155/2020;2020_155_12;vasemman;1
1328;155/2020;2020_155_12;vastaa;1
1328;155/2020;2020_155_12;vastuu;1
1328;155/2020;2020_155_12;vauhdilla;1
1328;155/2020;2020_155_12;velat;1
1328;155/2020;2020_155_12;velkaa;3
1328;155/2020;2020_155_12;velkakäyrä;1
1328;155/2020;2020_155_12;velkalingot;1
1328;155/2020;2020_155_12;velkarahaa;1
1328;155/2020;2020_155_12;velkarahalla;1
1328;155/2020;2020_155_12;velkarallissa;1
1328;155/2020;2020_155_12;velkoja;1
1328;155/2020;2020_155_12;veromuutoksilla;1
1328;155/2020;2020_155_12;veronmaksajille;1
1328;155/2020;2020_155_12;vie;1
1328;155/2020;2020_155_12;vielä;2
1328;155/2020;2020_155_12;vihdoin;1
1328;155/2020;2020_155_12;viimein;1
1328;155/2020;2020_155_12;voi;1
1328;155/2020;2020_155_12;vuodessa;1
1328;155/2020;2020_155_12;vuonna;2
1328;155/2020;2020_155_12;vuonnakin;1
1328;155/2020;2020_155_12;vuoteen;1
1328;155/2020;2020_155_12;vähintään;1
1328;155/2020;2020_155_12;välihuuto;1
1328;155/2020;2020_155_12;väliksi;1
1328;155/2020;2020_155_12;väliä;1
1328;155/2020;2020_155_12;yksityiskohdat;1
1328;155/2020;2020_155_12;yleisellä;1
1328;155/2020;2020_155_12;yläviistoon;1
1328;155/2020;2020_155_12;ymmärtää;1
1328;155/2020;2020_155_12;ympäri;1
1328;155/2020;2020_155_12;yritetään;1
1328;155/2020;2020_155_12;yrittäjä;1
1328;155/2020;2020_155_12;yrityksen;1
1328;155/2020;2020_155_12;yrityksiin;1
1328;155/2020;2020_155_12;yrityksiä;1
1328;155/2020;2020_155_12;yritysten;1
1328;155/2020;2020_155_12;ärade;2
1328;155/2020;2020_155_12;äänestä;1
1328;155/2020;2020_155_12;äänestäjät;1
1328;156/2020;2020_156_12;aika;1
1328;156/2020;2020_156_12;aikaa;1
1328;156/2020;2020_156_12;aikaiseksi;1
1328;156/2020;2020_156_12;aina;2
1328;156/2020;2020_156_12;ainakin;1
1328;156/2020;2020_156_12;aivan;1
1328;156/2020;2020_156_12;alas;1
1328;156/2020;2020_156_12;alkaa;3
1328;156/2020;2020_156_12;alla;1
1328;156/2020;2020_156_12;aluksi;1
1328;156/2020;2020_156_12;ammutaan;1
1328;156/2020;2020_156_12;ansiosidonnainen;1
1328;156/2020;2020_156_12;antti;1
1328;156/2020;2020_156_12;arvoisa;2
1328;156/2020;2020_156_12;arvostella;1
1328;156/2020;2020_156_12;avata;2
1328;156/2020;2020_156_12;avustuksia;1
1328;156/2020;2020_156_12;bensaveron;1
1328;156/2020;2020_156_12;budjettiriihestä;1
1328;156/2020;2020_156_12;bussikuskina;1
1328;156/2020;2020_156_12;delegoida;1
1328;156/2020;2020_156_12;demarien;1
1328;156/2020;2020_156_12;eduista;1
1328;156/2020;2020_156_12;eduskuntavaalien;1
1328;156/2020;2020_156_12;edustus;2
1328;156/2020;2020_156_12;ehdotamme;1
1328;156/2020;2020_156_12;ehdottamalla;1
1328;156/2020;2020_156_12;ehti;1
1328;156/2020;2020_156_12;ei;11
1328;156/2020;2020_156_12;eikä;2
1328;156/2020;2020_156_12;eivät;1
1328;156/2020;2020_156_12;eli;1
1328;156/2020;2020_156_12;elintärkeää;1
1328;156/2020;2020_156_12;elokuun;1
1328;156/2020;2020_156_12;elvytystä;1
1328;156/2020;2020_156_12;emme;2
1328;156/2020;2020_156_12;ennen;3
1328;156/2020;2020_156_12;ennenkin;1
1328;156/2020;2020_156_12;ennustamaan;1
1328;156/2020;2020_156_12;ennustettavuus;1
1328;156/2020;2020_156_12;ennustettavuutta;1
1328;156/2020;2020_156_12;ennätysvauhtia;1
1328;156/2020;2020_156_12;ensi;2
1328;156/2020;2020_156_12;entistä;1
1328;156/2020;2020_156_12;epäonnistuminen;1
1328;156/2020;2020_156_12;epävarmuus;1
1328;156/2020;2020_156_12;esimerkiksi;1
1328;156/2020;2020_156_12;esimerkki;1
1328;156/2020;2020_156_12;estää;1
1328;156/2020;2020_156_12;eteläisen;1
1328;156/2020;2020_156_12;ettei;4
1328;156/2020;2020_156_12;että;9
1328;156/2020;2020_156_12;eun;1
1328;156/2020;2020_156_12;euroa;1
1328;156/2020;2020_156_12;euroon;1
1328;156/2020;2020_156_12;hakea;1
1328;156/2020;2020_156_12;hakemaan;1
1328;156/2020;2020_156_12;hallituksella;1
1328;156/2020;2020_156_12;hallituksen;6
1328;156/2020;2020_156_12;hallituksiin;2
1328;156/2020;2020_156_12;hallitus;4
1328;156/2020;2020_156_12;hallitusohjelmaa;1
1328;156/2020;2020_156_12;hallitusohjelman;1
1328;156/2020;2020_156_12;hallitusta;2
1328;156/2020;2020_156_12;halua;1
1328;156/2020;2020_156_12;haluaa;1
1328;156/2020;2020_156_12;haluaisin;1
1328;156/2020;2020_156_12;hankkia;1
1328;156/2020;2020_156_12;heittoa;1
1328;156/2020;2020_156_12;heräsi;1
1328;156/2020;2020_156_12;heti;1
1328;156/2020;2020_156_12;hidastaa;1
1328;156/2020;2020_156_12;hieno;1
1328;156/2020;2020_156_12;hoitaa;1
1328;156/2020;2020_156_12;hoitoon;1
1328;156/2020;2020_156_12;hukassa;1
1328;156/2020;2020_156_12;huoli;1
1328;156/2020;2020_156_12;huolta;1
1328;156/2020;2020_156_12;huono;1
1328;156/2020;2020_156_12;hyvinvointia;1
1328;156/2020;2020_156_12;hyvä;3
1328;156/2020;2020_156_12;ihmisiä;1
1328;156/2020;2020_156_12;ilman;1
1328;156/2020;2020_156_12;investointeihin;1
1328;156/2020;2020_156_12;investointeja;3
1328;156/2020;2020_156_12;investointi;1
1328;156/2020;2020_156_12;itse;2
1328;156/2020;2020_156_12;ja;35
1328;156/2020;2020_156_12;jaellaan;1
1328;156/2020;2020_156_12;jakamassa;1
1328;156/2020;2020_156_12;jo;3
1328;156/2020;2020_156_12;johdonmukaisesti;1
1328;156/2020;2020_156_12;joko;1
1328;156/2020;2020_156_12;jos;2
1328;156/2020;2020_156_12;jotka;1
1328;156/2020;2020_156_12;jotta;1
1328;156/2020;2020_156_12;joudu;1
1328;156/2020;2020_156_12;joulua;1
1328;156/2020;2020_156_12;julkisen;1
1328;156/2020;2020_156_12;juuri;1
1328;156/2020;2020_156_12;jähmettyy;1
1328;156/2020;2020_156_12;jäljessä;1
1328;156/2020;2020_156_12;jäykkien;1
1328;156/2020;2020_156_12;jäävät;1
1328;156/2020;2020_156_12;kaapissa;1
1328;156/2020;2020_156_12;kaiken;1
1328;156/2020;2020_156_12;kaikille;1
1328;156/2020;2020_156_12;kaikki;2
1328;156/2020;2020_156_12;kakkua;2
1328;156/2020;2020_156_12;kannattavaa;1
1328;156/2020;2020_156_12;kannustaa;1
1328;156/2020;2020_156_12;kansalaisten;1
1328;156/2020;2020_156_12;kantaa;1
1328;156/2020;2020_156_12;karu;1
1328;156/2020;2020_156_12;kasvaa;1
1328;156/2020;2020_156_12;kasvattamaan;1
1328;156/2020;2020_156_12;kasvua;3
1328;156/2020;2020_156_12;katosi;1
1328;156/2020;2020_156_12;kaudella;1
1328;156/2020;2020_156_12;kautta;1
1328;156/2020;2020_156_12;keskeinen;1
1328;156/2020;2020_156_12;keskittyneet;1
1328;156/2020;2020_156_12;keskustan;1
1328;156/2020;2020_156_12;kevään;1
1328;156/2020;2020_156_12;kiihtyvällä;1
1328;156/2020;2020_156_12;kiire;1
1328;156/2020;2020_156_12;kiittää;1
1328;156/2020;2020_156_12;kirittää;1
1328;156/2020;2020_156_12;kirjoittaa;1
1328;156/2020;2020_156_12;kohtuullisen;1
1328;156/2020;2020_156_12;koko;1
1328;156/2020;2020_156_12;kolmessa;1
1328;156/2020;2020_156_12;kompassi;1
1328;156/2020;2020_156_12;koneita;1
1328;156/2020;2020_156_12;koputtaa;2
1328;156/2020;2020_156_12;korkeakoulua;1
1328;156/2020;2020_156_12;koronaa;3
1328;156/2020;2020_156_12;koronan;2
1328;156/2020;2020_156_12;koronasta;1
1328;156/2020;2020_156_12;korottaa;1
1328;156/2020;2020_156_12;korotuksen;1
1328;156/2020;2020_156_12;kotitalousvähennystä;1
1328;156/2020;2020_156_12;koulutukseen;1
1328;156/2020;2020_156_12;kova;1
1328;156/2020;2020_156_12;kovempi;1
1328;156/2020;2020_156_12;kuinka;1
1328;156/2020;2020_156_12;kuitenkin;2
1328;156/2020;2020_156_12;kukaan;1
1328;156/2020;2020_156_12;kun;2
1328;156/2020;2020_156_12;kuntavaaleja;1
1328;156/2020;2020_156_12;kuntien;1
1328;156/2020;2020_156_12;kuten;1
1328;156/2020;2020_156_12;kuukaudessa;1
1328;156/2020;2020_156_12;kuuluu;1
1328;156/2020;2020_156_12;kuvaa;1
1328;156/2020;2020_156_12;kuvaus;1
1328;156/2020;2020_156_12;kykene;2
1328;156/2020;2020_156_12;kyllä;2
1328;156/2020;2020_156_12;kyse;1
1328;156/2020;2020_156_12;käytetään;1
1328;156/2020;2020_156_12;käärityillä;1
1328;156/2020;2020_156_12;lasten;1
1328;156/2020;2020_156_12;lastenlasten;1
1328;156/2020;2020_156_12;leikkauksina;1
1328;156/2020;2020_156_12;liian;1
1328;156/2020;2020_156_12;liike;1
1328;156/2020;2020_156_12;lisätä;2
1328;156/2020;2020_156_12;loppui;1
1328;156/2020;2020_156_12;lopuksi;1
1328;156/2020;2020_156_12;lopulta;1
1328;156/2020;2020_156_12;luopuminen;1
1328;156/2020;2020_156_12;luottoa;1
1328;156/2020;2020_156_12;luurangot;1
1328;156/2020;2020_156_12;lähempänä;1
1328;156/2020;2020_156_12;lähetti;1
1328;156/2020;2020_156_12;maakuntiin;1
1328;156/2020;2020_156_12;mailta;1
1328;156/2020;2020_156_12;maksaa;1
1328;156/2020;2020_156_12;maksavat;1
1328;156/2020;2020_156_12;meidät;1
1328;156/2020;2020_156_12;meitä;1
1328;156/2020;2020_156_12;menemään;1
1328;156/2020;2020_156_12;menot;1
1328;156/2020;2020_156_12;metsään;1
1328;156/2020;2020_156_12;mielellään;1
1328;156/2020;2020_156_12;miettimään;1
1328;156/2020;2020_156_12;mihinkään;1
1328;156/2020;2020_156_12;mikkelissä;1
1328;156/2020;2020_156_12;mikäli;1
1328;156/2020;2020_156_12;miljardien;1
1328;156/2020;2020_156_12;ministerit;1
1328;156/2020;2020_156_12;mistä;1
1328;156/2020;2020_156_12;miten;2
1328;156/2020;2020_156_12;mitä;1
1328;156/2020;2020_156_12;mitään;2
1328;156/2020;2020_156_12;monet;1
1328;156/2020;2020_156_12;muistaa;1
1328;156/2020;2020_156_12;mukaan;2
1328;156/2020;2020_156_12;mukana;1
1328;156/2020;2020_156_12;mutta;5
1328;156/2020;2020_156_12;muualle;1
1328;156/2020;2020_156_12;naurua;1
1328;156/2020;2020_156_12;nelihenkisen;1
1328;156/2020;2020_156_12;nelipäiväinen;1
1328;156/2020;2020_156_12;niin;4
1328;156/2020;2020_156_12;niistä;1
1328;156/2020;2020_156_12;niitä;6
1328;156/2020;2020_156_12;nousuun;1
1328;156/2020;2020_156_12;nyt;5
1328;156/2020;2020_156_12;näihin;2
1328;156/2020;2020_156_12;näillä;1
1328;156/2020;2020_156_12;näitä;1
1328;156/2020;2020_156_12;nämä;2
1328;156/2020;2020_156_12;näyttää;2
1328;156/2020;2020_156_12;ohi;1
1328;156/2020;2020_156_12;oikeasti;1
1328;156/2020;2020_156_12;oikeudenmukainen;1
1328;156/2020;2020_156_12;ole;2
1328;156/2020;2020_156_12;olemme;1
1328;156/2020;2020_156_12;olevan;1
1328;156/2020;2020_156_12;oli;2
1328;156/2020;2020_156_12;olisi;3
1328;156/2020;2020_156_12;olla;2
1328;156/2020;2020_156_12;ollaan;1
1328;156/2020;2020_156_12;ollenkaan;1
1328;156/2020;2020_156_12;omat;1
1328;156/2020;2020_156_12;omistajalla;1
1328;156/2020;2020_156_12;on;24
1328;156/2020;2020_156_12;ongelmiin;1
1328;156/2020;2020_156_12;opposition;1
1328;156/2020;2020_156_12;osa;1
1328;156/2020;2020_156_12;otetaan;3
1328;156/2020;2020_156_12;otetuilla;1
1328;156/2020;2020_156_12;otsalampusta;1
1328;156/2020;2020_156_12;ovat;3
1328;156/2020;2020_156_12;paikallista;2
1328;156/2020;2020_156_12;paljasti;1
1328;156/2020;2020_156_12;paljon;1
1328;156/2020;2020_156_12;palkata;1
1328;156/2020;2020_156_12;palkkaamaan;1
1328;156/2020;2020_156_12;pallo;1
1328;156/2020;2020_156_12;palveluiden;1
1328;156/2020;2020_156_12;pandemia;1
1328;156/2020;2020_156_12;pannut;1
1328;156/2020;2020_156_12;panostamaan;1
1328;156/2020;2020_156_12;parantamista;1
1328;156/2020;2020_156_12;parasta;1
1328;156/2020;2020_156_12;patteri;1
1328;156/2020;2020_156_12;pelata;1
1328;156/2020;2020_156_12;pelokkaasti;1
1328;156/2020;2020_156_12;perheen;1
1328;156/2020;2020_156_12;perässä;1
1328;156/2020;2020_156_12;pian;1
1328;156/2020;2020_156_12;pidetään;1
1328;156/2020;2020_156_12;pidä;1
1328;156/2020;2020_156_12;pilata;1
1328;156/2020;2020_156_12;pimeään;1
1328;156/2020;2020_156_12;pitäisi;3
1328;156/2020;2020_156_12;pitää;9
1328;156/2020;2020_156_12;pohjoismaita;1
1328;156/2020;2020_156_12;poikki;1
1328;156/2020;2020_156_12;ponnistusten;1
1328;156/2020;2020_156_12;porissa;1
1328;156/2020;2020_156_12;porrastaa;1
1328;156/2020;2020_156_12;porukalla;1
1328;156/2020;2020_156_12;progressiivisesta;1
1328;156/2020;2020_156_12;prosenttia;1
1328;156/2020;2020_156_12;puheenjohtaja;1
1328;156/2020;2020_156_12;puheenvuoro;1
1328;156/2020;2020_156_12;puheita;1
1328;156/2020;2020_156_12;puhemies;4
1328;156/2020;2020_156_12;puhuneet;1
1328;156/2020;2020_156_12;puolesta;1
1328;156/2020;2020_156_12;puolustamme;1
1328;156/2020;2020_156_12;purkamaan;1
1328;156/2020;2020_156_12;puuttuu;1
1328;156/2020;2020_156_12;pysty;3
1328;156/2020;2020_156_12;pystynyt;1
1328;156/2020;2020_156_12;pystyttäisiin;1
1328;156/2020;2020_156_12;pysyä;1
1328;156/2020;2020_156_12;pysäyttää;1
1328;156/2020;2020_156_12;päivä;1
1328;156/2020;2020_156_12;pääomatulojen;1
1328;156/2020;2020_156_12;päätökset;1
1328;156/2020;2020_156_12;päätöksistä;1
1328;156/2020;2020_156_12;päätöksiä;2
1328;156/2020;2020_156_12;päätöstenteon;1
1328;156/2020;2020_156_12;rakenneuudistuksia;1
1328;156/2020;2020_156_12;rakentamiseksi;1
1328;156/2020;2020_156_12;rakenteiden;1
1328;156/2020;2020_156_12;rakenteissa;1
1328;156/2020;2020_156_12;rakenteita;1
1328;156/2020;2020_156_12;ratkaisuja;1
1328;156/2020;2020_156_12;rauhoittua;1
1328;156/2020;2020_156_12;rinne;1
1328;156/2020;2020_156_12;roikumme;1
1328;156/2020;2020_156_12;rokotukset;1
1328;156/2020;2020_156_12;rooliin;1
1328;156/2020;2020_156_12;saada;2
1328;156/2020;2020_156_12;saadaan;1
1328;156/2020;2020_156_12;saavutetuista;1
1328;156/2020;2020_156_12;saavutusta;1
1328;156/2020;2020_156_12;saivat;1
1328;156/2020;2020_156_12;salissa;1
1328;156/2020;2020_156_12;sanoessaan;1
1328;156/2020;2020_156_12;se;5
1328;156/2020;2020_156_12;seinäjoella;1
1328;156/2020;2020_156_12;selvää;1
1328;156/2020;2020_156_12;senttiäkään;1
1328;156/2020;2020_156_12;seuraavat;1
1328;156/2020;2020_156_12;seurauksiin;1
1328;156/2020;2020_156_12;sidotaan;1
1328;156/2020;2020_156_12;sieltä;1
1328;156/2020;2020_156_12;siirrellään;1
1328;156/2020;2020_156_12;siitä;4
1328;156/2020;2020_156_12;siksi;1
1328;156/2020;2020_156_12;siltä;2
1328;156/2020;2020_156_12;sinne;1
1328;156/2020;2020_156_12;sitten;1
1328;156/2020;2020_156_12;sitä;1
1328;156/2020;2020_156_12;someviestin;1
1328;156/2020;2020_156_12;sopimista;2
1328;156/2020;2020_156_12;sukupolvet;1
1328;156/2020;2020_156_12;sumuverhoon;1
1328;156/2020;2020_156_12;suomeen;2
1328;156/2020;2020_156_12;suomen;2
1328;156/2020;2020_156_12;suomi;1
1328;156/2020;2020_156_12;suunnan;1
1328;156/2020;2020_156_12;suunta;1
1328;156/2020;2020_156_12;synny;1
1328;156/2020;2020_156_12;syntymistä;1
1328;156/2020;2020_156_12;syntynyt;2
1328;156/2020;2020_156_12;syömävelkaa;1
1328;156/2020;2020_156_12;syövät;1
1328;156/2020;2020_156_12;sähköpostivuodoilla;1
1328;156/2020;2020_156_12;tai;1
1328;156/2020;2020_156_12;takaisin;1
1328;156/2020;2020_156_12;takia;1
1328;156/2020;2020_156_12;talman;2
1328;156/2020;2020_156_12;talouden;1
1328;156/2020;2020_156_12;talouskohtaisena;1
1328;156/2020;2020_156_12;tarve;1
1328;156/2020;2020_156_12;tarvitaan;1
1328;156/2020;2020_156_12;tarvitsisi;1
1328;156/2020;2020_156_12;teemme;1
1328;156/2020;2020_156_12;tehnyt;1
1328;156/2020;2020_156_12;tehokkaammin;1
1328;156/2020;2020_156_12;tehtaan;1
1328;156/2020;2020_156_12;tekeminen;1
1328;156/2020;2020_156_12;tekemällä;2
1328;156/2020;2020_156_12;tekemättä;1
1328;156/2020;2020_156_12;tekemään;2
1328;156/2020;2020_156_12;termi;1
1328;156/2020;2020_156_12;tietopyyntöjen;1
1328;156/2020;2020_156_12;tietävänsä;1
1328;156/2020;2020_156_12;tilanne;1
1328;156/2020;2020_156_12;tilanteessa;1
1328;156/2020;2020_156_12;tingitä;1
1328;156/2020;2020_156_12;toimimaan;1
1328;156/2020;2020_156_12;toimintakyvyn;1
1328;156/2020;2020_156_12;toimintakyvystä;1
1328;156/2020;2020_156_12;toiveena;1
1328;156/2020;2020_156_12;toivo;1
1328;156/2020;2020_156_12;toivoa;1
1328;156/2020;2020_156_12;tukee;1
1328;156/2020;2020_156_12;tulee;1
1328;156/2020;2020_156_12;tulevaisuuden;2
1328;156/2020;2020_156_12;tulevaisuudessa;1
1328;156/2020;2020_156_12;tulevaisuudesta;2
1328;156/2020;2020_156_12;tulevaisuuteen;1
1328;156/2020;2020_156_12;tulosta;1
1328;156/2020;2020_156_12;tunnu;1
1328;156/2020;2020_156_12;tuoda;1
1328;156/2020;2020_156_12;tuorein;1
1328;156/2020;2020_156_12;turhia;1
1328;156/2020;2020_156_12;turvaamme;1
1328;156/2020;2020_156_12;turvalliseen;1
1328;156/2020;2020_156_12;tuskin;1
1328;156/2020;2020_156_12;tyytyväisinä;1
1328;156/2020;2020_156_12;työ;1
1328;156/2020;2020_156_12;työllisyyden;2
1328;156/2020;2020_156_12;työllisyys;2
1328;156/2020;2020_156_12;työllisyyspäätöksillä;1
1328;156/2020;2020_156_12;työllisyyspäätöksiä;1
1328;156/2020;2020_156_12;työmarkkinajärjestöjen;1
1328;156/2020;2020_156_12;työmarkkinajärjestöt;1
1328;156/2020;2020_156_12;työmarkkinapöytään;1
1328;156/2020;2020_156_12;työn;2
1328;156/2020;2020_156_12;työntekijöiden;2
1328;156/2020;2020_156_12;työpaikkoja;1
1328;156/2020;2020_156_12;työpaikkojen;1
1328;156/2020;2020_156_12;työryhmiin;1
1328;156/2020;2020_156_12;työttömyysturva;1
1328;156/2020;2020_156_12;työttömyysturvaa;1
1328;156/2020;2020_156_12;työtä;1
1328;156/2020;2020_156_12;työviikko;1
1328;156/2020;2020_156_12;työvoimaa;1
1328;156/2020;2020_156_12;tällä;2
1328;156/2020;2020_156_12;tämä;2
1328;156/2020;2020_156_12;tämän;1
1328;156/2020;2020_156_12;tänne;1
1328;156/2020;2020_156_12;tänä;1
1328;156/2020;2020_156_12;tärkeät;1
1328;156/2020;2020_156_12;tässä;1
1328;156/2020;2020_156_12;tässäkin;1
1328;156/2020;2020_156_12;tässäkään;1
1328;156/2020;2020_156_12;tätä;1
1328;156/2020;2020_156_12;tätäkään;1
1328;156/2020;2020_156_12;täysin;1
1328;156/2020;2020_156_12;töitä;1
1328;156/2020;2020_156_12;ulos;1
1328;156/2020;2020_156_12;uskalla;1
1328;156/2020;2020_156_12;uskoa;1
1328;156/2020;2020_156_12;uudistaa;2
1328;156/2020;2020_156_12;uudistua;1
1328;156/2020;2020_156_12;uudistuksiin;1
1328;156/2020;2020_156_12;uusia;2
1328;156/2020;2020_156_12;uusien;1
1328;156/2020;2020_156_12;uusiksi;1
1328;156/2020;2020_156_12;uusiutumaan;1
1328;156/2020;2020_156_12;uutta;1
1328;156/2020;2020_156_12;vaalityön;1
1328;156/2020;2020_156_12;vaan;2
1328;156/2020;2020_156_12;vaariin;1
1328;156/2020;2020_156_12;vaatia;1
1328;156/2020;2020_156_12;vaatineet;1
1328;156/2020;2020_156_12;vahvasti;1
1328;156/2020;2020_156_12;vahvistaminen;1
1328;156/2020;2020_156_12;vaikea;1
1328;156/2020;2020_156_12;vaikka;6
1328;156/2020;2020_156_12;vaikkapa;1
1328;156/2020;2020_156_12;vain;3
1328;156/2020;2020_156_12;valitettavasti;1
1328;156/2020;2020_156_12;valtio;1
1328;156/2020;2020_156_12;valtionvelkaa;1
1328;156/2020;2020_156_12;valtiovarainministeri;1
1328;156/2020;2020_156_12;vanhaan;1
1328;156/2020;2020_156_12;vanhanen;1
1328;156/2020;2020_156_12;vanhasen;1
1328;156/2020;2020_156_12;vanhoissa;1
1328;156/2020;2020_156_12;varjossa;1
1328;156/2020;2020_156_12;varten;1
1328;156/2020;2020_156_12;vastustaminen;1
1328;156/2020;2020_156_12;vastuu;1
1328;156/2020;2020_156_12;vauhdilla;2
1328;156/2020;2020_156_12;vauvasta;1
1328;156/2020;2020_156_12;velat;1
1328;156/2020;2020_156_12;velkaa;3
1328;156/2020;2020_156_12;velkaantuneilta;1
1328;156/2020;2020_156_12;velkaantuu;1
1328;156/2020;2020_156_12;velkakierre;1
1328;156/2020;2020_156_12;velkamiljardeilla;1
1328;156/2020;2020_156_12;velkamiljardit;1
1328;156/2020;2020_156_12;velkataakka;1
1328;156/2020;2020_156_12;veroja;1
1328;156/2020;2020_156_12;veronkorotuksina;1
1328;156/2020;2020_156_12;verotuksesta;1
1328;156/2020;2020_156_12;verotus;1
1328;156/2020;2020_156_12;verotusta;1
1328;156/2020;2020_156_12;vielä;1
1328;156/2020;2020_156_12;viemään;1
1328;156/2020;2020_156_12;viides;1
1328;156/2020;2020_156_12;voi;3
1328;156/2020;2020_156_12;voida;1
1328;156/2020;2020_156_12;voidaan;1
1328;156/2020;2020_156_12;voisivat;1
1328;156/2020;2020_156_12;voitosta;1
1328;156/2020;2020_156_12;voittojen;1
1328;156/2020;2020_156_12;vuonna;2
1328;156/2020;2020_156_12;vähän;1
1328;156/2020;2020_156_12;väitti;1
1328;156/2020;2020_156_12;yhdenmukaisen;1
1328;156/2020;2020_156_12;yhdessä;1
1328;156/2020;2020_156_12;yhteisen;1
1328;156/2020;2020_156_12;yhteisten;1
1328;156/2020;2020_156_12;yhtään;1
1328;156/2020;2020_156_12;ykkösasia;1
1328;156/2020;2020_156_12;yritetään;1
1328;156/2020;2020_156_12;yrittämällä;1
1328;156/2020;2020_156_12;yrityksen;1
1328;156/2020;2020_156_12;yrityksiä;1
1328;156/2020;2020_156_12;yritysten;4
1328;156/2020;2020_156_12;yritysverotusta;1
1328;156/2020;2020_156_12;ärade;2
1328;156/2020;2020_156_12;äänestäjät;1
1328;156/2022;2022_156_107;ajatukseen;1
1328;156/2022;2022_156_107;ajatuksen;1
1328;156/2022;2022_156_107;arvoisa;1
1328;156/2022;2022_156_107;edustaa;1
1328;156/2022;2022_156_107;ei;1
1328;156/2022;2022_156_107;että;3
1328;156/2022;2022_156_107;haavisto;1
1328;156/2022;2022_156_107;ja;2
1328;156/2022;2022_156_107;kanslia;1
1328;156/2022;2022_156_107;kiitos;1
1328;156/2022;2022_156_107;kun;1
1328;156/2022;2022_156_107;kysymyksistä;1
1328;156/2022;2022_156_107;käsitellään;1
1328;156/2022;2022_156_107;lehdistä;1
1328;156/2022;2022_156_107;lukea;1
1328;156/2022;2022_156_107;miten;1
1328;156/2022;2022_156_107;nato-kysymyksistä;1
1328;156/2022;2022_156_107;nato-nyrkkiä;1
1328;156/2022;2022_156_107;naton;1
1328;156/2022;2022_156_107;natossa;1
1328;156/2022;2022_156_107;ne;1
1328;156/2022;2022_156_107;neuvonantajaa;1
1328;156/2022;2022_156_107;niin;1
1328;156/2022;2022_156_107;olemassa;1
1328;156/2022;2022_156_107;olevissa;1
1328;156/2022;2022_156_107;on;4
1328;156/2022;2022_156_107;onko;1
1328;156/2022;2022_156_107;perustamassa;1
1328;156/2022;2022_156_107;presidentin;1
1328;156/2022;2022_156_107;presidentti;1
1328;156/2022;2022_156_107;puhemies;1
1328;156/2022;2022_156_107;puuhataan;1
1328;156/2022;2022_156_107;pysty;1
1328;156/2022;2022_156_107;pääministeri;1
1328;156/2022;2022_156_107;pääministerille;1
1328;156/2022;2022_156_107;pääministerin;1
1328;156/2022;2022_156_107;päätetty;1
1328;156/2022;2022_156_107;rakenteissa;1
1328;156/2022;2022_156_107;saanut;1
1328;156/2022;2022_156_107;suhtaudutte;1
1328;156/2022;2022_156_107;suomea;1
1328;156/2022;2022_156_107;tai;1
1328;156/2022;2022_156_107;talman;1
1328;156/2022;2022_156_107;tarvittavaa;1
1328;156/2022;2022_156_107;te;1
1328;156/2022;2022_156_107;tietoa;1
1328;156/2022;2022_156_107;toimittamaan;1
1328;156/2022;2022_156_107;tp-utva;1
1328;156/2022;2022_156_107;turhana;1
1328;156/2022;2022_156_107;turvallisuuspoliittista;1
1328;156/2022;2022_156_107;tyrmännyt;1
1328;156/2022;2022_156_107;tähän;1
1328;156/2022;2022_156_107;tämmöistä;1
1328;156/2022;2022_156_107;tänään;1
1328;156/2022;2022_156_107;ulkoministeri;2
1328;156/2022;2022_156_107;vastaa;1
1328;156/2022;2022_156_107;ärade;1
1328;157/2020;2020_157_63;aiheuttamat;1
1328;157/2020;2020_157_63;aikoo;1
1328;157/2020;2020_157_63;ajan;1
1328;157/2020;2020_157_63;ajasta;1
1328;157/2020;2020_157_63;arvoisa;1
1328;157/2020;2020_157_63;asemansa;1
1328;157/2020;2020_157_63;asiakkaiden;1
1328;157/2020;2020_157_63;epävarmuus;1
1328;157/2020;2020_157_63;erityisjärjestelyt;1
1328;157/2020;2020_157_63;esimerkiksi;1
1328;157/2020;2020_157_63;että;2
1328;157/2020;2020_157_63;euroopassa;1
1328;157/2020;2020_157_63;fyysistä;1
1328;157/2020;2020_157_63;hallitus;1
1328;157/2020;2020_157_63;heidän;1
1328;157/2020;2020_157_63;henkistä;1
1328;157/2020;2020_157_63;hoidossa;2
1328;157/2020;2020_157_63;hoitajat;2
1328;157/2020;2020_157_63;hoitajia;1
1328;157/2020;2020_157_63;hoitohenkilöstölle;1
1328;157/2020;2020_157_63;huoli;1
1328;157/2020;2020_157_63;ja;8
1328;157/2020;2020_157_63;jaksamista;1
1328;157/2020;2020_157_63;joka;1
1328;157/2020;2020_157_63;joutuneet;1
1328;157/2020;2020_157_63;kertovat;1
1328;157/2020;2020_157_63;koettelee;1
1328;157/2020;2020_157_63;koettelevat;1
1328;157/2020;2020_157_63;koko;1
1328;157/2020;2020_157_63;koputtaa;1
1328;157/2020;2020_157_63;koronakriisin;3
1328;157/2020;2020_157_63;koronapandemia;1
1328;157/2020;2020_157_63;korvata;1
1328;157/2020;2020_157_63;korvauksen;1
1328;157/2020;2020_157_63;kuormittanut;1
1328;157/2020;2020_157_63;kuormitukset;1
1328;157/2020;2020_157_63;kuormitus;1
1328;157/2020;2020_157_63;lisäksi;2
1328;157/2020;2020_157_63;läheistensä;1
1328;157/2020;2020_157_63;läsnä;1
1328;157/2020;2020_157_63;merkittävästi;1
1328;157/2020;2020_157_63;miten;1
1328;157/2020;2020_157_63;mittavat;1
1328;157/2020;2020_157_63;muualla;1
1328;157/2020;2020_157_63;myös;1
1328;157/2020;2020_157_63;oman;1
1328;157/2020;2020_157_63;on;5
1328;157/2020;2020_157_63;ovat;3
1328;157/2020;2020_157_63;perheensä;1
1328;157/2020;2020_157_63;pitäminen;1
1328;157/2020;2020_157_63;pohjoismaissa;1
1328;157/2020;2020_157_63;poikkeuksellisen;1
1328;157/2020;2020_157_63;puhemies;2
1328;157/2020;2020_157_63;päivä;1
1328;157/2020;2020_157_63;rahallisen;1
1328;157/2020;2020_157_63;rahallisesti;1
1328;157/2020;2020_157_63;raskaasta;1
1328;157/2020;2020_157_63;raskasta;1
1328;157/2020;2020_157_63;riskeeraamaan;1
1328;157/2020;2020_157_63;saaneet;1
1328;157/2020;2020_157_63;se;1
1328;157/2020;2020_157_63;sekä;1
1328;157/2020;2020_157_63;sosiaali;1
1328;157/2020;2020_157_63;suojavarusteiden;1
1328;157/2020;2020_157_63;suomen;1
1328;157/2020;2020_157_63;talman;1
1328;157/2020;2020_157_63;tehdessään;1
1328;157/2020;2020_157_63;terveyden;1
1328;157/2020;2020_157_63;terveydenhuoltohenkilökuntaa;1
1328;157/2020;2020_157_63;terveytensä;1
1328;157/2020;2020_157_63;tilanteessa;1
1328;157/2020;2020_157_63;toimia;1
1328;157/2020;2020_157_63;tunnistettu;1
1328;157/2020;2020_157_63;työntekijät;1
1328;157/2020;2020_157_63;työtään;1
1328;157/2020;2020_157_63;työvuoron;1
1328;157/2020;2020_157_63;tässä;1
1328;157/2020;2020_157_63;vaikuttanut;1
1328;157/2020;2020_157_63;vapaa-aikaan;1
1328;157/2020;2020_157_63;vierailukiellot;1
1328;157/2020;2020_157_63;välttämätöntä;1
1328;157/2020;2020_157_63;ärade;1
1328;16/2023;2023_16_19;aika;1
1328;16/2023;2023_16_19;aikaa;2
1328;16/2023;2023_16_19;aikaan;3
1328;16/2023;2023_16_19;aikana;1
1328;16/2023;2023_16_19;aina;2
1328;16/2023;2023_16_19;aito;1
1328;16/2023;2023_16_19;aitoja;1
1328;16/2023;2023_16_19;aivan;1
1328;16/2023;2023_16_19;ajassa;1
1328;16/2023;2023_16_19;ajetaan;1
1328;16/2023;2023_16_19;ajoista;1
1328;16/2023;2023_16_19;alkaa;1
1328;16/2023;2023_16_19;alkusoittoa;1
1328;16/2023;2023_16_19;aloituksen;1
1328;16/2023;2023_16_19;ansioturvassa;2
1328;16/2023;2023_16_19;antaa;2
1328;16/2023;2023_16_19;arvoisa;6
1328;16/2023;2023_16_19;asema;1
1328;16/2023;2023_16_19;asenteiden;1
1328;16/2023;2023_16_19;asioiden;1
1328;16/2023;2023_16_19;asioistaan;1
1328;16/2023;2023_16_19;asioistamme;1
1328;16/2023;2023_16_19;asioita;1
1328;16/2023;2023_16_19;asti;1
1328;16/2023;2023_16_19;asumistukea;1
1328;16/2023;2023_16_19;asumistukeensa;1
1328;16/2023;2023_16_19;avaaja;1
1328;16/2023;2023_16_19;byrokratiaa;1
1328;16/2023;2023_16_19;digitalisaatioon;1
1328;16/2023;2023_16_19;edustaakin;1
1328;16/2023;2023_16_19;ei;16
1328;16/2023;2023_16_19;eikä;6
1328;16/2023;2023_16_19;eivät;1
1328;16/2023;2023_16_19;eli;2
1328;16/2023;2023_16_19;elämme;1
1328;16/2023;2023_16_19;emme;1
1328;16/2023;2023_16_19;enemmän;2
1328;16/2023;2023_16_19;ennenkin;1
1328;16/2023;2023_16_19;ennätysmäärä;1
1328;16/2023;2023_16_19;ensimmäinen;1
1328;16/2023;2023_16_19;entäs;1
1328;16/2023;2023_16_19;epäonnistuneesta;1
1328;16/2023;2023_16_19;epävarmassa;1
1328;16/2023;2023_16_19;eri;1
1328;16/2023;2023_16_19;erilaisia;1
1328;16/2023;2023_16_19;erilaisissa;1
1328;16/2023;2023_16_19;erinomaisesti;1
1328;16/2023;2023_16_19;esimerkiksi;1
1328;16/2023;2023_16_19;esimerkkejä;1
1328;16/2023;2023_16_19;esteitä;1
1328;16/2023;2023_16_19;eteen;1
1328;16/2023;2023_16_19;etelä-suomi;1
1328;16/2023;2023_16_19;ettei;2
1328;16/2023;2023_16_19;että;7
1328;16/2023;2023_16_19;euroa;1
1328;16/2023;2023_16_19;euron;1
1328;16/2023;2023_16_19;euroon;1
1328;16/2023;2023_16_19;hallitukselle;1
1328;16/2023;2023_16_19;hallituksen;7
1328;16/2023;2023_16_19;hallitus;4
1328;16/2023;2023_16_19;hallituskauden;1
1328;16/2023;2023_16_19;hallitusohjelma;3
1328;16/2023;2023_16_19;hallitusohjelman;1
1328;16/2023;2023_16_19;hallitusohjelmassa;1
1328;16/2023;2023_16_19;hallituspuolueiden;1
1328;16/2023;2023_16_19;hallitusvastuussa;1
1328;16/2023;2023_16_19;haluavat;1
1328;16/2023;2023_16_19;halutaan;2
1328;16/2023;2023_16_19;hankkimista;1
1328;16/2023;2023_16_19;harkitut;1
1328;16/2023;2023_16_19;he;4
1328;16/2023;2023_16_19;heihin;1
1328;16/2023;2023_16_19;heikkenee;1
1328;16/2023;2023_16_19;heikkenevät;1
1328;16/2023;2023_16_19;heikoin;1
1328;16/2023;2023_16_19;heille;2
1328;16/2023;2023_16_19;heitteillä;1
1328;16/2023;2023_16_19;heitä;2
1328;16/2023;2023_16_19;hellalle;1
1328;16/2023;2023_16_19;helposti;1
1328;16/2023;2023_16_19;hetkessä;1
1328;16/2023;2023_16_19;hidastuu;1
1328;16/2023;2023_16_19;hoitojonoissa;1
1328;16/2023;2023_16_19;holhota;1
1328;16/2023;2023_16_19;huolehtia;1
1328;16/2023;2023_16_19;huolestuttaa;1
1328;16/2023;2023_16_19;huomata;2
1328;16/2023;2023_16_19;huonosta;1
1328;16/2023;2023_16_19;hyvä;3
1328;16/2023;2023_16_19;hyvää;1
1328;16/2023;2023_16_19;hänen;1
1328;16/2023;2023_16_19;hääparin;1
1328;16/2023;2023_16_19;ihmettelen;1
1328;16/2023;2023_16_19;ilman;2
1328;16/2023;2023_16_19;instituutiota;1
1328;16/2023;2023_16_19;investoinneista;1
1328;16/2023;2023_16_19;investoinnit;1
1328;16/2023;2023_16_19;investointeihin;1
1328;16/2023;2023_16_19;investointien;1
1328;16/2023;2023_16_19;irtaannu;1
1328;16/2023;2023_16_19;istua;1
1328;16/2023;2023_16_19;it-hankkeisiin;1
1328;16/2023;2023_16_19;itse;2
1328;16/2023;2023_16_19;itsenäisyydestä;1
1328;16/2023;2023_16_19;ja;49
1328;16/2023;2023_16_19;jakautumassa;1
1328;16/2023;2023_16_19;jaksoitte;1
1328;16/2023;2023_16_19;jarrua;1
1328;16/2023;2023_16_19;jatkuu;1
1328;16/2023;2023_16_19;jo;1
1328;16/2023;2023_16_19;johtamisesta;1
1328;16/2023;2023_16_19;johtanut;1
1328;16/2023;2023_16_19;johtavat;1
1328;16/2023;2023_16_19;joilla;1
1328;16/2023;2023_16_19;joilta;2
1328;16/2023;2023_16_19;joita;1
1328;16/2023;2023_16_19;joitakin;1
1328;16/2023;2023_16_19;jolla;2
1328;16/2023;2023_16_19;jonoa;1
1328;16/2023;2023_16_19;jonoksi;1
1328;16/2023;2023_16_19;jos;3
1328;16/2023;2023_16_19;jossa;1
1328;16/2023;2023_16_19;josta;1
1328;16/2023;2023_16_19;jotka;3
1328;16/2023;2023_16_19;julkinen;2
1328;16/2023;2023_16_19;julkista;2
1328;16/2023;2023_16_19;junaan;1
1328;16/2023;2023_16_19;juuri;2
1328;16/2023;2023_16_19;jälkeen;1
1328;16/2023;2023_16_19;järjestelmää;1
1328;16/2023;2023_16_19;jättää;1
1328;16/2023;2023_16_19;jäävät;1
1328;16/2023;2023_16_19;kaasua;1
1328;16/2023;2023_16_19;kaiken;1
1328;16/2023;2023_16_19;kaikki;1
1328;16/2023;2023_16_19;kaikkiaan;1
1328;16/2023;2023_16_19;kampaaja;1
1328;16/2023;2023_16_19;kannalta;1
1328;16/2023;2023_16_19;kannustaa;1
1328;16/2023;2023_16_19;kannustimia;1
1328;16/2023;2023_16_19;kansalaisten;1
1328;16/2023;2023_16_19;kasvaa;3
1328;16/2023;2023_16_19;kasvanut;1
1328;16/2023;2023_16_19;kasvu;1
1328;16/2023;2023_16_19;kasvuhakuisten;1
1328;16/2023;2023_16_19;kasvusta;1
1328;16/2023;2023_16_19;kasvuun;2
1328;16/2023;2023_16_19;kaudet;1
1328;16/2023;2023_16_19;kautta;1
1328;16/2023;2023_16_19;kehitykseen;1
1328;16/2023;2023_16_19;keinoja;1
1328;16/2023;2023_16_19;keinot;1
1328;16/2023;2023_16_19;keräätte;1
1328;16/2023;2023_16_19;keskeinen;1
1328;16/2023;2023_16_19;keskeltä;2
1328;16/2023;2023_16_19;keskittyvät;1
1328;16/2023;2023_16_19;keskustan;1
1328;16/2023;2023_16_19;keskustelua;1
1328;16/2023;2023_16_19;keskustelun;1
1328;16/2023;2023_16_19;kestävä;1
1328;16/2023;2023_16_19;kestävän;1
1328;16/2023;2023_16_19;kesälomien;1
1328;16/2023;2023_16_19;ketään;1
1328;16/2023;2023_16_19;kiehahtamassa;1
1328;16/2023;2023_16_19;kiemuroita;1
1328;16/2023;2023_16_19;kiitoksen;1
1328;16/2023;2023_16_19;kiitos;2
1328;16/2023;2023_16_19;kilpailu;1
1328;16/2023;2023_16_19;kilpailukyky;1
1328;16/2023;2023_16_19;kilpailukykyä;1
1328;16/2023;2023_16_19;kiristyy;1
1328;16/2023;2023_16_19;kituuttavat;1
1328;16/2023;2023_16_19;kohdassa;1
1328;16/2023;2023_16_19;kohdistettua;1
1328;16/2023;2023_16_19;kohdistuvat;1
1328;16/2023;2023_16_19;kohti;1
1328;16/2023;2023_16_19;kokemusta;1
1328;16/2023;2023_16_19;kokkien;1
1328;16/2023;2023_16_19;koko;1
1328;16/2023;2023_16_19;kokonaan;3
1328;16/2023;2023_16_19;kokonaisuutta;2
1328;16/2023;2023_16_19;kolinaa;1
1328;16/2023;2023_16_19;kompromisseja;1
1328;16/2023;2023_16_19;korjaussarja;1
1328;16/2023;2023_16_19;korot;1
1328;16/2023;2023_16_19;kuherruskuukausi;1
1328;16/2023;2023_16_19;kuin;5
1328;16/2023;2023_16_19;kuinka;3
1328;16/2023;2023_16_19;kukaan;2
1328;16/2023;2023_16_19;kuluttavat;2
1328;16/2023;2023_16_19;kulutus;1
1328;16/2023;2023_16_19;kun;6
1328;16/2023;2023_16_19;kunnossa;1
1328;16/2023;2023_16_19;kuntoon;1
1328;16/2023;2023_16_19;kuten;2
1328;16/2023;2023_16_19;kuuden;1
1328;16/2023;2023_16_19;kuulen;1
1328;16/2023;2023_16_19;kuuluu;2
1328;16/2023;2023_16_19;kyllä;3
1328;16/2023;2023_16_19;kyse;2
1328;16/2023;2023_16_19;kysymys;2
1328;16/2023;2023_16_19;käpertyy;1
1328;16/2023;2023_16_19;käsissämme;1
1328;16/2023;2023_16_19;käännellään;1
1328;16/2023;2023_16_19;kääntää;1
1328;16/2023;2023_16_19;laatiman;1
1328;16/2023;2023_16_19;lahjalistan;1
1328;16/2023;2023_16_19;lama;1
1328;16/2023;2023_16_19;lastemme;1
1328;16/2023;2023_16_19;lastenlastemme;1
1328;16/2023;2023_16_19;leikata;1
1328;16/2023;2023_16_19;leikkaatte;1
1328;16/2023;2023_16_19;liike;1
1328;16/2023;2023_16_19;liittyy;1
1328;16/2023;2023_16_19;linjauksiin;1
1328;16/2023;2023_16_19;lisää;4
1328;16/2023;2023_16_19;lisäämiseksi;1
1328;16/2023;2023_16_19;lopulta;1
1328;16/2023;2023_16_19;luomaan;1
1328;16/2023;2023_16_19;luomalla;1
1328;16/2023;2023_16_19;luottamus;1
1328;16/2023;2023_16_19;luotu;1
1328;16/2023;2023_16_19;lupaa;1
1328;16/2023;2023_16_19;lähes;1
1328;16/2023;2023_16_19;läpi;1
1328;16/2023;2023_16_19;löydy;2
1328;16/2023;2023_16_19;löysiä;1
1328;16/2023;2023_16_19;maahan;1
1328;16/2023;2023_16_19;maahanmuutosta;2
1328;16/2023;2023_16_19;maahanmuuttoa;1
1328;16/2023;2023_16_19;maailma;1
1328;16/2023;2023_16_19;maailmalla;1
1328;16/2023;2023_16_19;maamme;1
1328;16/2023;2023_16_19;maan;1
1328;16/2023;2023_16_19;mahdollisimman;1
1328;16/2023;2023_16_19;mahdollisuus;2
1328;16/2023;2023_16_19;mallia;1
1328;16/2023;2023_16_19;meidän;3
1328;16/2023;2023_16_19;meihin;1
1328;16/2023;2023_16_19;meille;1
1328;16/2023;2023_16_19;meillä;4
1328;16/2023;2023_16_19;menestystä;1
1328;16/2023;2023_16_19;menestyviä;1
1328;16/2023;2023_16_19;mennessä;1
1328;16/2023;2023_16_19;mieleen;1
1328;16/2023;2023_16_19;mielestäni;1
1328;16/2023;2023_16_19;mielipiteillään;1
1328;16/2023;2023_16_19;miettinyt;2
1328;16/2023;2023_16_19;mikko;1
1328;16/2023;2023_16_19;miksei;1
1328;16/2023;2023_16_19;mikä;1
1328;16/2023;2023_16_19;miljardia;1
1328;16/2023;2023_16_19;miljardiin;1
1328;16/2023;2023_16_19;miljardin;1
1328;16/2023;2023_16_19;miltä;1
1328;16/2023;2023_16_19;minua;1
1328;16/2023;2023_16_19;minulla;1
1328;16/2023;2023_16_19;mitataan;1
1328;16/2023;2023_16_19;miten;1
1328;16/2023;2023_16_19;mitenkään;1
1328;16/2023;2023_16_19;mittaa;1
1328;16/2023;2023_16_19;mitä;1
1328;16/2023;2023_16_19;mitään;1
1328;16/2023;2023_16_19;monta;1
1328;16/2023;2023_16_19;mukaan;2
1328;16/2023;2023_16_19;mukana;1
1328;16/2023;2023_16_19;mutta;3
1328;16/2023;2023_16_19;muusta;1
1328;16/2023;2023_16_19;muutettu;1
1328;16/2023;2023_16_19;muutoksissa;1
1328;16/2023;2023_16_19;myymällä;1
1328;16/2023;2023_16_19;myös;6
1328;16/2023;2023_16_19;naurua;2
1328;16/2023;2023_16_19;ne;1
1328;16/2023;2023_16_19;neuvotella;1
1328;16/2023;2023_16_19;niiden;1
1328;16/2023;2023_16_19;niin;3
1328;16/2023;2023_16_19;niinistö;1
1328;16/2023;2023_16_19;niinistön;1
1328;16/2023;2023_16_19;niissä;1
1328;16/2023;2023_16_19;niitä;1
1328;16/2023;2023_16_19;niitähän;1
1328;16/2023;2023_16_19;nojaa;1
1328;16/2023;2023_16_19;nopeasti;1
1328;16/2023;2023_16_19;nuorilla;1
1328;16/2023;2023_16_19;nuorten;4
1328;16/2023;2023_16_19;nykyinen;1
1328;16/2023;2023_16_19;nykyisellä;1
1328;16/2023;2023_16_19;nykyisen;1
1328;16/2023;2023_16_19;nyt;11
1328;16/2023;2023_16_19;nytille;1
1328;16/2023;2023_16_19;näiden;1
1328;16/2023;2023_16_19;näitä;2
1328;16/2023;2023_16_19;näivettyy;1
1328;16/2023;2023_16_19;näyttää;2
1328;16/2023;2023_16_19;odottaa;1
1328;16/2023;2023_16_19;ohi;1
1328;16/2023;2023_16_19;ohjelma;1
1328;16/2023;2023_16_19;ohjelman;3
1328;16/2023;2023_16_19;ohjelmassa;2
1328;16/2023;2023_16_19;ohjelmassaan;1
1328;16/2023;2023_16_19;ohjelmassanne;1
1328;16/2023;2023_16_19;ohjelmasta;1
1328;16/2023;2023_16_19;oikea;1
1328;16/2023;2023_16_19;oikeasti;2
1328;16/2023;2023_16_19;oikeistohallitus;1
1328;16/2023;2023_16_19;ole;11
1328;16/2023;2023_16_19;olisi;3
1328;16/2023;2023_16_19;olla;3
1328;16/2023;2023_16_19;olleet;1
1328;16/2023;2023_16_19;ollut;1
1328;16/2023;2023_16_19;omaan;1
1328;16/2023;2023_16_19;omalääkärijärjestelmä;1
1328;16/2023;2023_16_19;omilla;1
1328;16/2023;2023_16_19;omissa;1
1328;16/2023;2023_16_19;omista;2
1328;16/2023;2023_16_19;omistuksessa;1
1328;16/2023;2023_16_19;on;31
1328;16/2023;2023_16_19;ongelma;1
1328;16/2023;2023_16_19;opiskelemaan;1
1328;16/2023;2023_16_19;opiskelijoiden;1
1328;16/2023;2023_16_19;orpolle;1
1328;16/2023;2023_16_19;orpon;1
1328;16/2023;2023_16_19;osaajaa;1
1328;16/2023;2023_16_19;osaajien;1
1328;16/2023;2023_16_19;osoittaneet;1
1328;16/2023;2023_16_19;ostovoima;1
1328;16/2023;2023_16_19;osuuksia;1
1328;16/2023;2023_16_19;otettava;1
1328;16/2023;2023_16_19;ovat;8
1328;16/2023;2023_16_19;paikka;1
1328;16/2023;2023_16_19;painaa;2
1328;16/2023;2023_16_19;paljasti;1
1328;16/2023;2023_16_19;paljon;5
1328;16/2023;2023_16_19;palkkaamaan;1
1328;16/2023;2023_16_19;palvelu;1
1328;16/2023;2023_16_19;palveluitaan;1
1328;16/2023;2023_16_19;palvelujen;1
1328;16/2023;2023_16_19;palvelut;1
1328;16/2023;2023_16_19;panemaan;1
1328;16/2023;2023_16_19;paranisi;1
1328;16/2023;2023_16_19;paremmassa;1
1328;16/2023;2023_16_19;paremmat;1
1328;16/2023;2023_16_19;pehmentelee;1
1328;16/2023;2023_16_19;pelkästään;1
1328;16/2023;2023_16_19;perheiden;1
1328;16/2023;2023_16_19;perustaa;1
1328;16/2023;2023_16_19;pienenee;1
1328;16/2023;2023_16_19;pitäisi;2
1328;16/2023;2023_16_19;pitänyt;1
1328;16/2023;2023_16_19;pitää;6
1328;16/2023;2023_16_19;pohjois-suomeen;1
1328;16/2023;2023_16_19;pohjoismaista;1
1328;16/2023;2023_16_19;presidentin;2
1328;16/2023;2023_16_19;presidentti;1
1328;16/2023;2023_16_19;puheenjohtajat;1
1328;16/2023;2023_16_19;puhemies;6
1328;16/2023;2023_16_19;puhutaan;2
1328;16/2023;2023_16_19;pulma;1
1328;16/2023;2023_16_19;puolella;1
1328;16/2023;2023_16_19;puolueet;1
1328;16/2023;2023_16_19;puolueiden;1
1328;16/2023;2023_16_19;puuttua;1
1328;16/2023;2023_16_19;puuttuvat;2
1328;16/2023;2023_16_19;puututaan;1
1328;16/2023;2023_16_19;pysty;1
1328;16/2023;2023_16_19;pystyy;1
1328;16/2023;2023_16_19;pystyä;2
1328;16/2023;2023_16_19;pärjäävät;1
1328;16/2023;2023_16_19;päälle;2
1328;16/2023;2023_16_19;pääministeri;2
1328;16/2023;2023_16_19;pääministerin;2
1328;16/2023;2023_16_19;pääsevät;1
1328;16/2023;2023_16_19;päättämään;1
1328;16/2023;2023_16_19;päättää;1
1328;16/2023;2023_16_19;päätöksentekoon;1
1328;16/2023;2023_16_19;päätökset;1
1328;16/2023;2023_16_19;päätöksiä;1
1328;16/2023;2023_16_19;pöydissä;2
1328;16/2023;2023_16_19;rahaa;1
1328;16/2023;2023_16_19;rajalla;1
1328;16/2023;2023_16_19;rajoittaa;1
1328;16/2023;2023_16_19;rakentaminen;1
1328;16/2023;2023_16_19;rakentavaa;1
1328;16/2023;2023_16_19;rannikkoseudulle;1
1328;16/2023;2023_16_19;ratkaisu;1
1328;16/2023;2023_16_19;ratkaisujanne;1
1328;16/2023;2023_16_19;riittämään;1
1328;16/2023;2023_16_19;riittävästi;1
1328;16/2023;2023_16_19;riitä;1
1328;16/2023;2023_16_19;ruotsin;1
1328;16/2023;2023_16_19;ruotsin-malliin;1
1328;16/2023;2023_16_19;ruotsissa;2
1328;16/2023;2023_16_19;saa;1
1328;16/2023;2023_16_19;saada;2
1328;16/2023;2023_16_19;saadaan;1
1328;16/2023;2023_16_19;saamme;1
1328;16/2023;2023_16_19;saanut;1
1328;16/2023;2023_16_19;saatu;1
1328;16/2023;2023_16_19;saksan;1
1328;16/2023;2023_16_19;salaisuuden;1
1328;16/2023;2023_16_19;samaan;1
1328;16/2023;2023_16_19;satojen;1
1328;16/2023;2023_16_19;sauli;1
1328;16/2023;2023_16_19;savola;1
1328;16/2023;2023_16_19;se;7
1328;16/2023;2023_16_19;sekaisin;1
1328;16/2023;2023_16_19;sekä;1
1328;16/2023;2023_16_19;selittelee;1
1328;16/2023;2023_16_19;selkeämmin;1
1328;16/2023;2023_16_19;selvinnyt;1
1328;16/2023;2023_16_19;selvitellä;1
1328;16/2023;2023_16_19;selvitellään;6
1328;16/2023;2023_16_19;selvittelyyn;1
1328;16/2023;2023_16_19;selvittää;1
1328;16/2023;2023_16_19;selviämme;1
1328;16/2023;2023_16_19;sen;5
1328;16/2023;2023_16_19;seuraan;1
1328;16/2023;2023_16_19;seuraavissa;1
1328;16/2023;2023_16_19;siellä;1
1328;16/2023;2023_16_19;siihen;2
1328;16/2023;2023_16_19;siiloissa;1
1328;16/2023;2023_16_19;siirtymän;1
1328;16/2023;2023_16_19;siis;1
1328;16/2023;2023_16_19;sijoittaa;1
1328;16/2023;2023_16_19;siksi;1
1328;16/2023;2023_16_19;sille;1
1328;16/2023;2023_16_19;silmällä;1
1328;16/2023;2023_16_19;siltarummun;1
1328;16/2023;2023_16_19;sisäinen;1
1328;16/2023;2023_16_19;sisäänpäin;1
1328;16/2023;2023_16_19;sitten;1
1328;16/2023;2023_16_19;sitä;1
1328;16/2023;2023_16_19;sivuisessa;1
1328;16/2023;2023_16_19;sopeuttaa;1
1328;16/2023;2023_16_19;soppa;1
1328;16/2023;2023_16_19;sosiaali;2
1328;16/2023;2023_16_19;sosiaalidemokraatit;2
1328;16/2023;2023_16_19;sote;2
1328;16/2023;2023_16_19;sote-uudistuksesta;1
1328;16/2023;2023_16_19;soten;2
1328;16/2023;2023_16_19;suomalaiset;1
1328;16/2023;2023_16_19;suomalaisten;3
1328;16/2023;2023_16_19;suomen;5
1328;16/2023;2023_16_19;suomesta;1
1328;16/2023;2023_16_19;suomi;5
1328;16/2023;2023_16_19;suoraan;1
1328;16/2023;2023_16_19;suurin;1
1328;16/2023;2023_16_19;suuryrityksiä;1
1328;16/2023;2023_16_19;syntynyt;1
1328;16/2023;2023_16_19;syntyvyyden;1
1328;16/2023;2023_16_19;syntyy;2
1328;16/2023;2023_16_19;syyttelevät;1
1328;16/2023;2023_16_19;syödä;1
1328;16/2023;2023_16_19;säästää;1
1328;16/2023;2023_16_19;säästöjä;1
1328;16/2023;2023_16_19;säästöt;1
1328;16/2023;2023_16_19;säätytalolla;1
1328;16/2023;2023_16_19;säätytalon;1
1328;16/2023;2023_16_19;tai;3
1328;16/2023;2023_16_19;taitoa;1
1328;16/2023;2023_16_19;talman;6
1328;16/2023;2023_16_19;taloudellisesta;1
1328;16/2023;2023_16_19;taloudellista;1
1328;16/2023;2023_16_19;talous;2
1328;16/2023;2023_16_19;taloutemme;1
1328;16/2023;2023_16_19;taloutta;2
1328;16/2023;2023_16_19;tarkalla;2
1328;16/2023;2023_16_19;tarkoittaa;1
1328;16/2023;2023_16_19;tarpeisiin;1
1328;16/2023;2023_16_19;tarpeitamme;1
1328;16/2023;2023_16_19;tarvitaan;2
1328;16/2023;2023_16_19;tarvitse;2
1328;16/2023;2023_16_19;tarvitsee;2
1328;16/2023;2023_16_19;tasavallan;2
1328;16/2023;2023_16_19;tavoite;2
1328;16/2023;2023_16_19;tavoitetta;1
1328;16/2023;2023_16_19;tavoitteet;2
1328;16/2023;2023_16_19;tavoitteita;3
1328;16/2023;2023_16_19;tehdään;1
1328;16/2023;2023_16_19;tehneet;2
1328;16/2023;2023_16_19;tehtävä;2
1328;16/2023;2023_16_19;teitä;1
1328;16/2023;2023_16_19;tekemättä;1
1328;16/2023;2023_16_19;tekevät;1
1328;16/2023;2023_16_19;tekoihin;1
1328;16/2023;2023_16_19;teolliset;1
1328;16/2023;2023_16_19;terve;1
1328;16/2023;2023_16_19;tervetulleita;1
1328;16/2023;2023_16_19;tiettyjen;1
1328;16/2023;2023_16_19;tilaa;1
1328;16/2023;2023_16_19;tilanne;1
1328;16/2023;2023_16_19;tippaakaan;1
1328;16/2023;2023_16_19;todellinen;1
1328;16/2023;2023_16_19;toimeen;2
1328;16/2023;2023_16_19;toimeenpanon;1
1328;16/2023;2023_16_19;toimeentuloonsa;1
1328;16/2023;2023_16_19;toimintakykyä;2
1328;16/2023;2023_16_19;toimivuuteen;1
1328;16/2023;2023_16_19;toisaalta;1
1328;16/2023;2023_16_19;toisiaan;1
1328;16/2023;2023_16_19;toiveiden;1
1328;16/2023;2023_16_19;toivotan;1
1328;16/2023;2023_16_19;tuhoaa;1
1328;16/2023;2023_16_19;tukea;1
1328;16/2023;2023_16_19;tukitoimia;1
1328;16/2023;2023_16_19;tule;2
1328;16/2023;2023_16_19;tulee;1
1328;16/2023;2023_16_19;tulevaan;1
1328;16/2023;2023_16_19;tulevaisuus;1
1328;16/2023;2023_16_19;tulevien;1
1328;16/2023;2023_16_19;tulijoita;1
1328;16/2023;2023_16_19;tulot;1
1328;16/2023;2023_16_19;tunnin;1
1328;16/2023;2023_16_19;tuo;1
1328;16/2023;2023_16_19;tuomat;1
1328;16/2023;2023_16_19;tuore;1
1328;16/2023;2023_16_19;tuotot;1
1328;16/2023;2023_16_19;tuottaa;1
1328;16/2023;2023_16_19;tuottavat;1
1328;16/2023;2023_16_19;tuottavista;1
1328;16/2023;2023_16_19;tuotteitaan;1
1328;16/2023;2023_16_19;turun;1
1328;16/2023;2023_16_19;turvaamiseen;1
1328;16/2023;2023_16_19;turvallisuus;1
1328;16/2023;2023_16_19;turvallisuuspolitiikkaa;1
1328;16/2023;2023_16_19;tuulivoimaa;1
1328;16/2023;2023_16_19;tynnyri;1
1328;16/2023;2023_16_19;tyyninä;1
1328;16/2023;2023_16_19;työikäiset;1
1328;16/2023;2023_16_19;työllistävät;1
1328;16/2023;2023_16_19;työmarkkinoiden;1
1328;16/2023;2023_16_19;työmarkkinoilla;1
1328;16/2023;2023_16_19;työmarkkinoita;1
1328;16/2023;2023_16_19;työntekijää;1
1328;16/2023;2023_16_19;työpaikkoja;1
1328;16/2023;2023_16_19;työperäisestä;2
1328;16/2023;2023_16_19;työperäistä;1
1328;16/2023;2023_16_19;työryhmiä;1
1328;16/2023;2023_16_19;työvoima;1
1328;16/2023;2023_16_19;tähtäin;1
1328;16/2023;2023_16_19;tähtäämme;1
1328;16/2023;2023_16_19;tähän;1
1328;16/2023;2023_16_19;tällaisia;2
1328;16/2023;2023_16_19;tällaisiin;1
1328;16/2023;2023_16_19;tämä;3
1328;16/2023;2023_16_19;tämähän;1
1328;16/2023;2023_16_19;tämäkin;1
1328;16/2023;2023_16_19;tämän;3
1328;16/2023;2023_16_19;tänne;3
1328;16/2023;2023_16_19;tärkeää;2
1328;16/2023;2023_16_19;tässä;2
1328;16/2023;2023_16_19;täällä;1
1328;16/2023;2023_16_19;töihin;1
1328;16/2023;2023_16_19;töitä;1
1328;16/2023;2023_16_19;ulko;1
1328;16/2023;2023_16_19;ulkoinen;1
1328;16/2023;2023_16_19;usein;1
1328;16/2023;2023_16_19;usko;1
1328;16/2023;2023_16_19;uskottavuutta;1
1328;16/2023;2023_16_19;uudelle;1
1328;16/2023;2023_16_19;uudistuksia;1
1328;16/2023;2023_16_19;uusi;4
1328;16/2023;2023_16_19;uusia;1
1328;16/2023;2023_16_19;vaaleissa;1
1328;16/2023;2023_16_19;vaan;1
1328;16/2023;2023_16_19;vaarallisesti;1
1328;16/2023;2023_16_19;vahvistaa;1
1328;16/2023;2023_16_19;vaikeammaksi;1
1328;16/2023;2023_16_19;vaikeista;1
1328;16/2023;2023_16_19;vaikka;1
1328;16/2023;2023_16_19;vaikuttaa;2
1328;16/2023;2023_16_19;vain;4
1328;16/2023;2023_16_19;valoisalla;1
1328;16/2023;2023_16_19;valppaina;1
1328;16/2023;2023_16_19;valtaoikeuksiin;1
1328;16/2023;2023_16_19;valtion;1
1328;16/2023;2023_16_19;valtionyhtiöistä;1
1328;16/2023;2023_16_19;vanhat;1
1328;16/2023;2023_16_19;vanhojen;1
1328;16/2023;2023_16_19;vanhukset;1
1328;16/2023;2023_16_19;vanhustenhoitoon;1
1328;16/2023;2023_16_19;vapaus;1
1328;16/2023;2023_16_19;varsinaiset;1
1328;16/2023;2023_16_19;vasta;4
1328;16/2023;2023_16_19;vastaa;1
1328;16/2023;2023_16_19;vastakkainasettelulle;1
1328;16/2023;2023_16_19;vastuunkantajia;1
1328;16/2023;2023_16_19;vauhdilla;1
1328;16/2023;2023_16_19;vauhti;1
1328;16/2023;2023_16_19;velka;2
1328;16/2023;2023_16_19;velkaralli;1
1328;16/2023;2023_16_19;verovapaus;1
1328;16/2023;2023_16_19;viedä;1
1328;16/2023;2023_16_19;vielä;1
1328;16/2023;2023_16_19;vientiin;1
1328;16/2023;2023_16_19;viimeistään;1
1328;16/2023;2023_16_19;vitkasteluun;1
1328;16/2023;2023_16_19;voi;1
1328;16/2023;2023_16_19;voimakkaammin;1
1328;16/2023;2023_16_19;voitava;1
1328;16/2023;2023_16_19;voitosta;1
1328;16/2023;2023_16_19;vuodelta;1
1328;16/2023;2023_16_19;vuodessa;1
1328;16/2023;2023_16_19;vuosi;1
1328;16/2023;2023_16_19;vuosikymmenen;1
1328;16/2023;2023_16_19;vuoteen;1
1328;16/2023;2023_16_19;vähemmän;1
1328;16/2023;2023_16_19;välikysymykseen;1
1328;16/2023;2023_16_19;vääntää;1
1328;16/2023;2023_16_19;väärässä;1
1328;16/2023;2023_16_19;yhdessä;3
1328;16/2023;2023_16_19;yhdyn;1
1328;16/2023;2023_16_19;yhteiskunnassa;1
1328;16/2023;2023_16_19;yhteiskuntamme;1
1328;16/2023;2023_16_19;yhtä;1
1328;16/2023;2023_16_19;yhtään;1
1328;16/2023;2023_16_19;yksi;1
1328;16/2023;2023_16_19;yksinyrittäjiä;1
1328;16/2023;2023_16_19;ylläpitää;1
1328;16/2023;2023_16_19;yritykset;1
1328;16/2023;2023_16_19;yrityksiin;1
1328;16/2023;2023_16_19;yrityksiä;1
1328;16/2023;2023_16_19;yritysrakenne;1
1328;16/2023;2023_16_19;yritysten;2
1328;16/2023;2023_16_19;yritystään;1
1328;16/2023;2023_16_19;ärade;6
1328;16/2023;2023_16_19;ääni;1
1328;16/2023;2023_16_19;ääniä;1
1328;162/2020;2020_162_64;aihetta;1
1328;162/2020;2020_162_64;alueille;1
1328;162/2020;2020_162_64;antero;1
1328;162/2020;2020_162_64;antti;1
1328;162/2020;2020_162_64;arvioitu;2
1328;162/2020;2020_162_64;arvoisa;1
1328;162/2020;2020_162_64;ei;1
1328;162/2020;2020_162_64;eli;1
1328;162/2020;2020_162_64;ensimmäinen;1
1328;162/2020;2020_162_64;että;2
1328;162/2020;2020_162_64;eulla;1
1328;162/2020;2020_162_64;henkilökunta;1
1328;162/2020;2020_162_64;heti;1
1328;162/2020;2020_162_64;hyvä;2
1328;162/2020;2020_162_64;ihan;1
1328;162/2020;2020_162_64;ilmoitettu;1
1328;162/2020;2020_162_64;itse;1
1328;162/2020;2020_162_64;ja;5
1328;162/2020;2020_162_64;jo;1
1328;162/2020;2020_162_64;joo;1
1328;162/2020;2020_162_64;jälkeen;1
1328;162/2020;2020_162_64;kaikki;1
1328;162/2020;2020_162_64;kanssa;1
1328;162/2020;2020_162_64;kokonaismäärä;1
1328;162/2020;2020_162_64;koska;2
1328;162/2020;2020_162_64;koulutettu;1
1328;162/2020;2020_162_64;kuinka;3
1328;162/2020;2020_162_64;kun;1
1328;162/2020;2020_162_64;kunnossa;1
1328;162/2020;2020_162_64;kurvinen;1
1328;162/2020;2020_162_64;kylmäsäilytys;1
1328;162/2020;2020_162_64;kysyisin;1
1328;162/2020;2020_162_64;kysymys;1
1328;162/2020;2020_162_64;laukkanen;1
1328;162/2020;2020_162_64;logistiikka;1
1328;162/2020;2020_162_64;meinaan;1
1328;162/2020;2020_162_64;mikä;1
1328;162/2020;2020_162_64;ministeriltä;1
1328;162/2020;2020_162_64;minkä;1
1328;162/2020;2020_162_64;minun;1
1328;162/2020;2020_162_64;monen;1
1328;162/2020;2020_162_64;monta;1
1328;162/2020;2020_162_64;ne;1
1328;162/2020;2020_162_64;nyt;1
1328;162/2020;2020_162_64;nämä;1
1328;162/2020;2020_162_64;oli;1
1328;162/2020;2020_162_64;on;7
1328;162/2020;2020_162_64;onko;2
1328;162/2020;2020_162_64;ottaa;1
1328;162/2020;2020_162_64;ovat;1
1328;162/2020;2020_162_64;puhemies;1
1328;162/2020;2020_162_64;rokote;1
1328;162/2020;2020_162_64;rokotetta;1
1328;162/2020;2020_162_64;rokotteen;1
1328;162/2020;2020_162_64;rokotuserä;1
1328;162/2020;2020_162_64;rokotusmäärät;1
1328;162/2020;2020_162_64;ruotsissa;1
1328;162/2020;2020_162_64;saapuu;1
1328;162/2020;2020_162_64;sanottu;1
1328;162/2020;2020_162_64;se;2
1328;162/2020;2020_162_64;seuraavat;1
1328;162/2020;2020_162_64;siellä;1
1328;162/2020;2020_162_64;silloin;1
1328;162/2020;2020_162_64;sopimus;1
1328;162/2020;2020_162_64;suomeen;3
1328;162/2020;2020_162_64;suomella;1
1328;162/2020;2020_162_64;suuret;1
1328;162/2020;2020_162_64;tulee;2
1328;162/2020;2020_162_64;tulevan;1
1328;162/2020;2020_162_64;tulevat;1
1328;162/2020;2020_162_64;tulossa;1
1328;162/2020;2020_162_64;vaihdeta;1
1328;162/2020;2020_162_64;valmistajan;1
1328;162/2020;2020_162_64;vuodenvaihteen;1
1328;162/2020;2020_162_64;vuoroni;1
1328;164/2022;2022_164_21;aidosti;1
1328;164/2022;2022_164_21;aika;1
1328;164/2022;2022_164_21;aikaa;1
1328;164/2022;2022_164_21;aikakehys;1
1328;164/2022;2022_164_21;aito;1
1328;164/2022;2022_164_21;ajan;1
1328;164/2022;2022_164_21;ajettu;2
1328;164/2022;2022_164_21;ajoivat;1
1328;164/2022;2022_164_21;akuutti;1
1328;164/2022;2022_164_21;antaa;1
1328;164/2022;2022_164_21;antanut;1
1328;164/2022;2022_164_21;anteeksi;1
1328;164/2022;2022_164_21;arvoisa;4
1328;164/2022;2022_164_21;auttamaan;1
1328;164/2022;2022_164_21;ay-liikkeelle;1
1328;164/2022;2022_164_21;ay-liikkeen;1
1328;164/2022;2022_164_21;bkt;1
1328;164/2022;2022_164_21;bktsta;1
1328;164/2022;2022_164_21;budjetin;1
1328;164/2022;2022_164_21;demareiden;1
1328;164/2022;2022_164_21;demarit;1
1328;164/2022;2022_164_21;eduskunnan;1
1328;164/2022;2022_164_21;ei;13
1328;164/2022;2022_164_21;eivät;2
1328;164/2022;2022_164_21;eläkkeelle;1
1328;164/2022;2022_164_21;emme;1
1328;164/2022;2022_164_21;ennen;1
1328;164/2022;2022_164_21;ennennäkemättömään;1
1328;164/2022;2022_164_21;enää;2
1328;164/2022;2022_164_21;erittäin;1
1328;164/2022;2022_164_21;esimerkiksi;2
1328;164/2022;2022_164_21;esimerkki;1
1328;164/2022;2022_164_21;esitän;1
1328;164/2022;2022_164_21;etelä-euroopan;1
1328;164/2022;2022_164_21;että;7
1328;164/2022;2022_164_21;euroa;1
1328;164/2022;2022_164_21;hallitsemattoman;1
1328;164/2022;2022_164_21;hallituksen;4
1328;164/2022;2022_164_21;hallitus;6
1328;164/2022;2022_164_21;halua;1
1328;164/2022;2022_164_21;haluttu;1
1328;164/2022;2022_164_21;hankintojen;1
1328;164/2022;2022_164_21;harkimo;1
1328;164/2022;2022_164_21;he;1
1328;164/2022;2022_164_21;heille;1
1328;164/2022;2022_164_21;heistä;1
1328;164/2022;2022_164_21;hetkellä;1
1328;164/2022;2022_164_21;hetki;1
1328;164/2022;2022_164_21;hinnat;1
1328;164/2022;2022_164_21;hoitajat;1
1328;164/2022;2022_164_21;hoitajille;1
1328;164/2022;2022_164_21;hosumalla;1
1328;164/2022;2022_164_21;hosuu;1
1328;164/2022;2022_164_21;huolehtia;1
1328;164/2022;2022_164_21;huolehtii;1
1328;164/2022;2022_164_21;huonosti;1
1328;164/2022;2022_164_21;hyvin;1
1328;164/2022;2022_164_21;hyvinvointi;1
1328;164/2022;2022_164_21;hyvinvointiin;1
1328;164/2022;2022_164_21;hyvinvointimme;1
1328;164/2022;2022_164_21;hyvinvointiyhteiskunnan;1
1328;164/2022;2022_164_21;hyvä;1
1328;164/2022;2022_164_21;hyväksyvät;1
1328;164/2022;2022_164_21;höttöä;2
1328;164/2022;2022_164_21;ict-investoinnit;1
1328;164/2022;2022_164_21;ihan;1
1328;164/2022;2022_164_21;ihmiset;1
1328;164/2022;2022_164_21;ihmisiä;1
1328;164/2022;2022_164_21;imagoa;1
1328;164/2022;2022_164_21;investoimaan;1
1328;164/2022;2022_164_21;italiaan;1
1328;164/2022;2022_164_21;ja;28
1328;164/2022;2022_164_21;jalostusarvoa;1
1328;164/2022;2022_164_21;jatkuu;1
1328;164/2022;2022_164_21;johon;1
1328;164/2022;2022_164_21;johtuu;1
1328;164/2022;2022_164_21;joka;3
1328;164/2022;2022_164_21;joku;1
1328;164/2022;2022_164_21;jopa;2
1328;164/2022;2022_164_21;jos;2
1328;164/2022;2022_164_21;josta;1
1328;164/2022;2022_164_21;jotenkin;1
1328;164/2022;2022_164_21;jotka;1
1328;164/2022;2022_164_21;juhlat;1
1328;164/2022;2022_164_21;julkinen;1
1328;164/2022;2022_164_21;julkisen;1
1328;164/2022;2022_164_21;julkisten;2
1328;164/2022;2022_164_21;juuri;1
1328;164/2022;2022_164_21;jäljiltä;1
1328;164/2022;2022_164_21;jälkeen;1
1328;164/2022;2022_164_21;jääneille;1
1328;164/2022;2022_164_21;jäänyt;1
1328;164/2022;2022_164_21;kaikessa;1
1328;164/2022;2022_164_21;kaikkea;1
1328;164/2022;2022_164_21;kaikki;5
1328;164/2022;2022_164_21;kaksinkertaisia;1
1328;164/2022;2022_164_21;karua;1
1328;164/2022;2022_164_21;kasaan;1
1328;164/2022;2022_164_21;kasvaa;2
1328;164/2022;2022_164_21;kasvanut;1
1328;164/2022;2022_164_21;kasvava;1
1328;164/2022;2022_164_21;kasvusta;1
1328;164/2022;2022_164_21;kasvuun;2
1328;164/2022;2022_164_21;kehity;1
1328;164/2022;2022_164_21;kehtaa;1
1328;164/2022;2022_164_21;kehykset;1
1328;164/2022;2022_164_21;kehyksissä;1
1328;164/2022;2022_164_21;kelpaavat;1
1328;164/2022;2022_164_21;kertovat;1
1328;164/2022;2022_164_21;keskisuuret;1
1328;164/2022;2022_164_21;keskustella;2
1328;164/2022;2022_164_21;kevättä;1
1328;164/2022;2022_164_21;kieltä;1
1328;164/2022;2022_164_21;kiihtyy;1
1328;164/2022;2022_164_21;kiinni;1
1328;164/2022;2022_164_21;kohdistuu;1
1328;164/2022;2022_164_21;kohta;1
1328;164/2022;2022_164_21;kohti;1
1328;164/2022;2022_164_21;koko;1
1328;164/2022;2022_164_21;kokonaan;1
1328;164/2022;2022_164_21;koputtaa;2
1328;164/2022;2022_164_21;korot;2
1328;164/2022;2022_164_21;koska;3
1328;164/2022;2022_164_21;kriisi;1
1328;164/2022;2022_164_21;kriisiin;1
1328;164/2022;2022_164_21;kuin;5
1328;164/2022;2022_164_21;kuinka;2
1328;164/2022;2022_164_21;kukaan;1
1328;164/2022;2022_164_21;kuljetaan;1
1328;164/2022;2022_164_21;kun;8
1328;164/2022;2022_164_21;kunnon;1
1328;164/2022;2022_164_21;kunnossa;1
1328;164/2022;2022_164_21;kuorossa;1
1328;164/2022;2022_164_21;kuriin;1
1328;164/2022;2022_164_21;kyhättiin;1
1328;164/2022;2022_164_21;kykyiset;1
1328;164/2022;2022_164_21;kyllä;1
1328;164/2022;2022_164_21;kärsivät;1
1328;164/2022;2022_164_21;käytöstä;1
1328;164/2022;2022_164_21;köyhtyvät;1
1328;164/2022;2022_164_21;lakiin;2
1328;164/2022;2022_164_21;lamassa;1
1328;164/2022;2022_164_21;lapsista;1
1328;164/2022;2022_164_21;leena;1
1328;164/2022;2022_164_21;leikkauksia;2
1328;164/2022;2022_164_21;liikkumavaran;1
1328;164/2022;2022_164_21;lisää;2
1328;164/2022;2022_164_21;loppuun;1
1328;164/2022;2022_164_21;luisua;1
1328;164/2022;2022_164_21;luottamusta;1
1328;164/2022;2022_164_21;lupaukset;1
1328;164/2022;2022_164_21;luvulta;1
1328;164/2022;2022_164_21;läpi;1
1328;164/2022;2022_164_21;maihin;1
1328;164/2022;2022_164_21;maksaisimme;1
1328;164/2022;2022_164_21;maksettiin;1
1328;164/2022;2022_164_21;maksuun;1
1328;164/2022;2022_164_21;mallia;1
1328;164/2022;2022_164_21;me;1
1328;164/2022;2022_164_21;meidän;1
1328;164/2022;2022_164_21;meidät;1
1328;164/2022;2022_164_21;meillä;2
1328;164/2022;2022_164_21;meiltä;1
1328;164/2022;2022_164_21;meitä;1
1328;164/2022;2022_164_21;meni;1
1328;164/2022;2022_164_21;mennään;1
1328;164/2022;2022_164_21;meri;1
1328;164/2022;2022_164_21;mielikuva;1
1328;164/2022;2022_164_21;miljardia;1
1328;164/2022;2022_164_21;miljardit;1
1328;164/2022;2022_164_21;mitkä;3
1328;164/2022;2022_164_21;mitoituksia;1
1328;164/2022;2022_164_21;mitä;3
1328;164/2022;2022_164_21;molempia;1
1328;164/2022;2022_164_21;muihin;1
1328;164/2022;2022_164_21;muista;1
1328;164/2022;2022_164_21;muistomerkki;1
1328;164/2022;2022_164_21;mukana;1
1328;164/2022;2022_164_21;mutta;6
1328;164/2022;2022_164_21;muuta;1
1328;164/2022;2022_164_21;muutokset;1
1328;164/2022;2022_164_21;myöhässä;1
1328;164/2022;2022_164_21;myös;1
1328;164/2022;2022_164_21;nauti;1
1328;164/2022;2022_164_21;ne;1
1328;164/2022;2022_164_21;niiden;2
1328;164/2022;2022_164_21;niihin;1
1328;164/2022;2022_164_21;niin;2
1328;164/2022;2022_164_21;niistä;2
1328;164/2022;2022_164_21;nimillä;1
1328;164/2022;2022_164_21;nolla;1
1328;164/2022;2022_164_21;nollassa;1
1328;164/2022;2022_164_21;nostaa;1
1328;164/2022;2022_164_21;nousevat;2
1328;164/2022;2022_164_21;numerot;2
1328;164/2022;2022_164_21;nykyaikaisiksi;1
1328;164/2022;2022_164_21;nyt;4
1328;164/2022;2022_164_21;näin;1
1328;164/2022;2022_164_21;ohi;2
1328;164/2022;2022_164_21;oikeasti;1
1328;164/2022;2022_164_21;oikeilla;1
1328;164/2022;2022_164_21;ole;3
1328;164/2022;2022_164_21;olemme;1
1328;164/2022;2022_164_21;oli;1
1328;164/2022;2022_164_21;olisi;1
1328;164/2022;2022_164_21;olivat;1
1328;164/2022;2022_164_21;olla;1
1328;164/2022;2022_164_21;ollaan;1
1328;164/2022;2022_164_21;olleet;1
1328;164/2022;2022_164_21;ollut;1
1328;164/2022;2022_164_21;omaa;1
1328;164/2022;2022_164_21;on;19
1328;164/2022;2022_164_21;opiskelijoilta;1
1328;164/2022;2022_164_21;osuus;1
1328;164/2022;2022_164_21;otettiin;1
1328;164/2022;2022_164_21;ottaa;2
1328;164/2022;2022_164_21;ovat;8
1328;164/2022;2022_164_21;paketti;1
1328;164/2022;2022_164_21;palata;1
1328;164/2022;2022_164_21;paljasti;1
1328;164/2022;2022_164_21;paljon;1
1328;164/2022;2022_164_21;palkkaamaan;1
1328;164/2022;2022_164_21;palvelu;1
1328;164/2022;2022_164_21;paremmasta;1
1328;164/2022;2022_164_21;parempaan;1
1328;164/2022;2022_164_21;parissa;1
1328;164/2022;2022_164_21;pelkästään;1
1328;164/2022;2022_164_21;perästä;1
1328;164/2022;2022_164_21;pian;1
1328;164/2022;2022_164_21;pienet;1
1328;164/2022;2022_164_21;pitkään;1
1328;164/2022;2022_164_21;pitäisi;3
1328;164/2022;2022_164_21;pitää;10
1328;164/2022;2022_164_21;pohja;1
1328;164/2022;2022_164_21;pohjoismaista;1
1328;164/2022;2022_164_21;pois;1
1328;164/2022;2022_164_21;poistaa;1
1328;164/2022;2022_164_21;politiikkaa;1
1328;164/2022;2022_164_21;prosenttia;2
1328;164/2022;2022_164_21;puheet;2
1328;164/2022;2022_164_21;puhemies;8
1328;164/2022;2022_164_21;puhua;1
1328;164/2022;2022_164_21;puhuminen;1
1328;164/2022;2022_164_21;puhutaan;1
1328;164/2022;2022_164_21;puolueet;1
1328;164/2022;2022_164_21;puuttuu;1
1328;164/2022;2022_164_21;puuttuvat;1
1328;164/2022;2022_164_21;pystyykö;1
1328;164/2022;2022_164_21;pysähtynyt;1
1328;164/2022;2022_164_21;pysäyttää;1
1328;164/2022;2022_164_21;päin;1
1328;164/2022;2022_164_21;pääministeri;1
1328;164/2022;2022_164_21;pääse;1
1328;164/2022;2022_164_21;rahaa;1
1328;164/2022;2022_164_21;rahat;1
1328;164/2022;2022_164_21;rakentaa;1
1328;164/2022;2022_164_21;rapautettu;1
1328;164/2022;2022_164_21;ruotsin;1
1328;164/2022;2022_164_21;ruotsissa;2
1328;164/2022;2022_164_21;ruotsista;2
1328;164/2022;2022_164_21;ruveta;1
1328;164/2022;2022_164_21;saada;3
1328;164/2022;2022_164_21;sairaista;1
1328;164/2022;2022_164_21;saisi;1
1328;164/2022;2022_164_21;saksassa;1
1328;164/2022;2022_164_21;sanomaan;1
1328;164/2022;2022_164_21;sanomalla;1
1328;164/2022;2022_164_21;sari;1
1328;164/2022;2022_164_21;sarkomaa;1
1328;164/2022;2022_164_21;se;7
1328;164/2022;2022_164_21;sekundaa;1
1328;164/2022;2022_164_21;sellaiset;1
1328;164/2022;2022_164_21;sen;3
1328;164/2022;2022_164_21;seuraavalla;1
1328;164/2022;2022_164_21;siinä;1
1328;164/2022;2022_164_21;siitä;5
1328;164/2022;2022_164_21;siivottava;1
1328;164/2022;2022_164_21;sijaan;1
1328;164/2022;2022_164_21;siltä;1
1328;164/2022;2022_164_21;sitä;1
1328;164/2022;2022_164_21;sopeutuksesta;1
1328;164/2022;2022_164_21;sopeutus;1
1328;164/2022;2022_164_21;sote-uudistus;1
1328;164/2022;2022_164_21;sotkut;1
1328;164/2022;2022_164_21;suomalaiset;1
1328;164/2022;2022_164_21;suomeen;1
1328;164/2022;2022_164_21;suomen;5
1328;164/2022;2022_164_21;suomi;4
1328;164/2022;2022_164_21;sutta;1
1328;164/2022;2022_164_21;syöksykierteeseen;1
1328;164/2022;2022_164_21;sähkötuki;1
1328;164/2022;2022_164_21;säädetty;1
1328;164/2022;2022_164_21;säätää;1
1328;164/2022;2022_164_21;taantumassa;1
1328;164/2022;2022_164_21;tai;4
1328;164/2022;2022_164_21;takuita;1
1328;164/2022;2022_164_21;talman;4
1328;164/2022;2022_164_21;talouden;1
1328;164/2022;2022_164_21;taloudesta;1
1328;164/2022;2022_164_21;talous;1
1328;164/2022;2022_164_21;talousajatteluaan;1
1328;164/2022;2022_164_21;talouskasvu;1
1328;164/2022;2022_164_21;talouskasvusta;1
1328;164/2022;2022_164_21;talouspohja;1
1328;164/2022;2022_164_21;talutusnuorassa;1
1328;164/2022;2022_164_21;tanskasta;1
1328;164/2022;2022_164_21;tapahtui;1
1328;164/2022;2022_164_21;tarkoita;1
1328;164/2022;2022_164_21;tarvitaan;1
1328;164/2022;2022_164_21;tarvitse;1
1328;164/2022;2022_164_21;tasolle;1
1328;164/2022;2022_164_21;tavaramerkki;1
1328;164/2022;2022_164_21;tehostamisesta;1
1328;164/2022;2022_164_21;tekee;2
1328;164/2022;2022_164_21;tekemättä;1
1328;164/2022;2022_164_21;tekemään;1
1328;164/2022;2022_164_21;terveydenhoito;1
1328;164/2022;2022_164_21;tie;1
1328;164/2022;2022_164_21;tielle;1
1328;164/2022;2022_164_21;tilojen;1
1328;164/2022;2022_164_21;todistelee;1
1328;164/2022;2022_164_21;toimi;1
1328;164/2022;2022_164_21;toimii;2
1328;164/2022;2022_164_21;toiminnasta;1
1328;164/2022;2022_164_21;totutettu;1
1328;164/2022;2022_164_21;tule;2
1328;164/2022;2022_164_21;tulee;1
1328;164/2022;2022_164_21;tuloista;1
1328;164/2022;2022_164_21;tulorajat;1
1328;164/2022;2022_164_21;tuloveroa;1
1328;164/2022;2022_164_21;tunnistaa;1
1328;164/2022;2022_164_21;tuntuu;1
1328;164/2022;2022_164_21;tuputtaa;1
1328;164/2022;2022_164_21;työikäiset;1
1328;164/2022;2022_164_21;työllisyystavoitteen;1
1328;164/2022;2022_164_21;työmarkkinat;1
1328;164/2022;2022_164_21;työmarkkinoiden;1
1328;164/2022;2022_164_21;työttömyysturvaan;1
1328;164/2022;2022_164_21;tällainen;1
1328;164/2022;2022_164_21;tällä;1
1328;164/2022;2022_164_21;tämä;2
1328;164/2022;2022_164_21;tämän;4
1328;164/2022;2022_164_21;tärkeämpää;1
1328;164/2022;2022_164_21;tästä;1
1328;164/2022;2022_164_21;täydellistä;1
1328;164/2022;2022_164_21;täyttä;1
1328;164/2022;2022_164_21;töihin;1
1328;164/2022;2022_164_21;umpikujaan;1
1328;164/2022;2022_164_21;uudelle;1
1328;164/2022;2022_164_21;uudistuksesta;1
1328;164/2022;2022_164_21;uudistukset;2
1328;164/2022;2022_164_21;vaaleja;1
1328;164/2022;2022_164_21;vaalikaudella;1
1328;164/2022;2022_164_21;vaaliohjelmassa;1
1328;164/2022;2022_164_21;vaan;1
1328;164/2022;2022_164_21;vaarallista;1
1328;164/2022;2022_164_21;vai;1
1328;164/2022;2022_164_21;vaikka;2
1328;164/2022;2022_164_21;vain;2
1328;164/2022;2022_164_21;valehtele;1
1328;164/2022;2022_164_21;valmistella;1
1328;164/2022;2022_164_21;valtio;1
1328;164/2022;2022_164_21;valtion;1
1328;164/2022;2022_164_21;vanhat;1
1328;164/2022;2022_164_21;vanhuksista;1
1328;164/2022;2022_164_21;varaa;1
1328;164/2022;2022_164_21;vasemmisto;1
1328;164/2022;2022_164_21;vastuu;1
1328;164/2022;2022_164_21;vastuutonta;1
1328;164/2022;2022_164_21;vauhti;1
1328;164/2022;2022_164_21;velkaa;3
1328;164/2022;2022_164_21;velkaantumisen;1
1328;164/2022;2022_164_21;velkaantumista;1
1328;164/2022;2022_164_21;velkaantuu;1
1328;164/2022;2022_164_21;velkakierteestä;1
1328;164/2022;2022_164_21;velkapääoma;1
1328;164/2022;2022_164_21;velkarahalla;1
1328;164/2022;2022_164_21;velkaralli;1
1328;164/2022;2022_164_21;velkasuhde;1
1328;164/2022;2022_164_21;veroja;1
1328;164/2022;2022_164_21;veronkevennysten;1
1328;164/2022;2022_164_21;veroporkkana;1
1328;164/2022;2022_164_21;verrattuna;1
1328;164/2022;2022_164_21;vertaa;1
1328;164/2022;2022_164_21;vie;1
1328;164/2022;2022_164_21;viennin;1
1328;164/2022;2022_164_21;vientituotteiden;1
1328;164/2022;2022_164_21;vievät;1
1328;164/2022;2022_164_21;vihervasemmisto;1
1328;164/2022;2022_164_21;viikossa;1
1328;164/2022;2022_164_21;viimeinen;1
1328;164/2022;2022_164_21;viimeksi;1
1328;164/2022;2022_164_21;voidaan;1
1328;164/2022;2022_164_21;vuosi;1
1328;164/2022;2022_164_21;vuoteen;1
1328;164/2022;2022_164_21;yhä;1
1328;164/2022;2022_164_21;yli;2
1328;164/2022;2022_164_21;ylipäätään;1
1328;164/2022;2022_164_21;ymmärrä;1
1328;164/2022;2022_164_21;yritetään;1
1328;164/2022;2022_164_21;yritykset;1
1328;164/2022;2022_164_21;ärade;4
1328;164/2022;2022_164_21;äärimmäisen;1
1328;165/2020;2020_165_16;aiotte;1
1328;165/2020;2020_165_16;ajaa;1
1328;165/2020;2020_165_16;alueelle;1
1328;165/2020;2020_165_16;alueilla;4
1328;165/2020;2020_165_16;alueille;1
1328;165/2020;2020_165_16;annettiin;1
1328;165/2020;2020_165_16;antavan;1
1328;165/2020;2020_165_16;arvoisa;3
1328;165/2020;2020_165_16;asemansa;1
1328;165/2020;2020_165_16;asukasluku;1
1328;165/2020;2020_165_16;asukkaat;1
1328;165/2020;2020_165_16;asumisesta;1
1328;165/2020;2020_165_16;edistää;1
1328;165/2020;2020_165_16;ehkä;1
1328;165/2020;2020_165_16;ehkäisevään;1
1328;165/2020;2020_165_16;ei;5
1328;165/2020;2020_165_16;eihän;1
1328;165/2020;2020_165_16;eikä;1
1328;165/2020;2020_165_16;eivät;1
1328;165/2020;2020_165_16;eli;2
1328;165/2020;2020_165_16;elinaikaa;1
1328;165/2020;2020_165_16;elää;1
1328;165/2020;2020_165_16;enemmän;1
1328;165/2020;2020_165_16;ennakoiden;1
1328;165/2020;2020_165_16;ennuste;1
1328;165/2020;2020_165_16;enää;1
1328;165/2020;2020_165_16;erikoissairaanhoidon;1
1328;165/2020;2020_165_16;eroon;1
1328;165/2020;2020_165_16;että;1
1328;165/2020;2020_165_16;etua;1
1328;165/2020;2020_165_16;euroa;1
1328;165/2020;2020_165_16;euroista;1
1328;165/2020;2020_165_16;euron;1
1328;165/2020;2020_165_16;hallitus;3
1328;165/2020;2020_165_16;haluaa;1
1328;165/2020;2020_165_16;hampaidenhoitoon;1
1328;165/2020;2020_165_16;harmonisointi;1
1328;165/2020;2020_165_16;heille;1
1328;165/2020;2020_165_16;helsinki;1
1328;165/2020;2020_165_16;henkilökunnan;1
1328;165/2020;2020_165_16;hoidon;1
1328;165/2020;2020_165_16;hoitoa;1
1328;165/2020;2020_165_16;hoitoon;1
1328;165/2020;2020_165_16;huolta;1
1328;165/2020;2020_165_16;huoltosuhde;1
1328;165/2020;2020_165_16;huono;1
1328;165/2020;2020_165_16;hyvin;1
1328;165/2020;2020_165_16;hyvinvointialueiden;2
1328;165/2020;2020_165_16;hyvää;1
1328;165/2020;2020_165_16;hädässä;1
1328;165/2020;2020_165_16;häkä;1
1328;165/2020;2020_165_16;hän;1
1328;165/2020;2020_165_16;hänen;1
1328;165/2020;2020_165_16;ideologiasta;1
1328;165/2020;2020_165_16;ideologioiden;1
1328;165/2020;2020_165_16;irtisanoa;1
1328;165/2020;2020_165_16;it-hankkeet;1
1328;165/2020;2020_165_16;ja;30
1328;165/2020;2020_165_16;jaetaan;2
1328;165/2020;2020_165_16;jakaa;2
1328;165/2020;2020_165_16;jatkuvasti;1
1328;165/2020;2020_165_16;jo;1
1328;165/2020;2020_165_16;joka;1
1328;165/2020;2020_165_16;jollekin;1
1328;165/2020;2020_165_16;jopa;1
1328;165/2020;2020_165_16;jos;1
1328;165/2020;2020_165_16;jossa;1
1328;165/2020;2020_165_16;jotain;1
1328;165/2020;2020_165_16;jotakin;2
1328;165/2020;2020_165_16;jotka;1
1328;165/2020;2020_165_16;julkiselle;1
1328;165/2020;2020_165_16;juristit;1
1328;165/2020;2020_165_16;jälkeen;1
1328;165/2020;2020_165_16;järjen;1
1328;165/2020;2020_165_16;jää;1
1328;165/2020;2020_165_16;kaikin;1
1328;165/2020;2020_165_16;kalliiksi;1
1328;165/2020;2020_165_16;kalliita;1
1328;165/2020;2020_165_16;kannustimia;2
1328;165/2020;2020_165_16;kansanedustajana;1
1328;165/2020;2020_165_16;karttaharjoituksen;1
1328;165/2020;2020_165_16;kasvoivat;1
1328;165/2020;2020_165_16;kasvukeskukset;1
1328;165/2020;2020_165_16;katsokaa;1
1328;165/2020;2020_165_16;katsotaan;1
1328;165/2020;2020_165_16;kaupungin;1
1328;165/2020;2020_165_16;kaupunkeihin;1
1328;165/2020;2020_165_16;keksii;1
1328;165/2020;2020_165_16;kenen;1
1328;165/2020;2020_165_16;kepu;1
1328;165/2020;2020_165_16;kertoi;1
1328;165/2020;2020_165_16;keskenään;1
1328;165/2020;2020_165_16;keskittää;1
1328;165/2020;2020_165_16;keskussairaalaan;1
1328;165/2020;2020_165_16;keskussairaalalle;1
1328;165/2020;2020_165_16;keskusta;1
1328;165/2020;2020_165_16;keskustan;1
1328;165/2020;2020_165_16;keskustelevat;1
1328;165/2020;2020_165_16;kesto-ongelmat;1
1328;165/2020;2020_165_16;kestävyysvaje;1
1328;165/2020;2020_165_16;kiinni;1
1328;165/2020;2020_165_16;kiuru;1
1328;165/2020;2020_165_16;kiurun;1
1328;165/2020;2020_165_16;koko;1
1328;165/2020;2020_165_16;kokonaisverotus;1
1328;165/2020;2020_165_16;koulutettu;1
1328;165/2020;2020_165_16;kouluttamaton;1
1328;165/2020;2020_165_16;kuin;3
1328;165/2020;2020_165_16;kuinka;2
1328;165/2020;2020_165_16;kulissia;1
1328;165/2020;2020_165_16;kulujen;1
1328;165/2020;2020_165_16;kumpi;1
1328;165/2020;2020_165_16;kumppanuussopimuksia;1
1328;165/2020;2020_165_16;kun;6
1328;165/2020;2020_165_16;kunhan;2
1328;165/2020;2020_165_16;kunnilta;1
1328;165/2020;2020_165_16;kunnissa;1
1328;165/2020;2020_165_16;kuntien;1
1328;165/2020;2020_165_16;kuntoutukseen;1
1328;165/2020;2020_165_16;kurissa;1
1328;165/2020;2020_165_16;kustannuksista;1
1328;165/2020;2020_165_16;kuten;1
1328;165/2020;2020_165_16;kuunnelkaa;1
1328;165/2020;2020_165_16;kyllä;1
1328;165/2020;2020_165_16;kymmenen;2
1328;165/2020;2020_165_16;kysymys;1
1328;165/2020;2020_165_16;kärjessä;1
1328;165/2020;2020_165_16;kärsivät;1
1328;165/2020;2020_165_16;käsittämätöntä;1
1328;165/2020;2020_165_16;käteen;1
1328;165/2020;2020_165_16;laadussa;1
1328;165/2020;2020_165_16;laadusta;1
1328;165/2020;2020_165_16;laatuun;1
1328;165/2020;2020_165_16;laittaa;1
1328;165/2020;2020_165_16;lisäaikaa;1
1328;165/2020;2020_165_16;lisäksi;1
1328;165/2020;2020_165_16;loppuvat;1
1328;165/2020;2020_165_16;lukuja;1
1328;165/2020;2020_165_16;luulee;2
1328;165/2020;2020_165_16;luvulla;1
1328;165/2020;2020_165_16;lähinnä;1
1328;165/2020;2020_165_16;läpivientiin;1
1328;165/2020;2020_165_16;löydyttävä;1
1328;165/2020;2020_165_16;maailman;1
1328;165/2020;2020_165_16;maailmassa;1
1328;165/2020;2020_165_16;maakunnanvaltuustoissa;1
1328;165/2020;2020_165_16;mahtaa;1
1328;165/2020;2020_165_16;maksavat;1
1328;165/2020;2020_165_16;mallissa;1
1328;165/2020;2020_165_16;menokohteita;1
1328;165/2020;2020_165_16;menolla;1
1328;165/2020;2020_165_16;mies;1
1328;165/2020;2020_165_16;mihin;1
1328;165/2020;2020_165_16;miljardia;2
1328;165/2020;2020_165_16;miljardin;1
1328;165/2020;2020_165_16;miljoonaa;1
1328;165/2020;2020_165_16;ministeri;4
1328;165/2020;2020_165_16;miten;1
1328;165/2020;2020_165_16;mittareita;1
1328;165/2020;2020_165_16;mitä;1
1328;165/2020;2020_165_16;mitäs;2
1328;165/2020;2020_165_16;mitään;2
1328;165/2020;2020_165_16;monituottajamallista;1
1328;165/2020;2020_165_16;monivuotisia;1
1328;165/2020;2020_165_16;muissa;1
1328;165/2020;2020_165_16;mumina;1
1328;165/2020;2020_165_16;musta;1
1328;165/2020;2020_165_16;mutta;5
1328;165/2020;2020_165_16;muut;1
1328;165/2020;2020_165_16;myös;2
1328;165/2020;2020_165_16;määrä;1
1328;165/2020;2020_165_16;nainen;1
1328;165/2020;2020_165_16;ne;1
1328;165/2020;2020_165_16;niiden;1
1328;165/2020;2020_165_16;niin;4
1328;165/2020;2020_165_16;noin;2
1328;165/2020;2020_165_16;nousemaan;1
1328;165/2020;2020_165_16;nyt;5
1328;165/2020;2020_165_16;ole;4
1328;165/2020;2020_165_16;olevan;1
1328;165/2020;2020_165_16;olla;2
1328;165/2020;2020_165_16;on;13
1328;165/2020;2020_165_16;ongelma;1
1328;165/2020;2020_165_16;ottaa;3
1328;165/2020;2020_165_16;ovat;2
1328;165/2020;2020_165_16;paatero;1
1328;165/2020;2020_165_16;paateron;1
1328;165/2020;2020_165_16;pahin;1
1328;165/2020;2020_165_16;paikka;1
1328;165/2020;2020_165_16;painavat;1
1328;165/2020;2020_165_16;pakottaa;1
1328;165/2020;2020_165_16;paljon;1
1328;165/2020;2020_165_16;palkkojen;1
1328;165/2020;2020_165_16;palveluiden;1
1328;165/2020;2020_165_16;palvelut;1
1328;165/2020;2020_165_16;panna;1
1328;165/2020;2020_165_16;panostaa;3
1328;165/2020;2020_165_16;paraatimarssi;1
1328;165/2020;2020_165_16;paremmin;1
1328;165/2020;2020_165_16;pekka;1
1328;165/2020;2020_165_16;pelkästään;2
1328;165/2020;2020_165_16;perusasiat;1
1328;165/2020;2020_165_16;perusteella;1
1328;165/2020;2020_165_16;peruutuspeiliin;1
1328;165/2020;2020_165_16;pidempään;1
1328;165/2020;2020_165_16;pidetään;1
1328;165/2020;2020_165_16;pidät;1
1328;165/2020;2020_165_16;piittaamatta;1
1328;165/2020;2020_165_16;pitkään;1
1328;165/2020;2020_165_16;pitämisestä;1
1328;165/2020;2020_165_16;pitävänsä;1
1328;165/2020;2020_165_16;pitää;4
1328;165/2020;2020_165_16;pohjoismaissa;1
1328;165/2020;2020_165_16;polvilleen;1
1328;165/2020;2020_165_16;potti;1
1328;165/2020;2020_165_16;pottia;1
1328;165/2020;2020_165_16;prosenttia;1
1328;165/2020;2020_165_16;puhemies;3
1328;165/2020;2020_165_16;puolelle;1
1328;165/2020;2020_165_16;puuttumaan;1
1328;165/2020;2020_165_16;pystyssä;1
1328;165/2020;2020_165_16;pystyä;1
1328;165/2020;2020_165_16;pysyttävä;1
1328;165/2020;2020_165_16;päälle;1
1328;165/2020;2020_165_16;pääsevät;1
1328;165/2020;2020_165_16;päästään;1
1328;165/2020;2020_165_16;päättäjä;1
1328;165/2020;2020_165_16;rahaa;2
1328;165/2020;2020_165_16;rahat;4
1328;165/2020;2020_165_16;rahoitus;1
1328;165/2020;2020_165_16;rakentaa;1
1328;165/2020;2020_165_16;rakenteita;1
1328;165/2020;2020_165_16;ranteita;1
1328;165/2020;2020_165_16;reiluja;1
1328;165/2020;2020_165_16;riitä;1
1328;165/2020;2020_165_16;rikastuvat;1
1328;165/2020;2020_165_16;saa;1
1328;165/2020;2020_165_16;saarikko;1
1328;165/2020;2020_165_16;sama;1
1328;165/2020;2020_165_16;samaa;1
1328;165/2020;2020_165_16;sanoi;1
1328;165/2020;2020_165_16;savonlinnassa;1
1328;165/2020;2020_165_16;se;4
1328;165/2020;2020_165_16;sekä;1
1328;165/2020;2020_165_16;sen;4
1328;165/2020;2020_165_16;seuraa;1
1328;165/2020;2020_165_16;sieltä;1
1328;165/2020;2020_165_16;silloin;2
1328;165/2020;2020_165_16;sosiaalipuoleen;2
1328;165/2020;2020_165_16;sote-menot;1
1328;165/2020;2020_165_16;sote-uudistus;1
1328;165/2020;2020_165_16;stmn;1
1328;165/2020;2020_165_16;suhtautuminen;1
1328;165/2020;2020_165_16;suunnitellaan;2
1328;165/2020;2020_165_16;syntyy;3
1328;165/2020;2020_165_16;säälittävää;1
1328;165/2020;2020_165_16;säästömahdollisuudesta;1
1328;165/2020;2020_165_16;säästöä;1
1328;165/2020;2020_165_16;takaa;1
1328;165/2020;2020_165_16;takia;1
1328;165/2020;2020_165_16;tapahtuu;2
1328;165/2020;2020_165_16;tapauksessa;1
1328;165/2020;2020_165_16;tarttis;1
1328;165/2020;2020_165_16;tarvitsevat;1
1328;165/2020;2020_165_16;tehdä;2
1328;165/2020;2020_165_16;tehneet;1
1328;165/2020;2020_165_16;tehokkuudesta;1
1328;165/2020;2020_165_16;tehostuu;1
1328;165/2020;2020_165_16;teille;1
1328;165/2020;2020_165_16;terveemmin;1
1328;165/2020;2020_165_16;terveyteen;1
1328;165/2020;2020_165_16;terveyttä;1
1328;165/2020;2020_165_16;tietää;1
1328;165/2020;2020_165_16;tilanne;1
1328;165/2020;2020_165_16;tilastoon;1
1328;165/2020;2020_165_16;toimia;1
1328;165/2020;2020_165_16;toimijoihin;1
1328;165/2020;2020_165_16;toiminta;1
1328;165/2020;2020_165_16;toimintaan;1
1328;165/2020;2020_165_16;toimivat;1
1328;165/2020;2020_165_16;toimivia;1
1328;165/2020;2020_165_16;toiveiden;1
1328;165/2020;2020_165_16;toverinsa;1
1328;165/2020;2020_165_16;tulee;2
1328;165/2020;2020_165_16;tutut;1
1328;165/2020;2020_165_16;tynnyristä;1
1328;165/2020;2020_165_16;tällaiseen;1
1328;165/2020;2020_165_16;tällä;1
1328;165/2020;2020_165_16;tämän;2
1328;165/2020;2020_165_16;tärkeämpää;1
1328;165/2020;2020_165_16;tässä;2
1328;165/2020;2020_165_16;tästä;1
1328;165/2020;2020_165_16;tätä;1
1328;165/2020;2020_165_16;täysin;1
1328;165/2020;2020_165_16;unohtuvat;1
1328;165/2020;2020_165_16;uudelleen;1
1328;165/2020;2020_165_16;uudistuksen;2
1328;165/2020;2020_165_16;uusia;2
1328;165/2020;2020_165_16;uusilla;1
1328;165/2020;2020_165_16;uusimaa;1
1328;165/2020;2020_165_16;vaikka;2
1328;165/2020;2020_165_16;vain;3
1328;165/2020;2020_165_16;vallastaan;1
1328;165/2020;2020_165_16;valta;1
1328;165/2020;2020_165_16;valtio;2
1328;165/2020;2020_165_16;valtiolle;1
1328;165/2020;2020_165_16;vanhanaikaisia;1
1328;165/2020;2020_165_16;vanhasta;1
1328;165/2020;2020_165_16;vanhojen;1
1328;165/2020;2020_165_16;vanhusten;1
1328;165/2020;2020_165_16;varmaa;1
1328;165/2020;2020_165_16;vasemmistolle;1
1328;165/2020;2020_165_16;vastuuta;1
1328;165/2020;2020_165_16;velkaa;4
1328;165/2020;2020_165_16;veroasteen;1
1328;165/2020;2020_165_16;veromallia;1
1328;165/2020;2020_165_16;veronmaksajat;1
1328;165/2020;2020_165_16;viedään;1
1328;165/2020;2020_165_16;vielä;2
1328;165/2020;2020_165_16;viime;1
1328;165/2020;2020_165_16;viiteen;1
1328;165/2020;2020_165_16;voi;3
1328;165/2020;2020_165_16;voimin;1
1328;165/2020;2020_165_16;voisi;1
1328;165/2020;2020_165_16;vuodessa;1
1328;165/2020;2020_165_16;vuonna;2
1328;165/2020;2020_165_16;vuotta;2
1328;165/2020;2020_165_16;väkisin;1
1328;165/2020;2020_165_16;väliksi;2
1328;165/2020;2020_165_16;yksi;1
1328;165/2020;2020_165_16;yksipuolisesti;1
1328;165/2020;2020_165_16;yksityiset;1
1328;165/2020;2020_165_16;yksityisiin;1
1328;165/2020;2020_165_16;yksityisistä;1
1328;165/2020;2020_165_16;yli;1
1328;165/2020;2020_165_16;yliopistosairaalaan;1
1328;165/2020;2020_165_16;yläkanttiin;1
1328;165/2020;2020_165_16;ääntä;1
1328;165/2022;2022_165_60;arvoisa;1
1328;165/2022;2022_165_60;eli;2
1328;165/2022;2022_165_60;eteenpäin;1
1328;165/2022;2022_165_60;että;1
1328;165/2022;2022_165_60;euroon;1
1328;165/2022;2022_165_60;hallituksen;1
1328;165/2022;2022_165_60;ja;1
1328;165/2022;2022_165_60;joka;2
1328;165/2022;2022_165_60;katsotaan;1
1328;165/2022;2022_165_60;kenen;1
1328;165/2022;2022_165_60;kokoomuksen;1
1328;165/2022;2022_165_60;korkomenot;1
1328;165/2022;2022_165_60;kyllä;1
1328;165/2022;2022_165_60;lainaa;1
1328;165/2022;2022_165_60;lainoja;1
1328;165/2022;2022_165_60;laskelmien;1
1328;165/2022;2022_165_60;lisävelanotto;1
1328;165/2022;2022_165_60;me;4
1328;165/2022;2022_165_60;meidän;1
1328;165/2022;2022_165_60;miljardiin;1
1328;165/2022;2022_165_60;miljardilla;2
1328;165/2022;2022_165_60;miten;1
1328;165/2022;2022_165_60;mitä;1
1328;165/2022;2022_165_60;mukaan;1
1328;165/2022;2022_165_60;niin;2
1328;165/2022;2022_165_60;noin;2
1328;165/2022;2022_165_60;nousemaan;1
1328;165/2022;2022_165_60;nousevat;1
1328;165/2022;2022_165_60;nyt;1
1328;165/2022;2022_165_60;oli;1
1328;165/2022;2022_165_60;ollaan;1
1328;165/2022;2022_165_60;otamme;1
1328;165/2022;2022_165_60;puhemies;1
1328;165/2022;2022_165_60;saarikko;1
1328;165/2022;2022_165_60;se;1
1328;165/2022;2022_165_60;selittäkää;1
1328;165/2022;2022_165_60;selvitään;1
1328;165/2022;2022_165_60;semmoisessa;1
1328;165/2022;2022_165_60;sitten;2
1328;165/2022;2022_165_60;taaksepäin;1
1328;165/2022;2022_165_60;tai;2
1328;165/2022;2022_165_60;talman;1
1328;165/2022;2022_165_60;tilanteessa;1
1328;165/2022;2022_165_60;tulee;1
1328;165/2022;2022_165_60;tämän;1
1328;165/2022;2022_165_60;tästä;1
1328;165/2022;2022_165_60;uusimme;1
1328;165/2022;2022_165_60;uutta;1
1328;165/2022;2022_165_60;vaan;2
1328;165/2022;2022_165_60;velkaantuminen;1
1328;165/2022;2022_165_60;vika;3
1328;165/2022;2022_165_60;vuoden;1
1328;165/2022;2022_165_60;vuosi;2
1328;165/2022;2022_165_60;vähintään;1
1328;165/2022;2022_165_60;ärade;1
1328;166/2020;2020_166_25;ainakin;1
1328;166/2020;2020_166_25;ainoa;1
1328;166/2020;2020_166_25;aitoja;1
1328;166/2020;2020_166_25;alkaa;1
1328;166/2020;2020_166_25;alle;2
1328;166/2020;2020_166_25;anna;1
1328;166/2020;2020_166_25;arvoisa;3
1328;166/2020;2020_166_25;asetettu;1
1328;166/2020;2020_166_25;asioista;1
1328;166/2020;2020_166_25;avata;1
1328;166/2020;2020_166_25;budjetin;1
1328;166/2020;2020_166_25;budjettiriihestä;1
1328;166/2020;2020_166_25;demarit;2
1328;166/2020;2020_166_25;edes;1
1328;166/2020;2020_166_25;edustaja;1
1328;166/2020;2020_166_25;ei;7
1328;166/2020;2020_166_25;eihän;1
1328;166/2020;2020_166_25;eikä;1
1328;166/2020;2020_166_25;eivätkä;1
1328;166/2020;2020_166_25;eletty;1
1328;166/2020;2020_166_25;eläkeputken;2
1328;166/2020;2020_166_25;en;1
1328;166/2020;2020_166_25;enemmän;2
1328;166/2020;2020_166_25;ennen;3
1328;166/2020;2020_166_25;ennustaa;1
1328;166/2020;2020_166_25;entisen;2
1328;166/2020;2020_166_25;epävarmuutta;2
1328;166/2020;2020_166_25;ettei;2
1328;166/2020;2020_166_25;että;6
1328;166/2020;2020_166_25;eun;1
1328;166/2020;2020_166_25;haastattelu;1
1328;166/2020;2020_166_25;hakea;1
1328;166/2020;2020_166_25;hallituksella;1
1328;166/2020;2020_166_25;hallituksen;7
1328;166/2020;2020_166_25;hallitus;2
1328;166/2020;2020_166_25;harjoitus;1
1328;166/2020;2020_166_25;heikentää;1
1328;166/2020;2020_166_25;herätys;1
1328;166/2020;2020_166_25;herätä;1
1328;166/2020;2020_166_25;hetki;1
1328;166/2020;2020_166_25;hinnalla;1
1328;166/2020;2020_166_25;hukassa;1
1328;166/2020;2020_166_25;hukkaan;1
1328;166/2020;2020_166_25;hymyilytä;1
1328;166/2020;2020_166_25;hymyä;1
1328;166/2020;2020_166_25;hyvin;1
1328;166/2020;2020_166_25;hyvä;1
1328;166/2020;2020_166_25;hyvänsä;1
1328;166/2020;2020_166_25;häntäpäässä;1
1328;166/2020;2020_166_25;ilmeisesti;1
1328;166/2020;2020_166_25;isoja;1
1328;166/2020;2020_166_25;ja;18
1328;166/2020;2020_166_25;jakamisella;1
1328;166/2020;2020_166_25;jatkoi;1
1328;166/2020;2020_166_25;jatkuvuutta;1
1328;166/2020;2020_166_25;jo;5
1328;166/2020;2020_166_25;jonninjoutava;1
1328;166/2020;2020_166_25;jos;1
1328;166/2020;2020_166_25;joustavuutta;1
1328;166/2020;2020_166_25;julkiselle;1
1328;166/2020;2020_166_25;julkista;1
1328;166/2020;2020_166_25;juuri;2
1328;166/2020;2020_166_25;jälkeen;1
1328;166/2020;2020_166_25;jälkeiseen;1
1328;166/2020;2020_166_25;järjen;1
1328;166/2020;2020_166_25;kahden;2
1328;166/2020;2020_166_25;kalliiksi;1
1328;166/2020;2020_166_25;kanssa;1
1328;166/2020;2020_166_25;kasvu;1
1328;166/2020;2020_166_25;katkaisemisesta;1
1328;166/2020;2020_166_25;katri;1
1328;166/2020;2020_166_25;keinot;1
1328;166/2020;2020_166_25;kertoo;1
1328;166/2020;2020_166_25;keskittyvät;1
1328;166/2020;2020_166_25;keskustan;2
1328;166/2020;2020_166_25;kevään;1
1328;166/2020;2020_166_25;kiire;1
1328;166/2020;2020_166_25;kilpailukykyä;1
1328;166/2020;2020_166_25;kipeitä;1
1328;166/2020;2020_166_25;kirjoitettu;1
1328;166/2020;2020_166_25;koko;1
1328;166/2020;2020_166_25;kokonaan;1
1328;166/2020;2020_166_25;kokoonpanolla;1
1328;166/2020;2020_166_25;korona;1
1328;166/2020;2020_166_25;koronaa;1
1328;166/2020;2020_166_25;koronan;2
1328;166/2020;2020_166_25;koronatoimet;1
1328;166/2020;2020_166_25;korottamalla;1
1328;166/2020;2020_166_25;korvia;1
1328;166/2020;2020_166_25;kovaa;1
1328;166/2020;2020_166_25;kuin;2
1328;166/2020;2020_166_25;kulmuni;3
1328;166/2020;2020_166_25;kulmunin;1
1328;166/2020;2020_166_25;kun;2
1328;166/2020;2020_166_25;kunnille;1
1328;166/2020;2020_166_25;kuntavaalien;1
1328;166/2020;2020_166_25;kuunnelkaa;1
1328;166/2020;2020_166_25;kuvaa;1
1328;166/2020;2020_166_25;kuvaavaa;1
1328;166/2020;2020_166_25;kyllä;1
1328;166/2020;2020_166_25;kysymys;1
1328;166/2020;2020_166_25;käynnissä;1
1328;166/2020;2020_166_25;köyhiä;1
1328;166/2020;2020_166_25;lakien;1
1328;166/2020;2020_166_25;lisäksi;2
1328;166/2020;2020_166_25;loistava;1
1328;166/2020;2020_166_25;lopettaa;1
1328;166/2020;2020_166_25;luulisi;1
1328;166/2020;2020_166_25;luvannut;1
1328;166/2020;2020_166_25;lähestyy;1
1328;166/2020;2020_166_25;lähivuosina;1
1328;166/2020;2020_166_25;lähteekö;1
1328;166/2020;2020_166_25;lääkäri;1
1328;166/2020;2020_166_25;maa;1
1328;166/2020;2020_166_25;mahdollisesti;1
1328;166/2020;2020_166_25;marin;1
1328;166/2020;2020_166_25;meillä;2
1328;166/2020;2020_166_25;menee;1
1328;166/2020;2020_166_25;menolla;1
1328;166/2020;2020_166_25;merkkipaaluna;1
1328;166/2020;2020_166_25;mieltä;1
1328;166/2020;2020_166_25;mihin;1
1328;166/2020;2020_166_25;mikä;2
1328;166/2020;2020_166_25;miljardi;2
1328;166/2020;2020_166_25;miljardia;1
1328;166/2020;2020_166_25;millä;2
1328;166/2020;2020_166_25;ministeri;2
1328;166/2020;2020_166_25;ministerit;2
1328;166/2020;2020_166_25;missään;1
1328;166/2020;2020_166_25;mitä;3
1328;166/2020;2020_166_25;mitään;2
1328;166/2020;2020_166_25;mtvn;1
1328;166/2020;2020_166_25;muistaa;1
1328;166/2020;2020_166_25;mutta;7
1328;166/2020;2020_166_25;muuta;1
1328;166/2020;2020_166_25;muutamasta;1
1328;166/2020;2020_166_25;mykkinä;1
1328;166/2020;2020_166_25;määrää;1
1328;166/2020;2020_166_25;niin;1
1328;166/2020;2020_166_25;niissä;1
1328;166/2020;2020_166_25;nyt;5
1328;166/2020;2020_166_25;näihin;1
1328;166/2020;2020_166_25;näin;1
1328;166/2020;2020_166_25;oecd;1
1328;166/2020;2020_166_25;ohjelmat;1
1328;166/2020;2020_166_25;oikeasti;1
1328;166/2020;2020_166_25;oikeista;1
1328;166/2020;2020_166_25;ole;1
1328;166/2020;2020_166_25;oli;3
1328;166/2020;2020_166_25;olisi;2
1328;166/2020;2020_166_25;olivat;1
1328;166/2020;2020_166_25;olla;4
1328;166/2020;2020_166_25;oltava;1
1328;166/2020;2020_166_25;on;15
1328;166/2020;2020_166_25;ongelmia;1
1328;166/2020;2020_166_25;onkin;1
1328;166/2020;2020_166_25;ostamaan;1
1328;166/2020;2020_166_25;otetaan;2
1328;166/2020;2020_166_25;otettiin;1
1328;166/2020;2020_166_25;ovat;1
1328;166/2020;2020_166_25;paikallista;1
1328;166/2020;2020_166_25;paisuttamalla;1
1328;166/2020;2020_166_25;pakettia;1
1328;166/2020;2020_166_25;paljon;3
1328;166/2020;2020_166_25;pandemiaa;1
1328;166/2020;2020_166_25;panostukset;1
1328;166/2020;2020_166_25;parempaa;1
1328;166/2020;2020_166_25;peilistä;1
1328;166/2020;2020_166_25;pelkästään;2
1328;166/2020;2020_166_25;perussuomalaisten;1
1328;166/2020;2020_166_25;pidättäytyä;1
1328;166/2020;2020_166_25;piisaa;3
1328;166/2020;2020_166_25;pitkä;1
1328;166/2020;2020_166_25;pitkäjänteisestä;1
1328;166/2020;2020_166_25;pitäisi;1
1328;166/2020;2020_166_25;pohjoismaisista;1
1328;166/2020;2020_166_25;poistamisen;1
1328;166/2020;2020_166_25;porukalla;1
1328;166/2020;2020_166_25;prosentin;1
1328;166/2020;2020_166_25;puheenjohtajan;1
1328;166/2020;2020_166_25;puheet;1
1328;166/2020;2020_166_25;puhemies;3
1328;166/2020;2020_166_25;puhetta;3
1328;166/2020;2020_166_25;puhuu;3
1328;166/2020;2020_166_25;punoittavan;1
1328;166/2020;2020_166_25;puolueenne;1
1328;166/2020;2020_166_25;puuhastellaan;1
1328;166/2020;2020_166_25;puuhastelu;1
1328;166/2020;2020_166_25;puutteessa;1
1328;166/2020;2020_166_25;puuttuvat;3
1328;166/2020;2020_166_25;pysty;1
1328;166/2020;2020_166_25;pystyneet;1
1328;166/2020;2020_166_25;pystytään;1
1328;166/2020;2020_166_25;pätkäministeri;1
1328;166/2020;2020_166_25;päämääriä;1
1328;166/2020;2020_166_25;päästy;1
1328;166/2020;2020_166_25;päätöksiin;1
1328;166/2020;2020_166_25;päätöksillä;1
1328;166/2020;2020_166_25;päätöksiä;1
1328;166/2020;2020_166_25;päätösten;1
1328;166/2020;2020_166_25;pöydässä;1
1328;166/2020;2020_166_25;rakennetaan;1
1328;166/2020;2020_166_25;rakenteita;1
1328;166/2020;2020_166_25;rehellisesti;1
1328;166/2020;2020_166_25;rehellistä;1
1328;166/2020;2020_166_25;riitä;1
1328;166/2020;2020_166_25;ruotsissa;1
1328;166/2020;2020_166_25;ryhmästä;1
1328;166/2020;2020_166_25;saarikko;1
1328;166/2020;2020_166_25;saksassa;1
1328;166/2020;2020_166_25;samaa;1
1328;166/2020;2020_166_25;sanoi;1
1328;166/2020;2020_166_25;sanoo;1
1328;166/2020;2020_166_25;sanovat;1
1328;166/2020;2020_166_25;se;5
1328;166/2020;2020_166_25;sektoria;1
1328;166/2020;2020_166_25;sellaiset;1
1328;166/2020;2020_166_25;seuraavan;1
1328;166/2020;2020_166_25;seuraavankin;1
1328;166/2020;2020_166_25;siellä;1
1328;166/2020;2020_166_25;siitä;2
1328;166/2020;2020_166_25;sinne;1
1328;166/2020;2020_166_25;sitä;2
1328;166/2020;2020_166_25;some-päivityksiä;1
1328;166/2020;2020_166_25;sopimista;1
1328;166/2020;2020_166_25;sopimuksia;1
1328;166/2020;2020_166_25;sopuun;1
1328;166/2020;2020_166_25;suhteellisuudentaju;1
1328;166/2020;2020_166_25;suomeen;1
1328;166/2020;2020_166_25;suomi;1
1328;166/2020;2020_166_25;synkkaavan;1
1328;166/2020;2020_166_25;synny;1
1328;166/2020;2020_166_25;syntyvästä;1
1328;166/2020;2020_166_25;syntyy;1
1328;166/2020;2020_166_25;syytä;1
1328;166/2020;2020_166_25;syömävelkaa;1
1328;166/2020;2020_166_25;talman;2
1328;166/2020;2020_166_25;taloudelle;1
1328;166/2020;2020_166_25;taloudellisia;1
1328;166/2020;2020_166_25;talouden;2
1328;166/2020;2020_166_25;taloudessa;1
1328;166/2020;2020_166_25;talous;2
1328;166/2020;2020_166_25;talouskasvua;1
1328;166/2020;2020_166_25;tarvitsevat;1
1328;166/2020;2020_166_25;tarvittiin;1
1328;166/2020;2020_166_25;tavoitteissa;1
1328;166/2020;2020_166_25;tehty;1
1328;166/2020;2020_166_25;tekemistä;1
1328;166/2020;2020_166_25;tekstiä;1
1328;166/2020;2020_166_25;teot;2
1328;166/2020;2020_166_25;tervehdyttämiseksi;1
1328;166/2020;2020_166_25;tervehdyttämiselle;1
1328;166/2020;2020_166_25;terveyspalvelujen;1
1328;166/2020;2020_166_25;tiedä;1
1328;166/2020;2020_166_25;tilaisuus;1
1328;166/2020;2020_166_25;todella;1
1328;166/2020;2020_166_25;todellisuuteen;1
1328;166/2020;2020_166_25;toimilla;1
1328;166/2020;2020_166_25;toiminnasta;1
1328;166/2020;2020_166_25;toimintakyvystä;1
1328;166/2020;2020_166_25;toimittajan;1
1328;166/2020;2020_166_25;toimivia;1
1328;166/2020;2020_166_25;toinen;1
1328;166/2020;2020_166_25;tuhannesta;1
1328;166/2020;2020_166_25;tukehtuu;1
1328;166/2020;2020_166_25;tulee;1
1328;166/2020;2020_166_25;tunnu;1
1328;166/2020;2020_166_25;tuntuu;1
1328;166/2020;2020_166_25;tuo;1
1328;166/2020;2020_166_25;tuomaan;1
1328;166/2020;2020_166_25;tuonut;1
1328;166/2020;2020_166_25;tuottavuutta;1
1328;166/2020;2020_166_25;turhat;1
1328;166/2020;2020_166_25;turvatyynyt;1
1328;166/2020;2020_166_25;työelämän;2
1328;166/2020;2020_166_25;työllisyyspolitiikan;1
1328;166/2020;2020_166_25;työllisyyspolitiikassa;1
1328;166/2020;2020_166_25;työpaikasta;1
1328;166/2020;2020_166_25;työpaikat;1
1328;166/2020;2020_166_25;työpaikkoja;1
1328;166/2020;2020_166_25;työvoimapalveluista;1
1328;166/2020;2020_166_25;tällainen;1
1328;166/2020;2020_166_25;tällaisilla;1
1328;166/2020;2020_166_25;tällä;2
1328;166/2020;2020_166_25;tämä;1
1328;166/2020;2020_166_25;tämän;1
1328;166/2020;2020_166_25;tänä;1
1328;166/2020;2020_166_25;tärkeänä;1
1328;166/2020;2020_166_25;tästä;1
1328;166/2020;2020_166_25;täydessä;1
1328;166/2020;2020_166_25;täällä;1
1328;166/2020;2020_166_25;ulos;1
1328;166/2020;2020_166_25;unohdetaan;1
1328;166/2020;2020_166_25;uskalla;1
1328;166/2020;2020_166_25;uskottavuutta;1
1328;166/2020;2020_166_25;uudet;1
1328;166/2020;2020_166_25;uudistamaan;1
1328;166/2020;2020_166_25;uudistumaan;1
1328;166/2020;2020_166_25;vaalit;1
1328;166/2020;2020_166_25;vai;1
1328;166/2020;2020_166_25;vaikka;1
1328;166/2020;2020_166_25;vain;3
1328;166/2020;2020_166_25;valmiiksi;1
1328;166/2020;2020_166_25;valmistelun;1
1328;166/2020;2020_166_25;valtiovarainministerin;1
1328;166/2020;2020_166_25;vanhanen;6
1328;166/2020;2020_166_25;varmaa;1
1328;166/2020;2020_166_25;vastata;1
1328;166/2020;2020_166_25;vastaukseksi;1
1328;166/2020;2020_166_25;velkaa;1
1328;166/2020;2020_166_25;velkarahan;1
1328;166/2020;2020_166_25;veroja;1
1328;166/2020;2020_166_25;veronmaksajia;1
1328;166/2020;2020_166_25;viikonloppuna;1
1328;166/2020;2020_166_25;viimeinen;1
1328;166/2020;2020_166_25;viisikolla;1
1328;166/2020;2020_166_25;voi;3
1328;166/2020;2020_166_25;vuonna;1
1328;166/2020;2020_166_25;vuosi;1
1328;166/2020;2020_166_25;vuosikymmen;1
1328;166/2020;2020_166_25;vähintään;1
1328;166/2020;2020_166_25;yhteiskuvia;1
1328;166/2020;2020_166_25;yhtään;1
1328;166/2020;2020_166_25;yksityisten;1
1328;166/2020;2020_166_25;ylimääräinen;1
1328;166/2020;2020_166_25;yritysverotuksesta;1
1328;166/2020;2020_166_25;ärade;2
1328;166/2020;2020_166_25;ääntä;1
1328;168/2020;2020_168_213;alta;1
1328;168/2020;2020_168_213;antaa;1
1328;168/2020;2020_168_213;arvoisa;2
1328;168/2020;2020_168_213;ei;2
1328;168/2020;2020_168_213;elinkeino;1
1328;168/2020;2020_168_213;ettei;1
1328;168/2020;2020_168_213;että;1
1328;168/2020;2020_168_213;hallitus;1
1328;168/2020;2020_168_213;hiihtelemään;1
1328;168/2020;2020_168_213;hus;1
1328;168/2020;2020_168_213;häviää;1
1328;168/2020;2020_168_213;ja;1
1328;168/2020;2020_168_213;jos;1
1328;168/2020;2020_168_213;jouluna;1
1328;168/2020;2020_168_213;kehottaneet;1
1328;168/2020;2020_168_213;kehottanut;2
1328;168/2020;2020_168_213;koska;3
1328;168/2020;2020_168_213;lapin;1
1328;168/2020;2020_168_213;lapissa;1
1328;168/2020;2020_168_213;lappiin;3
1328;168/2020;2020_168_213;lintilä;1
1328;168/2020;2020_168_213;lunta;1
1328;168/2020;2020_168_213;matkustamaan;1
1328;168/2020;2020_168_213;menemään;1
1328;168/2020;2020_168_213;mennä;3
1328;168/2020;2020_168_213;ministeri;1
1328;168/2020;2020_168_213;muuten;1
1328;168/2020;2020_168_213;nyt;2
1328;168/2020;2020_168_213;ole;1
1328;168/2020;2020_168_213;on;3
1328;168/2020;2020_168_213;ovat;1
1328;168/2020;2020_168_213;pidä;1
1328;168/2020;2020_168_213;puhemies;1
1328;168/2020;2020_168_213;pääministeri;1
1328;168/2020;2020_168_213;saa;2
1328;168/2020;2020_168_213;sairaanhoitopiiri;1
1328;168/2020;2020_168_213;selvän;1
1328;168/2020;2020_168_213;siellä;1
1328;168/2020;2020_168_213;suomalaisia;1
1328;168/2020;2020_168_213;suomessa;1
1328;168/2020;2020_168_213;suosituksen;1
1328;168/2020;2020_168_213;taas;1
1328;168/2020;2020_168_213;tarvetta;1
1328;168/2020;2020_168_213;tarvitsevat;1
1328;168/2020;2020_168_213;tukea;1
1328;168/2020;2020_168_213;ulkomaille;1
1328;168/2020;2020_168_213;voitteko;1
1328;168/2020;2020_168_213;välttämätöntä;1
1328;168/2020;2020_168_213;yrittäjät;1
1328;169/2022;2022_169_11;aikana;2
1328;169/2022;2022_169_11;ala-asteella;1
1328;169/2022;2022_169_11;andersson;1
1328;169/2022;2022_169_11;arvoisa;1
1328;169/2022;2022_169_11;asialle;1
1328;169/2022;2022_169_11;esimerkiksi;1
1328;169/2022;2022_169_11;ette;1
1328;169/2022;2022_169_11;että;1
1328;169/2022;2022_169_11;hallituskauden;1
1328;169/2022;2022_169_11;heittelemistä;1
1328;169/2022;2022_169_11;henkilökunnasta;2
1328;169/2022;2022_169_11;henkilökuntaa;1
1328;169/2022;2022_169_11;ja;4
1328;169/2022;2022_169_11;jos;1
1328;169/2022;2022_169_11;jotain;1
1328;169/2022;2022_169_11;katsotaan;1
1328;169/2022;2022_169_11;kokenut;4
1328;169/2022;2022_169_11;koko;1
1328;169/2022;2022_169_11;koska;1
1328;169/2022;2022_169_11;koskaan;1
1328;169/2022;2022_169_11;koulun;1
1328;169/2022;2022_169_11;lisääntynyt;1
1328;169/2022;2022_169_11;lyömistä;1
1328;169/2022;2022_169_11;ministeri;1
1328;169/2022;2022_169_11;mitä;1
1328;169/2022;2022_169_11;mutta;1
1328;169/2022;2022_169_11;niin;1
1328;169/2022;2022_169_11;olette;1
1328;169/2022;2022_169_11;olisitte;1
1328;169/2022;2022_169_11;on;5
1328;169/2022;2022_169_11;opettajista;1
1328;169/2022;2022_169_11;potkimista;1
1328;169/2022;2022_169_11;prosenttia;5
1328;169/2022;2022_169_11;psyykkistä;1
1328;169/2022;2022_169_11;puhemies;1
1328;169/2022;2022_169_11;sano;1
1328;169/2022;2022_169_11;talman;1
1328;169/2022;2022_169_11;tavaroiden;1
1328;169/2022;2022_169_11;te;2
1328;169/2022;2022_169_11;tehnyt;2
1328;169/2022;2022_169_11;tälle;1
1328;169/2022;2022_169_11;tämä;1
1328;169/2022;2022_169_11;tämän;1
1328;169/2022;2022_169_11;tässä;1
1328;169/2022;2022_169_11;viimeisten;1
1328;169/2022;2022_169_11;vikaa;1
1328;169/2022;2022_169_11;vuosien;1
1328;169/2022;2022_169_11;väkivaltaa;3
1328;169/2022;2022_169_11;ärade;1
1328;174/2022;2022_174_79;arvoisa;2
1328;174/2022;2022_174_79;eli;1
1328;174/2022;2022_174_79;että;2
1328;174/2022;2022_174_79;hallitus;1
1328;174/2022;2022_174_79;heikennätte;1
1328;174/2022;2022_174_79;heikentynyt;1
1328;174/2022;2022_174_79;hoitoa;1
1328;174/2022;2022_174_79;ikäihmisten;1
1328;174/2022;2022_174_79;ja;2
1328;174/2022;2022_174_79;kehtaatte;2
1328;174/2022;2022_174_79;keskitulojen;1
1328;174/2022;2022_174_79;korkeimman;1
1328;174/2022;2022_174_79;kriteereitä;1
1328;174/2022;2022_174_79;kriteerit;1
1328;174/2022;2022_174_79;kyllä;1
1328;174/2022;2022_174_79;lisäksi;1
1328;174/2022;2022_174_79;maksetaan;2
1328;174/2022;2022_174_79;miten;1
1328;174/2022;2022_174_79;monella;1
1328;174/2022;2022_174_79;moni;1
1328;174/2022;2022_174_79;mukaan;2
1328;174/2022;2022_174_79;muutettu;1
1328;174/2022;2022_174_79;muuttuneet;1
1328;174/2022;2022_174_79;niin;2
1328;174/2022;2022_174_79;no;1
1328;174/2022;2022_174_79;omaishoidon;3
1328;174/2022;2022_174_79;on;3
1328;174/2022;2022_174_79;ovat;1
1328;174/2022;2022_174_79;palkan;1
1328;174/2022;2022_174_79;palkkaharmonisaatio;1
1328;174/2022;2022_174_79;piiristä;1
1328;174/2022;2022_174_79;pois;1
1328;174/2022;2022_174_79;pudonnut;1
1328;174/2022;2022_174_79;puhemies;1
1328;174/2022;2022_174_79;sen;1
1328;174/2022;2022_174_79;talman;1
1328;174/2022;2022_174_79;te;3
1328;174/2022;2022_174_79;tehtiin;1
1328;174/2022;2022_174_79;tuen;1
1328;174/2022;2022_174_79;tuki;3
1328;174/2022;2022_174_79;turvaa;1
1328;174/2022;2022_174_79;vielä;1
1328;174/2022;2022_174_79;ärade;1
1328;179/2022;2022_179_19;aiheutettu;1
1328;179/2022;2022_179_19;aina;1
1328;179/2022;2022_179_19;aitiostanne;1
1328;179/2022;2022_179_19;alentavaa;1
1328;179/2022;2022_179_19;alussa;1
1328;179/2022;2022_179_19;ansaitsee;1
1328;179/2022;2022_179_19;arvoisa;2
1328;179/2022;2022_179_19;arvokkaan;1
1328;179/2022;2022_179_19;asia;1
1328;179/2022;2022_179_19;eduskuntakaudella;1
1328;179/2022;2022_179_19;ei;2
1328;179/2022;2022_179_19;ensi;1
1328;179/2022;2022_179_19;että;5
1328;179/2022;2022_179_19;hallitus;1
1328;179/2022;2022_179_19;heikko;1
1328;179/2022;2022_179_19;hoidon;1
1328;179/2022;2022_179_19;hoitajamitoitus;1
1328;179/2022;2022_179_19;hoitajapula;1
1328;179/2022;2022_179_19;hoitajapulan;1
1328;179/2022;2022_179_19;hoivakriisi;1
1328;179/2022;2022_179_19;huusivat;1
1328;179/2022;2022_179_19;hyvinvointialueilta;1
1328;179/2022;2022_179_19;ihmiset;1
1328;179/2022;2022_179_19;ikääntyvä;1
1328;179/2022;2022_179_19;itse;1
1328;179/2022;2022_179_19;ja;4
1328;179/2022;2022_179_19;jonot;1
1328;179/2022;2022_179_19;kahvia;1
1328;179/2022;2022_179_19;kaiken;1
1328;179/2022;2022_179_19;kasvavat;1
1328;179/2022;2022_179_19;kehyksissä;1
1328;179/2022;2022_179_19;kerrotaan;1
1328;179/2022;2022_179_19;keskellä;1
1328;179/2022;2022_179_19;kiuru;1
1328;179/2022;2022_179_19;korjaa;1
1328;179/2022;2022_179_19;kriisin;1
1328;179/2022;2022_179_19;kriisissä;1
1328;179/2022;2022_179_19;kun;1
1328;179/2022;2022_179_19;kyselytunnilla;1
1328;179/2022;2022_179_19;kädessä;1
1328;179/2022;2022_179_19;käyttää;1
1328;179/2022;2022_179_19;lain;1
1328;179/2022;2022_179_19;lääkäriin;2
1328;179/2022;2022_179_19;löytyy;1
1328;179/2022;2022_179_19;maksetaan;1
1328;179/2022;2022_179_19;mikä;2
1328;179/2022;2022_179_19;miljardia;1
1328;179/2022;2022_179_19;ministeri;1
1328;179/2022;2022_179_19;miten;1
1328;179/2022;2022_179_19;monet;1
1328;179/2022;2022_179_19;mutta;1
1328;179/2022;2022_179_19;määräämiin;1
1328;179/2022;2022_179_19;nyt;1
1328;179/2022;2022_179_19;nähdään;1
1328;179/2022;2022_179_19;näin;1
1328;179/2022;2022_179_19;oli;1
1328;179/2022;2022_179_19;olleet;1
1328;179/2022;2022_179_19;on;5
1328;179/2022;2022_179_19;ongelma;1
1328;179/2022;2022_179_19;ovat;1
1328;179/2022;2022_179_19;pahentunut;1
1328;179/2022;2022_179_19;palveluihin;1
1328;179/2022;2022_179_19;pidä;1
1328;179/2022;2022_179_19;puhemies;1
1328;179/2022;2022_179_19;puutteen;1
1328;179/2022;2022_179_19;puuttuu;1
1328;179/2022;2022_179_19;pääse;1
1328;179/2022;2022_179_19;pääsevät;1
1328;179/2022;2022_179_19;päättää;1
1328;179/2022;2022_179_19;rahaa;1
1328;179/2022;2022_179_19;rahan;1
1328;179/2022;2022_179_19;rahat;1
1328;179/2022;2022_179_19;rahoja;1
1328;179/2022;2022_179_19;rajalliset;1
1328;179/2022;2022_179_19;se;1
1328;179/2022;2022_179_19;sieltä;1
1328;179/2022;2022_179_19;siihen;1
1328;179/2022;2022_179_19;siitä;1
1328;179/2022;2022_179_19;sosiaali;1
1328;179/2022;2022_179_19;takia;1
1328;179/2022;2022_179_19;tammikuussa;1
1328;179/2022;2022_179_19;tarjoilitte;1
1328;179/2022;2022_179_19;tarkoittaa;1
1328;179/2022;2022_179_19;te;1
1328;179/2022;2022_179_19;teidän;1
1328;179/2022;2022_179_19;teistä;1
1328;179/2022;2022_179_19;teknisissä;1
1328;179/2022;2022_179_19;terveydenhuoltojärjestelmä;1
1328;179/2022;2022_179_19;terveyspalvelujen;1
1328;179/2022;2022_179_19;tiedossa;1
1328;179/2022;2022_179_19;tila;1
1328;179/2022;2022_179_19;toimestanne;1
1328;179/2022;2022_179_19;tuhlata;1
1328;179/2022;2022_179_19;tulee;1
1328;179/2022;2022_179_19;tähän;1
1328;179/2022;2022_179_19;tällaisen;1
1328;179/2022;2022_179_19;tärkeäksi;1
1328;179/2022;2022_179_19;täydellisessä;1
1328;179/2022;2022_179_19;täysin;2
1328;179/2022;2022_179_19;vaalikauden;1
1328;179/2022;2022_179_19;vain;2
1328;179/2022;2022_179_19;valtaa;1
1328;179/2022;2022_179_19;valtiovarainministeriön;1
1328;179/2022;2022_179_19;vastaatte;1
1328;179/2022;2022_179_19;vastuullisesti;1
1328;179/2022;2022_179_19;vastuutonta;1
1328;179/2022;2022_179_19;viime;3
1328;179/2022;2022_179_19;vuoden;1
1328;179/2022;2022_179_19;väestömme;1
1328;179/2022;2022_179_19;yhteisiä;1
1328;179/2022;2022_179_19;yhteiskunnan;1
1328;18/2020;2020_18_15;ainoastaan;1
1328;18/2020;2020_18_15;aivan;1
1328;18/2020;2020_18_15;arvoisa;2
1328;18/2020;2020_18_15;ei;3
1328;18/2020;2020_18_15;eniten;1
1328;18/2020;2020_18_15;eri;1
1328;18/2020;2020_18_15;että;1
1328;18/2020;2020_18_15;eun;2
1328;18/2020;2020_18_15;hakea;1
1328;18/2020;2020_18_15;halutaan;1
1328;18/2020;2020_18_15;hädässä;1
1328;18/2020;2020_18_15;ja;2
1328;18/2020;2020_18_15;jossa;1
1328;18/2020;2020_18_15;järjestelmä;2
1328;18/2020;2020_18_15;kautta;1
1328;18/2020;2020_18_15;keskuksista;1
1328;18/2020;2020_18_15;kielteisen;1
1328;18/2020;2020_18_15;kiinni;1
1328;18/2020;2020_18_15;kiintiöpakolaisjärjestelmän;1
1328;18/2020;2020_18_15;käyttötarkoitukseen;1
1328;18/2020;2020_18_15;laittomilta;1
1328;18/2020;2020_18_15;luoda;1
1328;18/2020;2020_18_15;luotiin;1
1328;18/2020;2020_18_15;maahanmuutoilta;1
1328;18/2020;2020_18_15;maasta;1
1328;18/2020;2020_18_15;mahdollista;1
1328;18/2020;2020_18_15;miksi;1
1328;18/2020;2020_18_15;ministeri;2
1328;18/2020;2020_18_15;myönteisen;1
1328;18/2020;2020_18_15;noin;1
1328;18/2020;2020_18_15;nykyinen;1
1328;18/2020;2020_18_15;ohisalo;2
1328;18/2020;2020_18_15;ole;1
1328;18/2020;2020_18_15;olevia;1
1328;18/2020;2020_18_15;olisiko;1
1328;18/2020;2020_18_15;olla;1
1328;18/2020;2020_18_15;osoitti;1
1328;18/2020;2020_18_15;otetaan;1
1328;18/2020;2020_18_15;pakolaisia;1
1328;18/2020;2020_18_15;perustettavista;1
1328;18/2020;2020_18_15;pidetään;1
1328;18/2020;2020_18_15;pitäisi;2
1328;18/2020;2020_18_15;poistettua;1
1328;18/2020;2020_18_15;puhemies;1
1328;18/2020;2020_18_15;puolet;1
1328;18/2020;2020_18_15;puoli;1
1328;18/2020;2020_18_15;päivän;1
1328;18/2020;2020_18_15;päätöksen;2
1328;18/2020;2020_18_15;saaneita;1
1328;18/2020;2020_18_15;saatu;1
1328;18/2020;2020_18_15;sai;1
1328;18/2020;2020_18_15;se;2
1328;18/2020;2020_18_15;sellainen;1
1328;18/2020;2020_18_15;sen;1
1328;18/2020;2020_18_15;sitten;1
1328;18/2020;2020_18_15;suomeen;1
1328;18/2020;2020_18_15;tiedetään;1
1328;18/2020;2020_18_15;tilannetta;1
1328;18/2020;2020_18_15;toimi;1
1328;18/2020;2020_18_15;turvapaikanhakijoista;1
1328;18/2020;2020_18_15;turvapaikkaa;1
1328;18/2020;2020_18_15;turvapaikkajärjestelmä;1
1328;18/2020;2020_18_15;tämä;2
1328;18/2020;2020_18_15;tämän;1
1328;18/2020;2020_18_15;ulkopuolelle;1
1328;18/2020;2020_18_15;ulkorajat;1
1328;18/2020;2020_18_15;uusi;1
1328;18/2020;2020_18_15;uusia;1
1328;18/2020;2020_18_15;vaikka;1
1328;18/2020;2020_18_15;vastaa;1
1328;18/2020;2020_18_15;virheet;1
1328;18/2020;2020_18_15;voisi;1
1328;18/2020;2020_18_15;vuosi;1
1328;18/2020;2020_18_15;vuosisataa;1
1328;18/2020;2020_18_15;yli;1
1328;18/2021;2021_18_93;arvoisa;2
1328;18/2021;2021_18_93;että;2
1328;18/2021;2021_18_93;hintataso;1
1328;18/2021;2021_18_93;investointeja;2
1328;18/2021;2021_18_93;ja;3
1328;18/2021;2021_18_93;jalostamonsa;1
1328;18/2021;2021_18_93;kilpailukyky;1
1328;18/2021;2021_18_93;korkea;1
1328;18/2021;2021_18_93;lintilä;1
1328;18/2021;2021_18_93;logistiikkakustannukset;1
1328;18/2021;2021_18_93;meinaatte;1
1328;18/2021;2021_18_93;ministeri;1
1328;18/2021;2021_18_93;mitä;1
1328;18/2021;2021_18_93;naantalissa;1
1328;18/2021;2021_18_93;neste;1
1328;18/2021;2021_18_93;niin;1
1328;18/2021;2021_18_93;näyttää;1
1328;18/2021;2021_18_93;on;2
1328;18/2021;2021_18_93;puhemies;1
1328;18/2021;2021_18_93;rotterdamiin;1
1328;18/2021;2021_18_93;rouva;1
1328;18/2021;2021_18_93;saa;1
1328;18/2021;2021_18_93;saamme;1
1328;18/2021;2021_18_93;se;1
1328;18/2021;2021_18_93;siltä;1
1328;18/2021;2021_18_93;sulki;1
1328;18/2021;2021_18_93;suomeen;1
1328;18/2021;2021_18_93;suomen;1
1328;18/2021;2021_18_93;suomessa;1
1328;18/2021;2021_18_93;suomi;1
1328;18/2021;2021_18_93;syksyllä;1
1328;18/2021;2021_18_93;syynä;1
1328;18/2021;2021_18_93;säilyy;1
1328;18/2021;2021_18_93;tehdä;1
1328;18/2021;2021_18_93;tekemässä;1
1328;18/2021;2021_18_93;työpaikkoja;1
1328;18/2021;2021_18_93;uusia;2
1328;18/2024;2024_18_36;arvoisa;1
1328;18/2024;2024_18_36;asiaa;1
1328;18/2024;2024_18_36;ei;2
1328;18/2024;2024_18_36;en;1
1328;18/2024;2024_18_36;erinomainen;1
1328;18/2024;2024_18_36;erittäin;2
1328;18/2024;2024_18_36;että;3
1328;18/2024;2024_18_36;etu;2
1328;18/2024;2024_18_36;hallitukseen;1
1328;18/2024;2024_18_36;huudella;1
1328;18/2024;2024_18_36;hyvin;2
1328;18/2024;2024_18_36;irtisanomisia;1
1328;18/2024;2024_18_36;ja;2
1328;18/2024;2024_18_36;jota;1
1328;18/2024;2024_18_36;kaikkien;1
1328;18/2024;2024_18_36;kansiin;1
1328;18/2024;2024_18_36;kirjoihin;1
1328;18/2024;2024_18_36;kokoomuksen;1
1328;18/2024;2024_18_36;koska;1
1328;18/2024;2024_18_36;kukaan;1
1328;18/2024;2024_18_36;kuuluu;1
1328;18/2024;2024_18_36;kysymykseni;1
1328;18/2024;2024_18_36;laki;1
1328;18/2024;2024_18_36;malli;1
1328;18/2024;2024_18_36;meinaatte;1
1328;18/2024;2024_18_36;mielestäni;1
1328;18/2024;2024_18_36;miettiä;1
1328;18/2024;2024_18_36;miksi;1
1328;18/2024;2024_18_36;millä;2
1328;18/2024;2024_18_36;ministeri;1
1328;18/2024;2024_18_36;minun;2
1328;18/2024;2024_18_36;minä;1
1328;18/2024;2024_18_36;mitä;1
1328;18/2024;2024_18_36;muita;1
1328;18/2024;2024_18_36;mutta;1
1328;18/2024;2024_18_36;niin;2
1328;18/2024;2024_18_36;on;2
1328;18/2024;2024_18_36;ota;1
1328;18/2024;2024_18_36;ottaminen;1
1328;18/2024;2024_18_36;pitää;1
1328;18/2024;2024_18_36;puheenvuoro;1
1328;18/2024;2024_18_36;puhemies;1
1328;18/2024;2024_18_36;pystytä;1
1328;18/2024;2024_18_36;ruotsissa;2
1328;18/2024;2024_18_36;ryhmästä;1
1328;18/2024;2024_18_36;saada;1
1328;18/2024;2024_18_36;sanoisin;1
1328;18/2024;2024_18_36;satonen;1
1328;18/2024;2024_18_36;se;5
1328;18/2024;2024_18_36;sen;1
1328;18/2024;2024_18_36;seuraavasti;1
1328;18/2024;2024_18_36;siellä;2
1328;18/2024;2024_18_36;siitä;1
1328;18/2024;2024_18_36;silloin;2
1328;18/2024;2024_18_36;sitä;2
1328;18/2024;2024_18_36;suomessa;1
1328;18/2024;2024_18_36;suoraan;1
1328;18/2024;2024_18_36;säästöjä;1
1328;18/2024;2024_18_36;talman;1
1328;18/2024;2024_18_36;tapahtuu;1
1328;18/2024;2024_18_36;tavalla;2
1328;18/2024;2024_18_36;te;1
1328;18/2024;2024_18_36;tehdäänkö;1
1328;18/2024;2024_18_36;teille;1
1328;18/2024;2024_18_36;tekemään;1
1328;18/2024;2024_18_36;tietävät;1
1328;18/2024;2024_18_36;toimii;2
1328;18/2024;2024_18_36;toteuttamaan;1
1328;18/2024;2024_18_36;toteutumaan;1
1328;18/2024;2024_18_36;tulee;1
1328;18/2024;2024_18_36;tuleeko;2
1328;18/2024;2024_18_36;tulevaisuudessa;1
1328;18/2024;2024_18_36;tullaan;1
1328;18/2024;2024_18_36;turha;1
1328;18/2024;2024_18_36;työntekijät;1
1328;18/2024;2024_18_36;työntekijöiden;1
1328;18/2024;2024_18_36;tästä;1
1328;18/2024;2024_18_36;vaan;1
1328;18/2024;2024_18_36;vain;1
1328;18/2024;2024_18_36;vasemmalta;1
1328;18/2024;2024_18_36;vientivetoinen;1
1328;18/2024;2024_18_36;vierestä;1
1328;18/2024;2024_18_36;välihuutoja;1
1328;18/2024;2024_18_36;yleensä;1
1328;18/2024;2024_18_36;ymmärrä;1
1328;18/2024;2024_18_36;yrityksen;1
1328;18/2024;2024_18_36;yrityksessä;1
1328;18/2024;2024_18_36;yritysten;1
1328;18/2024;2024_18_36;ärade;1
1328;2/2020;2020_2_60;aivan;1
1328;2/2020;2020_2_60;arvoisa;1
1328;2/2020;2020_2_60;d-viisumi;1
1328;2/2020;2020_2_60;d-viisumin;1
1328;2/2020;2020_2_60;edistetään;1
1328;2/2020;2020_2_60;ehdotus;1
1328;2/2020;2020_2_60;ei;1
1328;2/2020;2020_2_60;erinomainen;1
1328;2/2020;2020_2_60;esimerkiksi;1
1328;2/2020;2020_2_60;haatainen;1
1328;2/2020;2020_2_60;hakuprosessi;1
1328;2/2020;2020_2_60;helpompi;1
1328;2/2020;2020_2_60;henkilöt;1
1328;2/2020;2020_2_60;ihmisille;1
1328;2/2020;2020_2_60;ja;3
1328;2/2020;2020_2_60;joilla;2
1328;2/2020;2020_2_60;joissain;1
1328;2/2020;2020_2_60;kansallinen;1
1328;2/2020;2020_2_60;kansantaloudelle;1
1328;2/2020;2020_2_60;katsoa;1
1328;2/2020;2020_2_60;kokeilla;1
1328;2/2020;2020_2_60;kuitenkin;1
1328;2/2020;2020_2_60;käyttöä;1
1328;2/2020;2020_2_60;käytössä;1
1328;2/2020;2020_2_60;laajasti;1
1328;2/2020;2020_2_60;laajemmin;1
1328;2/2020;2020_2_60;maahanmuuttajia;1
1328;2/2020;2020_2_60;maahanmuuttoa;1
1328;2/2020;2020_2_60;maahanmuuttoon;1
1328;2/2020;2020_2_60;maissa;1
1328;2/2020;2020_2_60;ministeri;1
1328;2/2020;2020_2_60;minulla;1
1328;2/2020;2020_2_60;mutta;1
1328;2/2020;2020_2_60;määräaikaisesti;1
1328;2/2020;2020_2_60;nimenomaan;1
1328;2/2020;2020_2_60;oikein;1
1328;2/2020;2020_2_60;oleskella;1
1328;2/2020;2020_2_60;olette;1
1328;2/2020;2020_2_60;oleva;1
1328;2/2020;2020_2_60;olevia;1
1328;2/2020;2020_2_60;on;7
1328;2/2020;2020_2_60;ongelma;1
1328;2/2020;2020_2_60;opiskelun;1
1328;2/2020;2020_2_60;peruste;1
1328;2/2020;2020_2_60;pidä;1
1328;2/2020;2020_2_60;puhemies;1
1328;2/2020;2020_2_60;rajoitetusti;1
1328;2/2020;2020_2_60;saada;1
1328;2/2020;2020_2_60;schengen-alueella;1
1328;2/2020;2020_2_60;se;3
1328;2/2020;2020_2_60;sen;1
1328;2/2020;2020_2_60;sitten;1
1328;2/2020;2020_2_60;sitä;2
1328;2/2020;2020_2_60;suomalaisia;1
1328;2/2020;2020_2_60;suomessa;1
1328;2/2020;2020_2_60;suomessakin;1
1328;2/2020;2020_2_60;tai;2
1328;2/2020;2020_2_60;tarpeeseen;1
1328;2/2020;2020_2_60;tarttunut;1
1328;2/2020;2020_2_60;tilapäisen;1
1328;2/2020;2020_2_60;toimenpiteisiin;1
1328;2/2020;2020_2_60;työn;1
1328;2/2020;2020_2_60;työperäiseen;1
1328;2/2020;2020_2_60;työperäistä;1
1328;2/2020;2020_2_60;työttömiä;2
1328;2/2020;2020_2_60;työttömyys;1
1328;2/2020;2020_2_60;työvoiman;1
1328;2/2020;2020_2_60;unohtaa;1
1328;2/2020;2020_2_60;valtava;1
1328;2/2020;2020_2_60;voisi;1
1328;2/2020;2020_2_60;voivat;1
1328;2/2020;2020_2_60;vuoksi;1
1328;2/2024;2024_2_67;aikaan;1
1328;2/2024;2024_2_67;alaspäin;1
1328;2/2024;2024_2_67;arvoisa;1
1328;2/2024;2024_2_67;avoimet;1
1328;2/2024;2024_2_67;een;1
1328;2/2024;2024_2_67;ei;1
1328;2/2024;2024_2_67;eivät;2
1328;2/2024;2024_2_67;en;1
1328;2/2024;2024_2_67;erittäin;1
1328;2/2024;2024_2_67;että;3
1328;2/2024;2024_2_67;hetkellä;1
1328;2/2024;2024_2_67;hyviä;1
1328;2/2024;2024_2_67;ja;3
1328;2/2024;2024_2_67;jo;1
1328;2/2024;2024_2_67;jos;1
1328;2/2024;2024_2_67;junia;1
1328;2/2024;2024_2_67;just;1
1328;2/2024;2024_2_67;kaikki;1
1328;2/2024;2024_2_67;kaksi;1
1328;2/2024;2024_2_67;kasvuasioita;1
1328;2/2024;2024_2_67;kasvun;1
1328;2/2024;2024_2_67;kertokaa;1
1328;2/2024;2024_2_67;kiitos;1
1328;2/2024;2024_2_67;kiuru;1
1328;2/2024;2024_2_67;krista;1
1328;2/2024;2024_2_67;kuin;1
1328;2/2024;2024_2_67;kun;3
1328;2/2024;2024_2_67;kutistuu;1
1328;2/2024;2024_2_67;kuusi;1
1328;2/2024;2024_2_67;kymmenen;1
1328;2/2024;2024_2_67;laskennalliset;1
1328;2/2024;2024_2_67;lisää;2
1328;2/2024;2024_2_67;mahdollisuutta;1
1328;2/2024;2024_2_67;menee;1
1328;2/2024;2024_2_67;menossa;1
1328;2/2024;2024_2_67;miljardia;2
1328;2/2024;2024_2_67;millä;2
1328;2/2024;2024_2_67;minulla;1
1328;2/2024;2024_2_67;minulle;1
1328;2/2024;2024_2_67;minuutissa;1
1328;2/2024;2024_2_67;minä;1
1328;2/2024;2024_2_67;mitkä;1
1328;2/2024;2024_2_67;mitään;1
1328;2/2024;2024_2_67;mutta;3
1328;2/2024;2024_2_67;ne;4
1328;2/2024;2024_2_67;niin;2
1328;2/2024;2024_2_67;niistä;1
1328;2/2024;2024_2_67;no;1
1328;2/2024;2024_2_67;nyt;3
1328;2/2024;2024_2_67;näin;1
1328;2/2024;2024_2_67;näitä;1
1328;2/2024;2024_2_67;nämä;3
1328;2/2024;2024_2_67;ole;1
1328;2/2024;2024_2_67;olisi;1
1328;2/2024;2024_2_67;olisivat;1
1328;2/2024;2024_2_67;on;6
1328;2/2024;2024_2_67;ovat;2
1328;2/2024;2024_2_67;palaveri;1
1328;2/2024;2024_2_67;pitää;1
1328;2/2024;2024_2_67;pointtia;1
1328;2/2024;2024_2_67;puhemies;1
1328;2/2024;2024_2_67;puhuttu;1
1328;2/2024;2024_2_67;pysty;1
1328;2/2024;2024_2_67;päivänselvää;1
1328;2/2024;2024_2_67;pääministerille;1
1328;2/2024;2024_2_67;rakentamalla;1
1328;2/2024;2024_2_67;saan;1
1328;2/2024;2024_2_67;sanottu;1
1328;2/2024;2024_2_67;selvittämään;1
1328;2/2024;2024_2_67;sen;1
1328;2/2024;2024_2_67;siitä;1
1328;2/2024;2024_2_67;silloin;1
1328;2/2024;2024_2_67;sopisivat;1
1328;2/2024;2024_2_67;sovi;1
1328;2/2024;2024_2_67;sta;1
1328;2/2024;2024_2_67;synny;1
1328;2/2024;2024_2_67;syntyvät;1
1328;2/2024;2024_2_67;säästetään;1
1328;2/2024;2024_2_67;säästötoimet;1
1328;2/2024;2024_2_67;talman;1
1328;2/2024;2024_2_67;talous;3
1328;2/2024;2024_2_67;te;1
1328;2/2024;2024_2_67;teette;1
1328;2/2024;2024_2_67;tehtyä;1
1328;2/2024;2024_2_67;teollisuuden;1
1328;2/2024;2024_2_67;tilauskanta;1
1328;2/2024;2024_2_67;toimet;2
1328;2/2024;2024_2_67;tullut;1
1328;2/2024;2024_2_67;tuottaisivat;1
1328;2/2024;2024_2_67;tuottavat;1
1328;2/2024;2024_2_67;työllistä;2
1328;2/2024;2024_2_67;työpaikat;2
1328;2/2024;2024_2_67;työtöntä;1
1328;2/2024;2024_2_67;tällä;1
1328;2/2024;2024_2_67;tämän;1
1328;2/2024;2024_2_67;tänään;1
1328;2/2024;2024_2_67;tässä;1
1328;2/2024;2024_2_67;varmasti;1
1328;2/2024;2024_2_67;voidaan;1
1328;2/2024;2024_2_67;vähenee;1
1328;2/2024;2024_2_67;vähentyneet;1
1328;2/2024;2024_2_67;ylöspäin;1
1328;2/2024;2024_2_67;ärade;1
1328;21/2021;2021_21_84;alennusmyyntejä;1
1328;21/2021;2021_21_84;arvoisa;3
1328;21/2021;2021_21_84;asialle;1
1328;21/2021;2021_21_84;eivät;1
1328;21/2021;2021_21_84;elämme;2
1328;21/2021;2021_21_84;että;1
1328;21/2021;2021_21_84;etäopetuksessa;1
1328;21/2021;2021_21_84;harrastuksiin;1
1328;21/2021;2021_21_84;houkutella;1
1328;21/2021;2021_21_84;hyvä;2
1328;21/2021;2021_21_84;ihmisiä;1
1328;21/2021;2021_21_84;ja;2
1328;21/2021;2021_21_84;joiden;1
1328;21/2021;2021_21_84;jotain;1
1328;21/2021;2021_21_84;juha;1
1328;21/2021;2021_21_84;kaikkia;1
1328;21/2021;2021_21_84;kaupat;1
1328;21/2021;2021_21_84;kauppakeskukset;1
1328;21/2021;2021_21_84;kontakteja;2
1328;21/2021;2021_21_84;koronaepidemia;1
1328;21/2021;2021_21_84;koulut;1
1328;21/2021;2021_21_84;kuin;1
1328;21/2021;2021_21_84;kun;1
1328;21/2021;2021_21_84;kuntosalien;1
1328;21/2021;2021_21_84;kuriin;1
1328;21/2021;2021_21_84;kysymys;1
1328;21/2021;2021_21_84;mahdollista;1
1328;21/2021;2021_21_84;mammuttimarkkinoita;1
1328;21/2021;2021_21_84;markkinoivat;2
1328;21/2021;2021_21_84;me;1
1328;21/2021;2021_21_84;mielestänne;1
1328;21/2021;2021_21_84;mutta;1
1328;21/2021;2021_21_84;mäenpää;1
1328;21/2021;2021_21_84;niin;2
1328;21/2021;2021_21_84;nuoret;1
1328;21/2021;2021_21_84;näitä;1
1328;21/2021;2021_21_84;oikein;1
1328;21/2021;2021_21_84;on;5
1328;21/2021;2021_21_84;ongelmia;1
1328;21/2021;2021_21_84;onko;1
1328;21/2021;2021_21_84;osaksi;1
1328;21/2021;2021_21_84;ovat;1
1328;21/2021;2021_21_84;paikkaan;1
1328;21/2021;2021_21_84;paljon;1
1328;21/2021;2021_21_84;poikkeusoloja;2
1328;21/2021;2021_21_84;puhemies;1
1328;21/2021;2021_21_84;pääministeri;2
1328;21/2021;2021_21_84;pääse;1
1328;21/2021;2021_21_84;rajat;1
1328;21/2021;2021_21_84;rajoitettu;1
1328;21/2021;2021_21_84;ravintolat;1
1328;21/2021;2021_21_84;saada;1
1328;21/2021;2021_21_84;samaan;1
1328;21/2021;2021_21_84;suljettu;1
1328;21/2021;2021_21_84;suurimmaksi;1
1328;21/2021;2021_21_84;talman;1
1328;21/2021;2021_21_84;tarkoituksena;1
1328;21/2021;2021_21_84;tehdä;1
1328;21/2021;2021_21_84;tehty;1
1328;21/2021;2021_21_84;teidän;1
1328;21/2021;2021_21_84;toimenpiteitä;1
1328;21/2021;2021_21_84;toimintaa;1
1328;21/2021;2021_21_84;tälle;1
1328;21/2021;2021_21_84;tällä;1
1328;21/2021;2021_21_84;vaikka;1
1328;21/2021;2021_21_84;vielä;1
1328;21/2021;2021_21_84;voisiko;1
1328;21/2021;2021_21_84;vuotavat;1
1328;21/2021;2021_21_84;vähennämme;1
1328;21/2021;2021_21_84;vähentää;1
1328;21/2021;2021_21_84;yrittävät;1
1328;21/2021;2021_21_84;ärade;1
1328;21/2023;2023_21_16;aiheista;1
1328;21/2023;2023_21_16;aika;3
1328;21/2023;2023_21_16;aikaa;1
1328;21/2023;2023_21_16;aikaan;1
1328;21/2023;2023_21_16;ainoa;2
1328;21/2023;2023_21_16;aivan;2
1328;21/2023;2023_21_16;ammattilaisia;1
1328;21/2023;2023_21_16;antavat;1
1328;21/2023;2023_21_16;anteeksi;1
1328;21/2023;2023_21_16;arvoisa;5
1328;21/2023;2023_21_16;arvokkaassa;1
1328;21/2023;2023_21_16;arvovallasta;1
1328;21/2023;2023_21_16;asia;1
1328;21/2023;2023_21_16;asiasta;1
1328;21/2023;2023_21_16;asioissa;1
1328;21/2023;2023_21_16;asioita;1
1328;21/2023;2023_21_16;asti;1
1328;21/2023;2023_21_16;avaus;1
1328;21/2023;2023_21_16;edes;1
1328;21/2023;2023_21_16;eduskunnan;1
1328;21/2023;2023_21_16;ei;6
1328;21/2023;2023_21_16;eivät;1
1328;21/2023;2023_21_16;eivätkä;1
1328;21/2023;2023_21_16;en;1
1328;21/2023;2023_21_16;enemmän;1
1328;21/2023;2023_21_16;enkä;1
1328;21/2023;2023_21_16;ennen;1
1328;21/2023;2023_21_16;eri;3
1328;21/2023;2023_21_16;erittäin;1
1328;21/2023;2023_21_16;erotuomari;1
1328;21/2023;2023_21_16;erotuomaria;1
1328;21/2023;2023_21_16;eteen;1
1328;21/2023;2023_21_16;että;6
1328;21/2023;2023_21_16;hallituksen;3
1328;21/2023;2023_21_16;hallitus;2
1328;21/2023;2023_21_16;hallituspuolueet;1
1328;21/2023;2023_21_16;halua;1
1328;21/2023;2023_21_16;haluat;3
1328;21/2023;2023_21_16;heidät;1
1328;21/2023;2023_21_16;helppo;1
1328;21/2023;2023_21_16;heräämme;1
1328;21/2023;2023_21_16;hoitoon;1
1328;21/2023;2023_21_16;huolissani;1
1328;21/2023;2023_21_16;huonosti;1
1328;21/2023;2023_21_16;huudella;1
1328;21/2023;2023_21_16;huudellaan;1
1328;21/2023;2023_21_16;hyvin;1
1328;21/2023;2023_21_16;hyvää;1
1328;21/2023;2023_21_16;ihmetellyt;1
1328;21/2023;2023_21_16;ihmiset;1
1328;21/2023;2023_21_16;ihmisiä;4
1328;21/2023;2023_21_16;ihmisten;1
1328;21/2023;2023_21_16;ihonvärin;1
1328;21/2023;2023_21_16;investointeja;1
1328;21/2023;2023_21_16;itsestäänselvyyksistä;1
1328;21/2023;2023_21_16;itsestäänselvyyksiä;1
1328;21/2023;2023_21_16;itseäsi;3
1328;21/2023;2023_21_16;ja;15
1328;21/2023;2023_21_16;jatkaa;1
1328;21/2023;2023_21_16;jatkossakin;1
1328;21/2023;2023_21_16;jonoksi;1
1328;21/2023;2023_21_16;jossa;2
1328;21/2023;2023_21_16;jotenkin;1
1328;21/2023;2023_21_16;julkisen;1
1328;21/2023;2023_21_16;juuri;1
1328;21/2023;2023_21_16;jää;1
1328;21/2023;2023_21_16;jäävät;1
1328;21/2023;2023_21_16;kaiken;1
1328;21/2023;2023_21_16;kaikilla;1
1328;21/2023;2023_21_16;kaikkea;2
1328;21/2023;2023_21_16;kaikki;1
1328;21/2023;2023_21_16;kanavissa;1
1328;21/2023;2023_21_16;kannustaa;1
1328;21/2023;2023_21_16;kansalainen;1
1328;21/2023;2023_21_16;kanssakäymistä;1
1328;21/2023;2023_21_16;kasvanut;1
1328;21/2023;2023_21_16;kasvuun;2
1328;21/2023;2023_21_16;kehtaamme;1
1328;21/2023;2023_21_16;kesken;1
1328;21/2023;2023_21_16;keskittyä;2
1328;21/2023;2023_21_16;keskustelemaan;1
1328;21/2023;2023_21_16;keskustelu;1
1328;21/2023;2023_21_16;keskustelua;1
1328;21/2023;2023_21_16;kesä;2
1328;21/2023;2023_21_16;kiinni;1
1328;21/2023;2023_21_16;kiitos;1
1328;21/2023;2023_21_16;kiristää;1
1328;21/2023;2023_21_16;kirjoittelua;1
1328;21/2023;2023_21_16;kirjoitti;1
1328;21/2023;2023_21_16;kissoja;1
1328;21/2023;2023_21_16;kohdeltavan;3
1328;21/2023;2023_21_16;kohtaa;1
1328;21/2023;2023_21_16;kohtele;3
1328;21/2023;2023_21_16;koko;1
1328;21/2023;2023_21_16;konkurssiin;1
1328;21/2023;2023_21_16;koska;1
1328;21/2023;2023_21_16;koskee;2
1328;21/2023;2023_21_16;kriteereitä;1
1328;21/2023;2023_21_16;kuin;4
1328;21/2023;2023_21_16;kuinka;1
1328;21/2023;2023_21_16;kuitattu;1
1328;21/2023;2023_21_16;kuka;3
1328;21/2023;2023_21_16;kukkuraksi;1
1328;21/2023;2023_21_16;kului;1
1328;21/2023;2023_21_16;kulunut;2
1328;21/2023;2023_21_16;kun;2
1328;21/2023;2023_21_16;kuntoon;3
1328;21/2023;2023_21_16;kuten;1
1328;21/2023;2023_21_16;kuunnelkaa;2
1328;21/2023;2023_21_16;kyllä;1
1328;21/2023;2023_21_16;kyse;1
1328;21/2023;2023_21_16;kysymään;1
1328;21/2023;2023_21_16;käsittämätöntä;1
1328;21/2023;2023_21_16;käsitys;1
1328;21/2023;2023_21_16;köyhtyvät;1
1328;21/2023;2023_21_16;laittamaan;1
1328;21/2023;2023_21_16;lamaan;1
1328;21/2023;2023_21_16;lauseella;1
1328;21/2023;2023_21_16;lista;2
1328;21/2023;2023_21_16;lisää;1
1328;21/2023;2023_21_16;lisäämistä;1
1328;21/2023;2023_21_16;lisääntyy;1
1328;21/2023;2023_21_16;lopulta;1
1328;21/2023;2023_21_16;luetellaan;1
1328;21/2023;2023_21_16;lähteä;1
1328;21/2023;2023_21_16;löydy;1
1328;21/2023;2023_21_16;löytää;1
1328;21/2023;2023_21_16;maahanmuuton;1
1328;21/2023;2023_21_16;maahanmuuttoa;1
1328;21/2023;2023_21_16;maahanmuuttoministeriä;1
1328;21/2023;2023_21_16;mahdollisuudet;1
1328;21/2023;2023_21_16;me;1
1328;21/2023;2023_21_16;mediassa;1
1328;21/2023;2023_21_16;meidän;2
1328;21/2023;2023_21_16;meille;1
1328;21/2023;2023_21_16;meillä;3
1328;21/2023;2023_21_16;menee;2
1328;21/2023;2023_21_16;mennä;1
1328;21/2023;2023_21_16;menossa;1
1328;21/2023;2023_21_16;merkeissä;1
1328;21/2023;2023_21_16;merkittävä;1
1328;21/2023;2023_21_16;mielestäni;1
1328;21/2023;2023_21_16;mietitään;1
1328;21/2023;2023_21_16;miksei;1
1328;21/2023;2023_21_16;miljardi;1
1328;21/2023;2023_21_16;milloin;1
1328;21/2023;2023_21_16;minuuttia;1
1328;21/2023;2023_21_16;missä;1
1328;21/2023;2023_21_16;missäkin;1
1328;21/2023;2023_21_16;mistä;1
1328;21/2023;2023_21_16;mitataan;1
1328;21/2023;2023_21_16;miten;1
1328;21/2023;2023_21_16;mitä;1
1328;21/2023;2023_21_16;mutta;1
1328;21/2023;2023_21_16;mykiksi;1
1328;21/2023;2023_21_16;myymään;1
1328;21/2023;2023_21_16;natsitervehdyksiä;1
1328;21/2023;2023_21_16;niin;3
1328;21/2023;2023_21_16;nopeammin;1
1328;21/2023;2023_21_16;nyt;10
1328;21/2023;2023_21_16;näistä;1
1328;21/2023;2023_21_16;ohjelmansa;1
1328;21/2023;2023_21_16;ohjelmassa;1
1328;21/2023;2023_21_16;oikea;1
1328;21/2023;2023_21_16;oikeasti;2
1328;21/2023;2023_21_16;oikein;1
1328;21/2023;2023_21_16;ole;5
1328;21/2023;2023_21_16;olen;2
1328;21/2023;2023_21_16;olisi;2
1328;21/2023;2023_21_16;olla;2
1328;21/2023;2023_21_16;omaa;1
1328;21/2023;2023_21_16;omaisuutta;1
1328;21/2023;2023_21_16;on;15
1328;21/2023;2023_21_16;onko;2
1328;21/2023;2023_21_16;onneksi;1
1328;21/2023;2023_21_16;opetella;1
1328;21/2023;2023_21_16;osa;1
1328;21/2023;2023_21_16;osattu;1
1328;21/2023;2023_21_16;otteella;1
1328;21/2023;2023_21_16;ovat;1
1328;21/2023;2023_21_16;pakko;1
1328;21/2023;2023_21_16;paljon;2
1328;21/2023;2023_21_16;palkkaamaan;1
1328;21/2023;2023_21_16;palkkaamista;1
1328;21/2023;2023_21_16;panna;1
1328;21/2023;2023_21_16;perusasioihin;1
1328;21/2023;2023_21_16;perusteella;1
1328;21/2023;2023_21_16;pidä;1
1328;21/2023;2023_21_16;pistää;1
1328;21/2023;2023_21_16;pitäisi;1
1328;21/2023;2023_21_16;pitää;11
1328;21/2023;2023_21_16;puhemiehen;1
1328;21/2023;2023_21_16;puhemies;5
1328;21/2023;2023_21_16;puolueet;1
1328;21/2023;2023_21_16;puskista;1
1328;21/2023;2023_21_16;pystyssä;1
1328;21/2023;2023_21_16;pyytää;1
1328;21/2023;2023_21_16;pääse;1
1328;21/2023;2023_21_16;päästä;1
1328;21/2023;2023_21_16;päästään;1
1328;21/2023;2023_21_16;päätökset;1
1328;21/2023;2023_21_16;päätöksiä;1
1328;21/2023;2023_21_16;rahat;1
1328;21/2023;2023_21_16;rasismista;1
1328;21/2023;2023_21_16;rasisti;1
1328;21/2023;2023_21_16;riittävästi;1
1328;21/2023;2023_21_16;riittää;1
1328;21/2023;2023_21_16;riitä;1
1328;21/2023;2023_21_16;saada;3
1328;21/2023;2023_21_16;salin;1
1328;21/2023;2023_21_16;salissa;1
1328;21/2023;2023_21_16;salista;1
1328;21/2023;2023_21_16;samaan;1
1328;21/2023;2023_21_16;sanoin;1
1328;21/2023;2023_21_16;se;4
1328;21/2023;2023_21_16;sekä;1
1328;21/2023;2023_21_16;sen;1
1328;21/2023;2023_21_16;siihen;2
1328;21/2023;2023_21_16;siis;1
1328;21/2023;2023_21_16;siitä;1
1328;21/2023;2023_21_16;silmästä;1
1328;21/2023;2023_21_16;silmään;1
1328;21/2023;2023_21_16;silti;1
1328;21/2023;2023_21_16;sinänsä;2
1328;21/2023;2023_21_16;somemeuhkaajista;1
1328;21/2023;2023_21_16;sosiaalisessa;1
1328;21/2023;2023_21_16;sote;1
1328;21/2023;2023_21_16;suomalaiset;2
1328;21/2023;2023_21_16;suomella;1
1328;21/2023;2023_21_16;suomen;1
1328;21/2023;2023_21_16;suomi;2
1328;21/2023;2023_21_16;suurin;1
1328;21/2023;2023_21_16;syntynyt;1
1328;21/2023;2023_21_16;syntyperän;1
1328;21/2023;2023_21_16;syrjintään;1
1328;21/2023;2023_21_16;syytellä;1
1328;21/2023;2023_21_16;tai;1
1328;21/2023;2023_21_16;talman;5
1328;21/2023;2023_21_16;talouden;1
1328;21/2023;2023_21_16;talous;1
1328;21/2023;2023_21_16;taloustilanteessa;1
1328;21/2023;2023_21_16;tappoi;1
1328;21/2023;2023_21_16;tarkasti;1
1328;21/2023;2023_21_16;tarkoitus;1
1328;21/2023;2023_21_16;tarvitaan;1
1328;21/2023;2023_21_16;tarvitsemme;1
1328;21/2023;2023_21_16;tasavertaiset;1
1328;21/2023;2023_21_16;tehdä;2
1328;21/2023;2023_21_16;tehdään;1
1328;21/2023;2023_21_16;tekemättä;1
1328;21/2023;2023_21_16;teki;1
1328;21/2023;2023_21_16;tiedonannon;2
1328;21/2023;2023_21_16;tiedonanto;1
1328;21/2023;2023_21_16;tippaakaan;2
1328;21/2023;2023_21_16;toisiamme;1
1328;21/2023;2023_21_16;toisianne;1
1328;21/2023;2023_21_16;torsoksi;1
1328;21/2023;2023_21_16;toteuttamiseen;1
1328;21/2023;2023_21_16;toteutus;1
1328;21/2023;2023_21_16;tulossa;1
1328;21/2023;2023_21_16;tuottavaa;1
1328;21/2023;2023_21_16;tuottavampia;1
1328;21/2023;2023_21_16;turkuun;1
1328;21/2023;2023_21_16;työikäiset;1
1328;21/2023;2023_21_16;työkykyiset;1
1328;21/2023;2023_21_16;työmarkkinoilla;1
1328;21/2023;2023_21_16;työntekijän;1
1328;21/2023;2023_21_16;työperäistä;1
1328;21/2023;2023_21_16;työttömyys;1
1328;21/2023;2023_21_16;tähän;1
1328;21/2023;2023_21_16;tämä;1
1328;21/2023;2023_21_16;tänne;1
1328;21/2023;2023_21_16;tärkeissä;1
1328;21/2023;2023_21_16;tärkeitä;1
1328;21/2023;2023_21_16;tärkeä;1
1328;21/2023;2023_21_16;tärkeät;1
1328;21/2023;2023_21_16;tärkeää;1
1328;21/2023;2023_21_16;tässä;2
1328;21/2023;2023_21_16;tästä;1
1328;21/2023;2023_21_16;täällä;3
1328;21/2023;2023_21_16;töihin;2
1328;21/2023;2023_21_16;töitä;1
1328;21/2023;2023_21_16;usein;1
1328;21/2023;2023_21_16;uskonnon;1
1328;21/2023;2023_21_16;uusi;1
1328;21/2023;2023_21_16;vaalit;1
1328;21/2023;2023_21_16;vaan;1
1328;21/2023;2023_21_16;vaikka;1
1328;21/2023;2023_21_16;valtion;1
1328;21/2023;2023_21_16;vanhat;1
1328;21/2023;2023_21_16;varaa;1
1328;21/2023;2023_21_16;vastakkainasettelun;1
1328;21/2023;2023_21_16;vastuunkannon;1
1328;21/2023;2023_21_16;vastuussa;1
1328;21/2023;2023_21_16;vauhdilla;1
1328;21/2023;2023_21_16;velkaralli;1
1328;21/2023;2023_21_16;velkarallin;1
1328;21/2023;2023_21_16;vihapuheesta;1
1328;21/2023;2023_21_16;voisi;1
1328;21/2023;2023_21_16;vuoteen;1
1328;21/2023;2023_21_16;vähätellä;1
1328;21/2023;2023_21_16;yhdellä;1
1328;21/2023;2023_21_16;yhdessä;2
1328;21/2023;2023_21_16;yksinkertaisesta;1
1328;21/2023;2023_21_16;ymmärtää;1
1328;21/2023;2023_21_16;ympärillä;1
1328;21/2023;2023_21_16;yritykset;1
1328;21/2023;2023_21_16;yrityksiä;1
1328;21/2023;2023_21_16;ärade;5
1328;21/2023;2023_21_16;äsken;1
1328;21/2023;2023_21_16;äänestävä;1
1328;22/2020;2020_22_30;ajoissa;1
1328;22/2020;2020_22_30;aletaan;1
1328;22/2020;2020_22_30;arvoisa;1
1328;22/2020;2020_22_30;eikö;1
1328;22/2020;2020_22_30;ennen;1
1328;22/2020;2020_22_30;että;3
1328;22/2020;2020_22_30;hallituksella;1
1328;22/2020;2020_22_30;hallitus;1
1328;22/2020;2020_22_30;helpompi;1
1328;22/2020;2020_22_30;ja;1
1328;22/2020;2020_22_30;joku;1
1328;22/2020;2020_22_30;jos;1
1328;22/2020;2020_22_30;juuri;2
1328;22/2020;2020_22_30;kiinni;2
1328;22/2020;2020_22_30;koko;1
1328;22/2020;2020_22_30;kouluja;1
1328;22/2020;2020_22_30;kuin;1
1328;22/2020;2020_22_30;kuluttua;1
1328;22/2020;2020_22_30;kun;1
1328;22/2020;2020_22_30;käsittääkseni;1
1328;22/2020;2020_22_30;lähtien;1
1328;22/2020;2020_22_30;me;1
1328;22/2020;2020_22_30;minun;1
1328;22/2020;2020_22_30;minä;1
1328;22/2020;2020_22_30;ne;1
1328;22/2020;2020_22_30;niitä;2
1328;22/2020;2020_22_30;nyt;1
1328;22/2020;2020_22_30;näin;2
1328;22/2020;2020_22_30;näitä;2
1328;22/2020;2020_22_30;odotammeko;1
1328;22/2020;2020_22_30;olisi;1
1328;22/2020;2020_22_30;olla;1
1328;22/2020;2020_22_30;ollaan;1
1328;22/2020;2020_22_30;on;2
1328;22/2020;2020_22_30;onko;1
1328;22/2020;2020_22_30;pandemiaa;1
1328;22/2020;2020_22_30;pannaan;2
1328;22/2020;2020_22_30;paremmin;1
1328;22/2020;2020_22_30;perussuomalaisten;1
1328;22/2020;2020_22_30;pitää;1
1328;22/2020;2020_22_30;puhemies;1
1328;22/2020;2020_22_30;raja;1
1328;22/2020;2020_22_30;rajata;1
1328;22/2020;2020_22_30;rajaus;1
1328;22/2020;2020_22_30;ryhmästä;1
1328;22/2020;2020_22_30;saanutta;1
1328;22/2020;2020_22_30;sairastunutta;1
1328;22/2020;2020_22_30;sanonut;1
1328;22/2020;2020_22_30;sebastian;1
1328;22/2020;2020_22_30;seurattu;1
1328;22/2020;2020_22_30;ta-pauksia;1
1328;22/2020;2020_22_30;tai;1
1328;22/2020;2020_22_30;tammikuusta;1
1328;22/2020;2020_22_30;tapahtuisi;1
1328;22/2020;2020_22_30;tartunnan;1
1328;22/2020;2020_22_30;tehdä;1
1328;22/2020;2020_22_30;tekisi;1
1328;22/2020;2020_22_30;tilannetta;1
1328;22/2020;2020_22_30;toimenpiteitä;2
1328;22/2020;2020_22_30;tuhat;2
1328;22/2020;2020_22_30;tynkkynen;1
1328;22/2020;2020_22_30;tämä;1
1328;22/2020;2020_22_30;tätä;2
1328;22/2020;2020_22_30;vai;1
1328;22/2020;2020_22_30;varmasti;1
1328;22/2020;2020_22_30;veikkaan;1
1328;22/2020;2020_22_30;viikon;1
1328;22/2020;2020_22_30;vähemmän;1
1328;22/2024;2024_22_79;ajattelevat;1
1328;22/2024;2024_22_79;ala;1
1328;22/2024;2024_22_79;antti;2
1328;22/2024;2024_22_79;arvoisa;1
1328;22/2024;2024_22_79;asettakaa;1
1328;22/2024;2024_22_79;asia;2
1328;22/2024;2024_22_79;asioista;1
1328;22/2024;2024_22_79;ben;1
1328;22/2024;2024_22_79;ehdotan;1
1328;22/2024;2024_22_79;ei;4
1328;22/2024;2024_22_79;eihän;1
1328;22/2024;2024_22_79;en;1
1328;22/2024;2024_22_79;enemmän;1
1328;22/2024;2024_22_79;entistä;1
1328;22/2024;2024_22_79;että;4
1328;22/2024;2024_22_79;euroa;1
1328;22/2024;2024_22_79;ex-presidentti;1
1328;22/2024;2024_22_79;hetkellä;1
1328;22/2024;2024_22_79;hjallista;1
1328;22/2024;2024_22_79;huomioon;1
1328;22/2024;2024_22_79;hyviä;1
1328;22/2024;2024_22_79;hän;3
1328;22/2024;2024_22_79;häntä;1
1328;22/2024;2024_22_79;ihan;3
1328;22/2024;2024_22_79;ihminen;1
1328;22/2024;2024_22_79;ihmiset;1
1328;22/2024;2024_22_79;ikinä;1
1328;22/2024;2024_22_79;istuvat;1
1328;22/2024;2024_22_79;ja;3
1328;22/2024;2024_22_79;jo;1
1328;22/2024;2024_22_79;joita;1
1328;22/2024;2024_22_79;joka;1
1328;22/2024;2024_22_79;jotka;1
1328;22/2024;2024_22_79;joudutte;1
1328;22/2024;2024_22_79;juuri;1
1328;22/2024;2024_22_79;järkeä;1
1328;22/2024;2024_22_79;kaksi;2
1328;22/2024;2024_22_79;kannattaisi;1
1328;22/2024;2024_22_79;katsovat;1
1328;22/2024;2024_22_79;kertaa;1
1328;22/2024;2024_22_79;kertaalleen;1
1328;22/2024;2024_22_79;koko;1
1328;22/2024;2024_22_79;kollegoita;1
1328;22/2024;2024_22_79;kolme;1
1328;22/2024;2024_22_79;koputtaa;1
1328;22/2024;2024_22_79;kun;4
1328;22/2024;2024_22_79;kurvinen;1
1328;22/2024;2024_22_79;kuunnella;1
1328;22/2024;2024_22_79;kuuntelee;1
1328;22/2024;2024_22_79;kuuntelevat;1
1328;22/2024;2024_22_79;kymmenen;1
1328;22/2024;2024_22_79;lamaan;1
1328;22/2024;2024_22_79;lindtman;1
1328;22/2024;2024_22_79;lisäksi;1
1328;22/2024;2024_22_79;lisää;2
1328;22/2024;2024_22_79;meidän;1
1328;22/2024;2024_22_79;menee;1
1328;22/2024;2024_22_79;miljardia;3
1328;22/2024;2024_22_79;mitäköhän;1
1328;22/2024;2024_22_79;mitään;1
1328;22/2024;2024_22_79;mutta;2
1328;22/2024;2024_22_79;neuvottelemaan;1
1328;22/2024;2024_22_79;niin;1
1328;22/2024;2024_22_79;niinistö;1
1328;22/2024;2024_22_79;nyt;1
1328;22/2024;2024_22_79;näin;1
1328;22/2024;2024_22_79;näistä;1
1328;22/2024;2024_22_79;nämä;1
1328;22/2024;2024_22_79;ole;1
1328;22/2024;2024_22_79;oli;1
1328;22/2024;2024_22_79;on;7
1328;22/2024;2024_22_79;orpon;1
1328;22/2024;2024_22_79;ottamaan;1
1328;22/2024;2024_22_79;ovat;1
1328;22/2024;2024_22_79;porukkaa;1
1328;22/2024;2024_22_79;puhemies;2
1328;22/2024;2024_22_79;pystyy;1
1328;22/2024;2024_22_79;pyydän;1
1328;22/2024;2024_22_79;pyytäkää;1
1328;22/2024;2024_22_79;pyytämään;1
1328;22/2024;2024_22_79;pääministerin;1
1328;22/2024;2024_22_79;pääministeriä;1
1328;22/2024;2024_22_79;riitelevän;1
1328;22/2024;2024_22_79;saada;1
1328;22/2024;2024_22_79;sanonut;1
1328;22/2024;2024_22_79;sauli;1
1328;22/2024;2024_22_79;se;4
1328;22/2024;2024_22_79;seisoo;1
1328;22/2024;2024_22_79;selvä;3
1328;22/2024;2024_22_79;sen;3
1328;22/2024;2024_22_79;sillä;1
1328;22/2024;2024_22_79;sopua;2
1328;22/2024;2024_22_79;sovittelemaan;1
1328;22/2024;2024_22_79;sovittelija;1
1328;22/2024;2024_22_79;sovittelijaksi;2
1328;22/2024;2024_22_79;suomessa;1
1328;22/2024;2024_22_79;suomi;1
1328;22/2024;2024_22_79;synny;2
1328;22/2024;2024_22_79;syöksykierteessä;1
1328;22/2024;2024_22_79;säästämään;1
1328;22/2024;2024_22_79;säästää;1
1328;22/2024;2024_22_79;tai;2
1328;22/2024;2024_22_79;talman;1
1328;22/2024;2024_22_79;talous;2
1328;22/2024;2024_22_79;tarvitaan;1
1328;22/2024;2024_22_79;tavoitteenne;1
1328;22/2024;2024_22_79;te;1
1328;22/2024;2024_22_79;teidän;1
1328;22/2024;2024_22_79;tiedän;1
1328;22/2024;2024_22_79;tietää;1
1328;22/2024;2024_22_79;toteutumaan;1
1328;22/2024;2024_22_79;tule;2
1328;22/2024;2024_22_79;tv-lähetystä;1
1328;22/2024;2024_22_79;työtöntä;1
1328;22/2024;2024_22_79;tällä;1
1328;22/2024;2024_22_79;tämän;2
1328;22/2024;2024_22_79;tässä;1
1328;22/2024;2024_22_79;tästä;2
1328;22/2024;2024_22_79;tätä;2
1328;22/2024;2024_22_79;täällä;4
1328;22/2024;2024_22_79;uudistukset;1
1328;22/2024;2024_22_79;vastuuta;1
1328;22/2024;2024_22_79;vielä;1
1328;22/2024;2024_22_79;yksi;1
1328;22/2024;2024_22_79;yrittäjänä;1
1328;22/2024;2024_22_79;zyskowicz;1
1328;22/2024;2024_22_79;ärade;1
1328;23/2022;2022_23_99;ajettiin;1
1328;23/2022;2022_23_99;arvoisa;1
1328;23/2022;2022_23_99;asetus;2
1328;23/2022;2022_23_99;ehdotus;1
1328;23/2022;2022_23_99;elinkeino;1
1328;23/2022;2022_23_99;ensin;2
1328;23/2022;2022_23_99;eun;2
1328;23/2022;2022_23_99;ilmasto;1
1328;23/2022;2022_23_99;ja;4
1328;23/2022;2022_23_99;jolla;1
1328;23/2022;2022_23_99;jopa;1
1328;23/2022;2022_23_99;jos;1
1328;23/2022;2022_23_99;jotta;1
1328;23/2022;2022_23_99;joutua;1
1328;23/2022;2022_23_99;julkistaa;1
1328;23/2022;2022_23_99;katastrofi;1
1328;23/2022;2022_23_99;kolmasosa;1
1328;23/2022;2022_23_99;komissio;1
1328;23/2022;2022_23_99;komission;1
1328;23/2022;2022_23_99;konkurssin;1
1328;23/2022;2022_23_99;kun;1
1328;23/2022;2022_23_99;kuriin;1
1328;23/2022;2022_23_99;käy;1
1328;23/2022;2022_23_99;laajaa;1
1328;23/2022;2022_23_99;lakipakettia;1
1328;23/2022;2022_23_99;leppä;1
1328;23/2022;2022_23_99;loppuu;1
1328;23/2022;2022_23_99;luonnontilaan;1
1328;23/2022;2022_23_99;luontohaitat;1
1328;23/2022;2022_23_99;maaliskuuta;1
1328;23/2022;2022_23_99;maata-lous;1
1328;23/2022;2022_23_99;maatilat;1
1328;23/2022;2022_23_99;mankeliin;1
1328;23/2022;2022_23_99;meinaatte;1
1328;23/2022;2022_23_99;mennessä;1
1328;23/2022;2022_23_99;metsänomistajan;1
1328;23/2022;2022_23_99;metsänomistajien;1
1328;23/2022;2022_23_99;metsänomistajille;1
1328;23/2022;2022_23_99;metsät;1
1328;23/2022;2022_23_99;metsätaloudelle;1
1328;23/2022;2022_23_99;metsätalouden;1
1328;23/2022;2022_23_99;metsäteollisuuden;1
1328;23/2022;2022_23_99;ministeri;1
1328;23/2022;2022_23_99;miten;2
1328;23/2022;2022_23_99;niin;1
1328;23/2022;2022_23_99;nyt;2
1328;23/2022;2022_23_99;on;5
1328;23/2022;2022_23_99;partaalle;1
1328;23/2022;2022_23_99;pinta-alasta;1
1328;23/2022;2022_23_99;puhemies;1
1328;23/2022;2022_23_99;puuntarve;1
1328;23/2022;2022_23_99;saadaan;1
1328;23/2022;2022_23_99;saatava;1
1328;23/2022;2022_23_99;sitten;3
1328;23/2022;2022_23_99;suomalaisen;1
1328;23/2022;2022_23_99;suomea;1
1328;23/2022;2022_23_99;suomen;3
1328;23/2022;2022_23_99;takaisin;1
1328;23/2022;2022_23_99;talman;1
1328;23/2022;2022_23_99;tarkoitus;1
1328;23/2022;2022_23_99;tehdä;1
1328;23/2022;2022_23_99;tulee;1
1328;23/2022;2022_23_99;tuontipuu;1
1328;23/2022;2022_23_99;turvataan;1
1328;23/2022;2022_23_99;turve;1
1328;23/2022;2022_23_99;turveyrittäjiltä;1
1328;23/2022;2022_23_99;tämä;3
1328;23/2022;2022_23_99;valmistelee;1
1328;23/2022;2022_23_99;velvoittava;1
1328;23/2022;2022_23_99;venäjältä;1
1328;23/2022;2022_23_99;vietiin;1
1328;23/2022;2022_23_99;voimaan;1
1328;23/2022;2022_23_99;vuoro;1
1328;23/2022;2022_23_99;vuoteen;1
1328;23/2022;2022_23_99;ärade;1
1328;24/2021;2021_24_35;aikana;1
1328;24/2021;2021_24_35;ajatuksia;1
1328;24/2021;2021_24_35;arvoisa;1
1328;24/2021;2021_24_35;eilen;1
1328;24/2021;2021_24_35;ennakoitavina;1
1328;24/2021;2021_24_35;erittäin;1
1328;24/2021;2021_24_35;esitti;1
1328;24/2021;2021_24_35;että;1
1328;24/2021;2021_24_35;fru;1
1328;24/2021;2021_24_35;hallituksen;2
1328;24/2021;2021_24_35;investointeja;1
1328;24/2021;2021_24_35;ja;3
1328;24/2021;2021_24_35;jos;1
1328;24/2021;2021_24_35;juuri;1
1328;24/2021;2021_24_35;kertaa;1
1328;24/2021;2021_24_35;kevään;1
1328;24/2021;2021_24_35;koronatoimia;1
1328;24/2021;2021_24_35;koska;1
1328;24/2021;2021_24_35;kysynkin;1
1328;24/2021;2021_24_35;lisäisi;1
1328;24/2021;2021_24_35;läpi;1
1328;24/2021;2021_24_35;maksamasta;1
1328;24/2021;2021_24_35;meinaatteko;1
1328;24/2021;2021_24_35;ministeri;1
1328;24/2021;2021_24_35;monta;1
1328;24/2021;2021_24_35;mukaan;1
1328;24/2021;2021_24_35;ne;1
1328;24/2021;2021_24_35;nyt;1
1328;24/2021;2021_24_35;olen;1
1328;24/2021;2021_24_35;piti;2
1328;24/2021;2021_24_35;pitäisi;1
1328;24/2021;2021_24_35;prosenttia;1
1328;24/2021;2021_24_35;puhemies;1
1328;24/2021;2021_24_35;puhunut;1
1328;24/2021;2021_24_35;puolet;1
1328;24/2021;2021_24_35;puoliväliriiheen;1
1328;24/2021;2021_24_35;reilusti;1
1328;24/2021;2021_24_35;saavanne;1
1328;24/2021;2021_24_35;samansuuntaisia;1
1328;24/2021;2021_24_35;sekavana;1
1328;24/2021;2021_24_35;selkeinä;1
1328;24/2021;2021_24_35;syksyn;1
1328;24/2021;2021_24_35;talman;1
1328;24/2021;2021_24_35;tehdyn;1
1328;24/2021;2021_24_35;teiltä;1
1328;24/2021;2021_24_35;tekevät;1
1328;24/2021;2021_24_35;toimintaa;1
1328;24/2021;2021_24_35;tutkimuksen;1
1328;24/2021;2021_24_35;työpaikkoja;1
1328;24/2021;2021_24_35;tämä;1
1328;24/2021;2021_24_35;tämän;2
1328;24/2021;2021_24_35;uskotteko;1
1328;24/2021;2021_24_35;vain;1
1328;24/2021;2021_24_35;valtiovarainministeri;1
1328;24/2021;2021_24_35;vanhanen;2
1328;24/2021;2021_24_35;vapauttaa;1
1328;24/2021;2021_24_35;veroa;1
1328;24/2021;2021_24_35;viedä;1
1328;24/2021;2021_24_35;voitosta;1
1328;24/2021;2021_24_35;yli;1
1328;24/2021;2021_24_35;yrittäjistä;1
1328;24/2021;2021_24_35;yritykset;1
1328;24/2021;2021_24_35;yrityksistä;1
1328;24/2021;2021_24_35;ärade;1
1328;25/2020;2020_25_13;aikaa;1
1328;25/2020;2020_25_13;aikoihin;1
1328;25/2020;2020_25_13;ajan;1
1328;25/2020;2020_25_13;alla;1
1328;25/2020;2020_25_13;antaa;1
1328;25/2020;2020_25_13;arvoisa;1
1328;25/2020;2020_25_13;autamme;3
1328;25/2020;2020_25_13;auttaa;2
1328;25/2020;2020_25_13;avustetaan;1
1328;25/2020;2020_25_13;avustuksia;1
1328;25/2020;2020_25_13;ei;5
1328;25/2020;2020_25_13;eilen;1
1328;25/2020;2020_25_13;eivät;3
1328;25/2020;2020_25_13;elämme;1
1328;25/2020;2020_25_13;ennen;1
1328;25/2020;2020_25_13;esimerkkejä;1
1328;25/2020;2020_25_13;esittää;1
1328;25/2020;2020_25_13;että;3
1328;25/2020;2020_25_13;hallitukselle;1
1328;25/2020;2020_25_13;hallitus;3
1328;25/2020;2020_25_13;haluan;2
1328;25/2020;2020_25_13;he;1
1328;25/2020;2020_25_13;heille;1
1328;25/2020;2020_25_13;heitä;1
1328;25/2020;2020_25_13;hetkeen;1
1328;25/2020;2020_25_13;huolissaan;1
1328;25/2020;2020_25_13;hyviä;1
1328;25/2020;2020_25_13;hyvää;1
1328;25/2020;2020_25_13;häntä;1
1328;25/2020;2020_25_13;ihmiset;1
1328;25/2020;2020_25_13;ihmisten;1
1328;25/2020;2020_25_13;irtisanomisuhan;1
1328;25/2020;2020_25_13;ja;9
1328;25/2020;2020_25_13;jatketaan;1
1328;25/2020;2020_25_13;joilla;1
1328;25/2020;2020_25_13;joka;1
1328;25/2020;2020_25_13;jotka;1
1328;25/2020;2020_25_13;juuri;2
1328;25/2020;2020_25_13;jälkeä;1
1328;25/2020;2020_25_13;kaikkea;1
1328;25/2020;2020_25_13;kannattanut;1
1328;25/2020;2020_25_13;kassakriisiin;1
1328;25/2020;2020_25_13;kassavirtaa;1
1328;25/2020;2020_25_13;kertaa;1
1328;25/2020;2020_25_13;koko;1
1328;25/2020;2020_25_13;korostaa;1
1328;25/2020;2020_25_13;koska;2
1328;25/2020;2020_25_13;kovempiakin;1
1328;25/2020;2020_25_13;kuin;2
1328;25/2020;2020_25_13;kuitenkin;1
1328;25/2020;2020_25_13;kun;2
1328;25/2020;2020_25_13;käy;1
1328;25/2020;2020_25_13;käyttöönottoa;1
1328;25/2020;2020_25_13;liike;1
1328;25/2020;2020_25_13;lisälainanotto;1
1328;25/2020;2020_25_13;lopuksi;1
1328;25/2020;2020_25_13;luovat;1
1328;25/2020;2020_25_13;maa;1
1328;25/2020;2020_25_13;mahdollista;1
1328;25/2020;2020_25_13;maissa;1
1328;25/2020;2020_25_13;maksetaan;1
1328;25/2020;2020_25_13;miettinyt;1
1328;25/2020;2020_25_13;minulla;1
1328;25/2020;2020_25_13;miten;4
1328;25/2020;2020_25_13;mitä;2
1328;25/2020;2020_25_13;monta;1
1328;25/2020;2020_25_13;muistuttaa;1
1328;25/2020;2020_25_13;mutta;1
1328;25/2020;2020_25_13;muuten;1
1328;25/2020;2020_25_13;myös;1
1328;25/2020;2020_25_13;niillä;1
1328;25/2020;2020_25_13;niin;2
1328;25/2020;2020_25_13;nyt;3
1328;25/2020;2020_25_13;näihin;1
1328;25/2020;2020_25_13;näissä;1
1328;25/2020;2020_25_13;ohjeet;1
1328;25/2020;2020_25_13;ole;6
1328;25/2020;2020_25_13;olemme;1
1328;25/2020;2020_25_13;olen;1
1328;25/2020;2020_25_13;olevien;1
1328;25/2020;2020_25_13;olisi;1
1328;25/2020;2020_25_13;oma;1
1328;25/2020;2020_25_13;omaa;1
1328;25/2020;2020_25_13;on;8
1328;25/2020;2020_25_13;ovat;3
1328;25/2020;2020_25_13;paljon;2
1328;25/2020;2020_25_13;palkoista;1
1328;25/2020;2020_25_13;perhettämme;1
1328;25/2020;2020_25_13;pienten;1
1328;25/2020;2020_25_13;pitää;1
1328;25/2020;2020_25_13;poikkeuksellisiin;1
1328;25/2020;2020_25_13;poikkeustilassa;1
1328;25/2020;2020_25_13;presidentti;1
1328;25/2020;2020_25_13;prosenttia;1
1328;25/2020;2020_25_13;puhemies;1
1328;25/2020;2020_25_13;puskureita;1
1328;25/2020;2020_25_13;pärjäävät;1
1328;25/2020;2020_25_13;päätökset;1
1328;25/2020;2020_25_13;rahallisia;1
1328;25/2020;2020_25_13;rahoituspaketilla;1
1328;25/2020;2020_25_13;rumaa;1
1328;25/2020;2020_25_13;ruotsissa;1
1328;25/2020;2020_25_13;samalla;1
1328;25/2020;2020_25_13;se;3
1328;25/2020;2020_25_13;sellaiset;1
1328;25/2020;2020_25_13;sellaisia;1
1328;25/2020;2020_25_13;selviämme;1
1328;25/2020;2020_25_13;selviämään;2
1328;25/2020;2020_25_13;selvä;1
1328;25/2020;2020_25_13;selvät;2
1328;25/2020;2020_25_13;sen;1
1328;25/2020;2020_25_13;siis;1
1328;25/2020;2020_25_13;siitä;3
1328;25/2020;2020_25_13;suomi;1
1328;25/2020;2020_25_13;suoraan;1
1328;25/2020;2020_25_13;suoria;1
1328;25/2020;2020_25_13;suunnitelmat;1
1328;25/2020;2020_25_13;syntyy;1
1328;25/2020;2020_25_13;säilyttämään;1
1328;25/2020;2020_25_13;talman;1
1328;25/2020;2020_25_13;tanskassa;1
1328;25/2020;2020_25_13;tapahtumaan;1
1328;25/2020;2020_25_13;tarpeellinen;1
1328;25/2020;2020_25_13;tarvitaan;1
1328;25/2020;2020_25_13;tarvitsemme;1
1328;25/2020;2020_25_13;tavalla;1
1328;25/2020;2020_25_13;tehneet;2
1328;25/2020;2020_25_13;tekemät;1
1328;25/2020;2020_25_13;tiedä;1
1328;25/2020;2020_25_13;tilanteessa;3
1328;25/2020;2020_25_13;toimia;3
1328;25/2020;2020_25_13;toiveen;1
1328;25/2020;2020_25_13;toivomus;1
1328;25/2020;2020_25_13;toivonkin;2
1328;25/2020;2020_25_13;tule;1
1328;25/2020;2020_25_13;tulee;1
1328;25/2020;2020_25_13;turvallisuudentunnetta;1
1328;25/2020;2020_25_13;turvaverkkoja;1
1328;25/2020;2020_25_13;työkalut;1
1328;25/2020;2020_25_13;työntekijöiden;1
1328;25/2020;2020_25_13;työpaikat;1
1328;25/2020;2020_25_13;työtä;1
1328;25/2020;2020_25_13;tähän;1
1328;25/2020;2020_25_13;tällaisessa;1
1328;25/2020;2020_25_13;tällä;1
1328;25/2020;2020_25_13;tässä;1
1328;25/2020;2020_25_13;tästä;2
1328;25/2020;2020_25_13;vaatia;1
1328;25/2020;2020_25_13;valmiuslain;1
1328;25/2020;2020_25_13;vanhukset;1
1328;25/2020;2020_25_13;vastuussa;1
1328;25/2020;2020_25_13;vielä;1
1328;25/2020;2020_25_13;voi;1
1328;25/2020;2020_25_13;vuotias;1
1328;25/2020;2020_25_13;yhdessä;1
1328;25/2020;2020_25_13;yksi;1
1328;25/2020;2020_25_13;yli;1
1328;25/2020;2020_25_13;yritykset;1
1328;25/2020;2020_25_13;yrityksiä;2
1328;25/2020;2020_25_13;yritysten;1
1328;25/2020;2020_25_13;äidilläni;1
1328;25/2020;2020_25_13;äitini;1
1328;25/2020;2020_25_13;ärade;1
1328;25/2024;2024_25_21;aiheellinen;1
1328;25/2024;2024_25_21;aikaan;2
1328;25/2024;2024_25_21;aikana;1
1328;25/2024;2024_25_21;ajettu;1
1328;25/2024;2024_25_21;alijäämäinen;1
1328;25/2024;2024_25_21;alueellinen;1
1328;25/2024;2024_25_21;alueen;1
1328;25/2024;2024_25_21;alueilla;1
1328;25/2024;2024_25_21;arvoisa;4
1328;25/2024;2024_25_21;asiantuntijan;1
1328;25/2024;2024_25_21;asua;1
1328;25/2024;2024_25_21;asukasmäärä;1
1328;25/2024;2024_25_21;asukkaalla;1
1328;25/2024;2024_25_21;aukottomasti;1
1328;25/2024;2024_25_21;autioittaa;1
1328;25/2024;2024_25_21;digitalisoimassa;1
1328;25/2024;2024_25_21;edelleen;1
1328;25/2024;2024_25_21;eduskunnasta;1
1328;25/2024;2024_25_21;ei;9
1328;25/2024;2024_25_21;eikä;2
1328;25/2024;2024_25_21;eikö;4
1328;25/2024;2024_25_21;eivät;1
1328;25/2024;2024_25_21;eli;1
1328;25/2024;2024_25_21;elinvoimaan;1
1328;25/2024;2024_25_21;elämme;2
1328;25/2024;2024_25_21;elämänsä;1
1328;25/2024;2024_25_21;emme;1
1328;25/2024;2024_25_21;enemmän;2
1328;25/2024;2024_25_21;eriarvoisuus;1
1328;25/2024;2024_25_21;erikoissairaanhoidon;2
1328;25/2024;2024_25_21;esimerkiksi;2
1328;25/2024;2024_25_21;että;4
1328;25/2024;2024_25_21;etäpalveluiden;1
1328;25/2024;2024_25_21;eurolla;1
1328;25/2024;2024_25_21;hallitukselta;1
1328;25/2024;2024_25_21;hallitukset;1
1328;25/2024;2024_25_21;hallitus;3
1328;25/2024;2024_25_21;haluaako;1
1328;25/2024;2024_25_21;havainto;1
1328;25/2024;2024_25_21;heidän;1
1328;25/2024;2024_25_21;heikentyneen;1
1328;25/2024;2024_25_21;hirvitä;1
1328;25/2024;2024_25_21;hoidon;1
1328;25/2024;2024_25_21;hoitaa;1
1328;25/2024;2024_25_21;hoitoa;1
1328;25/2024;2024_25_21;huoltovarmuus;1
1328;25/2024;2024_25_21;huoltovarmuusasia;1
1328;25/2024;2024_25_21;huomioon;1
1328;25/2024;2024_25_21;huonoja;1
1328;25/2024;2024_25_21;hyviä;1
1328;25/2024;2024_25_21;hyvä;1
1328;25/2024;2024_25_21;ihmiset;2
1328;25/2024;2024_25_21;ihmisten;2
1328;25/2024;2024_25_21;itä-suomessa;1
1328;25/2024;2024_25_21;ja;18
1328;25/2024;2024_25_21;jo;3
1328;25/2024;2024_25_21;jos;1
1328;25/2024;2024_25_21;joukkoliikenne;1
1328;25/2024;2024_25_21;julkisen;1
1328;25/2024;2024_25_21;jääminen;1
1328;25/2024;2024_25_21;kaikilla;1
1328;25/2024;2024_25_21;kaikki;2
1328;25/2024;2024_25_21;kannattaisi;1
1328;25/2024;2024_25_21;kansalaisilla;1
1328;25/2024;2024_25_21;kansalaisten;1
1328;25/2024;2024_25_21;karsimisesta;1
1328;25/2024;2024_25_21;karsitaan;1
1328;25/2024;2024_25_21;kasvaa;1
1328;25/2024;2024_25_21;kasvu;1
1328;25/2024;2024_25_21;kasvua;3
1328;25/2024;2024_25_21;kasvukeskuksiin;1
1328;25/2024;2024_25_21;kasvun;2
1328;25/2024;2024_25_21;katsoa;1
1328;25/2024;2024_25_21;kaukana;1
1328;25/2024;2024_25_21;kauppaa;1
1328;25/2024;2024_25_21;kehittyvät;1
1328;25/2024;2024_25_21;kela-korvauksien;1
1328;25/2024;2024_25_21;kerro;1
1328;25/2024;2024_25_21;keskussairaalan;1
1328;25/2024;2024_25_21;keskustalta;1
1328;25/2024;2024_25_21;keskustan;1
1328;25/2024;2024_25_21;keskustoista;1
1328;25/2024;2024_25_21;ketään;1
1328;25/2024;2024_25_21;koko;1
1328;25/2024;2024_25_21;kokonaisuutta;1
1328;25/2024;2024_25_21;koska;3
1328;25/2024;2024_25_21;kotihoidon;1
1328;25/2024;2024_25_21;kotitalouksien;1
1328;25/2024;2024_25_21;koulut;1
1328;25/2024;2024_25_21;koulutuksen;1
1328;25/2024;2024_25_21;koulutuspaikkojen;1
1328;25/2024;2024_25_21;kovaa;1
1328;25/2024;2024_25_21;kuin;1
1328;25/2024;2024_25_21;kuitenkaan;2
1328;25/2024;2024_25_21;kuka;1
1328;25/2024;2024_25_21;kukaan;1
1328;25/2024;2024_25_21;kun;1
1328;25/2024;2024_25_21;kunnon;1
1328;25/2024;2024_25_21;kuntien;1
1328;25/2024;2024_25_21;kuvitellaan;1
1328;25/2024;2024_25_21;kyllä;1
1328;25/2024;2024_25_21;kysy;1
1328;25/2024;2024_25_21;kysyn;1
1328;25/2024;2024_25_21;käyttöön;1
1328;25/2024;2024_25_21;laajakaistayhteyksiä;1
1328;25/2024;2024_25_21;lain;2
1328;25/2024;2024_25_21;lainalla;2
1328;25/2024;2024_25_21;lakkaaminen;1
1328;25/2024;2024_25_21;lakkauttaminen;1
1328;25/2024;2024_25_21;laske;1
1328;25/2024;2024_25_21;laskettiin;1
1328;25/2024;2024_25_21;leijuu;1
1328;25/2024;2024_25_21;leikattiin;1
1328;25/2024;2024_25_21;liikenneyhteydet;1
1328;25/2024;2024_25_21;lisääntyminen;1
1328;25/2024;2024_25_21;lopuksi;1
1328;25/2024;2024_25_21;lähipalveluita;2
1328;25/2024;2024_25_21;maanviljelyksen;1
1328;25/2024;2024_25_21;maaseudun;1
1328;25/2024;2024_25_21;maaseutua;1
1328;25/2024;2024_25_21;mahdolliseksi;1
1328;25/2024;2024_25_21;mahdollista;1
1328;25/2024;2024_25_21;mahdollisuutta;1
1328;25/2024;2024_25_21;maksaa;1
1328;25/2024;2024_25_21;matka;1
1328;25/2024;2024_25_21;melkein;1
1328;25/2024;2024_25_21;merkitys;1
1328;25/2024;2024_25_21;metsät;1
1328;25/2024;2024_25_21;miljardia;2
1328;25/2024;2024_25_21;miljardin;1
1328;25/2024;2024_25_21;miljoonalla;1
1328;25/2024;2024_25_21;millä;1
1328;25/2024;2024_25_21;minimiin;1
1328;25/2024;2024_25_21;minä;1
1328;25/2024;2024_25_21;missä;1
1328;25/2024;2024_25_21;miten;2
1328;25/2024;2024_25_21;mitään;2
1328;25/2024;2024_25_21;monilla;1
1328;25/2024;2024_25_21;muiden;1
1328;25/2024;2024_25_21;mukaan;2
1328;25/2024;2024_25_21;musta;1
1328;25/2024;2024_25_21;mutta;1
1328;25/2024;2024_25_21;muualle;1
1328;25/2024;2024_25_21;muuttaa;1
1328;25/2024;2024_25_21;muuttamaan;1
1328;25/2024;2024_25_21;myy;1
1328;25/2024;2024_25_21;myös;4
1328;25/2024;2024_25_21;määrän;1
1328;25/2024;2024_25_21;ne;1
1328;25/2024;2024_25_21;niin;3
1328;25/2024;2024_25_21;noin;1
1328;25/2024;2024_25_21;nyt;4
1328;25/2024;2024_25_21;näin;1
1328;25/2024;2024_25_21;näköjään;1
1328;25/2024;2024_25_21;nämä;1
1328;25/2024;2024_25_21;näyttää;1
1328;25/2024;2024_25_21;ole;5
1328;25/2024;2024_25_21;oli;1
1328;25/2024;2024_25_21;ollaan;1
1328;25/2024;2024_25_21;omaisuutta;1
1328;25/2024;2024_25_21;on;13
1328;25/2024;2024_25_21;opettajankoulutuslaitos;1
1328;25/2024;2024_25_21;osaamista;1
1328;25/2024;2024_25_21;ostovoiman;1
1328;25/2024;2024_25_21;ottaa;2
1328;25/2024;2024_25_21;ovat;2
1328;25/2024;2024_25_21;paikkakunnilla;1
1328;25/2024;2024_25_21;paljonko;2
1328;25/2024;2024_25_21;palveluiden;1
1328;25/2024;2024_25_21;palveluita;3
1328;25/2024;2024_25_21;palvelut;1
1328;25/2024;2024_25_21;panee;1
1328;25/2024;2024_25_21;pankit;1
1328;25/2024;2024_25_21;parantaa;1
1328;25/2024;2024_25_21;pelkästään;1
1328;25/2024;2024_25_21;perussuomalaisten;1
1328;25/2024;2024_25_21;pieneni;1
1328;25/2024;2024_25_21;pilvi;1
1328;25/2024;2024_25_21;pitkä;1
1328;25/2024;2024_25_21;pohjalta;1
1328;25/2024;2024_25_21;pois;2
1328;25/2024;2024_25_21;puhemies;4
1328;25/2024;2024_25_21;puitteissa;1
1328;25/2024;2024_25_21;päivänä;1
1328;25/2024;2024_25_21;rahoilla;1
1328;25/2024;2024_25_21;rahoittaneet;1
1328;25/2024;2024_25_21;rajan;1
1328;25/2024;2024_25_21;riittävät;1
1328;25/2024;2024_25_21;ryhmästä;1
1328;25/2024;2024_25_21;saa;2
1328;25/2024;2024_25_21;saaneet;1
1328;25/2024;2024_25_21;saatavuus;1
1328;25/2024;2024_25_21;saatavuuteen;2
1328;25/2024;2024_25_21;saatavuutta;1
1328;25/2024;2024_25_21;saavat;1
1328;25/2024;2024_25_21;sairaalalla;1
1328;25/2024;2024_25_21;sairaanhoidon;1
1328;25/2024;2024_25_21;salliman;1
1328;25/2024;2024_25_21;samaan;1
1328;25/2024;2024_25_21;savonlinnan;1
1328;25/2024;2024_25_21;savonlinnassa;2
1328;25/2024;2024_25_21;savonlinnasta;1
1328;25/2024;2024_25_21;se;7
1328;25/2024;2024_25_21;sehän;1
1328;25/2024;2024_25_21;sekä;3
1328;25/2024;2024_25_21;sen;2
1328;25/2024;2024_25_21;seurauksena;1
1328;25/2024;2024_25_21;seutukunnan;1
1328;25/2024;2024_25_21;siltä;1
1328;25/2024;2024_25_21;sosiaali;1
1328;25/2024;2024_25_21;suomalaisten;1
1328;25/2024;2024_25_21;suomen;1
1328;25/2024;2024_25_21;suunnitelmat;1
1328;25/2024;2024_25_21;suuri;1
1328;25/2024;2024_25_21;synny;1
1328;25/2024;2024_25_21;syrjäkylillä;1
1328;25/2024;2024_25_21;säilymiseen;1
1328;25/2024;2024_25_21;säilyttämisen;1
1328;25/2024;2024_25_21;säästää;1
1328;25/2024;2024_25_21;taikka;1
1328;25/2024;2024_25_21;talman;3
1328;25/2024;2024_25_21;tavalla;1
1328;25/2024;2024_25_21;tavoitteena;1
1328;25/2024;2024_25_21;tehdään;2
1328;25/2024;2024_25_21;tehtaat;1
1328;25/2024;2024_25_21;tekee;2
1328;25/2024;2024_25_21;terveydenhuollon;1
1328;25/2024;2024_25_21;terveyskeskuksiin;1
1328;25/2024;2024_25_21;terveyspalvelut;2
1328;25/2024;2024_25_21;thln;1
1328;25/2024;2024_25_21;toimivia;1
1328;25/2024;2024_25_21;toteudu;1
1328;25/2024;2024_25_21;tuhannella;1
1328;25/2024;2024_25_21;tuntuu;1
1328;25/2024;2024_25_21;tuomme;1
1328;25/2024;2024_25_21;turvallisuuteen;1
1328;25/2024;2024_25_21;turvattava;1
1328;25/2024;2024_25_21;tyhjentää;1
1328;25/2024;2024_25_21;työmarkkinauudistuksilla;1
1328;25/2024;2024_25_21;työttömiksi;1
1328;25/2024;2024_25_21;työvoiman;1
1328;25/2024;2024_25_21;tämä;1
1328;25/2024;2024_25_21;tämäkin;1
1328;25/2024;2024_25_21;tänä;1
1328;25/2024;2024_25_21;vaan;1
1328;25/2024;2024_25_21;vaihtotase;1
1328;25/2024;2024_25_21;vaikeata;1
1328;25/2024;2024_25_21;vaikeutuu;1
1328;25/2024;2024_25_21;vaikka;1
1328;25/2024;2024_25_21;vallan;1
1328;25/2024;2024_25_21;valtion;1
1328;25/2024;2024_25_21;vanhusta;1
1328;25/2024;2024_25_21;vanhustenhoidosta;1
1328;25/2024;2024_25_21;vauhtia;1
1328;25/2024;2024_25_21;velka;1
1328;25/2024;2024_25_21;velkaa;1
1328;25/2024;2024_25_21;viedään;2
1328;25/2024;2024_25_21;vielä;2
1328;25/2024;2024_25_21;viemme;1
1328;25/2024;2024_25_21;viety;2
1328;25/2024;2024_25_21;viime;1
1328;25/2024;2024_25_21;viimeisten;1
1328;25/2024;2024_25_21;voi;2
1328;25/2024;2024_25_21;voivat;1
1328;25/2024;2024_25_21;vuoden;1
1328;25/2024;2024_25_21;vuodessa;1
1328;25/2024;2024_25_21;vuonna;2
1328;25/2024;2024_25_21;välikysymykseen;1
1328;25/2024;2024_25_21;välikysymys;1
1328;25/2024;2024_25_21;yhdyn;1
1328;25/2024;2024_25_21;yhteensä;2
1328;25/2024;2024_25_21;yli;2
1328;25/2024;2024_25_21;yllä;1
1328;25/2024;2024_25_21;ymmärrä;1
1328;25/2024;2024_25_21;yritykset;1
1328;25/2024;2024_25_21;ärade;3
1328;26/2022;2022_26_22;aikana;1
1328;26/2022;2022_26_22;aikoina;1
1328;26/2022;2022_26_22;aina;2
1328;26/2022;2022_26_22;aivan;2
1328;26/2022;2022_26_22;alustan;1
1328;26/2022;2022_26_22;antaa;1
1328;26/2022;2022_26_22;antavat;1
1328;26/2022;2022_26_22;arjessa;1
1328;26/2022;2022_26_22;arkaluontoisia;1
1328;26/2022;2022_26_22;arvoisa;3
1328;26/2022;2022_26_22;arvoista;1
1328;26/2022;2022_26_22;asia;1
1328;26/2022;2022_26_22;digitaalisiin;1
1328;26/2022;2022_26_22;edes;1
1328;26/2022;2022_26_22;ei;5
1328;26/2022;2022_26_22;eivät;3
1328;26/2022;2022_26_22;emme;1
1328;26/2022;2022_26_22;enemmän;2
1328;26/2022;2022_26_22;eri;1
1328;26/2022;2022_26_22;erilaisiin;1
1328;26/2022;2022_26_22;erilaisissa;1
1328;26/2022;2022_26_22;esimerkiksi;1
1328;26/2022;2022_26_22;että;4
1328;26/2022;2022_26_22;eu-alueelle;1
1328;26/2022;2022_26_22;euroopan;1
1328;26/2022;2022_26_22;harkitsemassa;1
1328;26/2022;2022_26_22;heitä;1
1328;26/2022;2022_26_22;henkilötietoja;1
1328;26/2022;2022_26_22;hetkellä;1
1328;26/2022;2022_26_22;huijaaminen;1
1328;26/2022;2022_26_22;huijata;1
1328;26/2022;2022_26_22;huolehtiminen;2
1328;26/2022;2022_26_22;huolellisuutta;1
1328;26/2022;2022_26_22;huoli;1
1328;26/2022;2022_26_22;huolta;1
1328;26/2022;2022_26_22;huomiota;2
1328;26/2022;2022_26_22;hybridi;1
1328;26/2022;2022_26_22;hyvinkin;1
1328;26/2022;2022_26_22;hyvän;1
1328;26/2022;2022_26_22;hyvää;1
1328;26/2022;2022_26_22;hyökkäävänsä;1
1328;26/2022;2022_26_22;häirinnän;1
1328;26/2022;2022_26_22;hävittäjät;1
1328;26/2022;2022_26_22;ihan;1
1328;26/2022;2022_26_22;ihmiset;1
1328;26/2022;2022_26_22;ihmisten;1
1328;26/2022;2022_26_22;ikävä;1
1328;26/2022;2022_26_22;ikääntyneiden;1
1328;26/2022;2022_26_22;ikääntyneistä;1
1328;26/2022;2022_26_22;ilmapiiriin;1
1328;26/2022;2022_26_22;ilmatilan;1
1328;26/2022;2022_26_22;ilmiö;1
1328;26/2022;2022_26_22;iskujen;1
1328;26/2022;2022_26_22;iskut;1
1328;26/2022;2022_26_22;itä-suomen;1
1328;26/2022;2022_26_22;itäraja;1
1328;26/2022;2022_26_22;ja;20
1328;26/2022;2022_26_22;jatkossa;1
1328;26/2022;2022_26_22;jo;1
1328;26/2022;2022_26_22;joita;1
1328;26/2022;2022_26_22;jos;3
1328;26/2022;2022_26_22;jossa;1
1328;26/2022;2022_26_22;jotka;1
1328;26/2022;2022_26_22;joutuvat;1
1328;26/2022;2022_26_22;juoksutti;1
1328;26/2022;2022_26_22;jälkeen;1
1328;26/2022;2022_26_22;kaikilta;1
1328;26/2022;2022_26_22;kaikkea;1
1328;26/2022;2022_26_22;kaikkeen;1
1328;26/2022;2022_26_22;kaikki;2
1328;26/2022;2022_26_22;kaikkien;1
1328;26/2022;2022_26_22;kannalta;1
1328;26/2022;2022_26_22;kannattaa;1
1328;26/2022;2022_26_22;kansalaiset;1
1328;26/2022;2022_26_22;kansalaisten;1
1328;26/2022;2022_26_22;kautta;2
1328;26/2022;2022_26_22;kentille;1
1328;26/2022;2022_26_22;kerralla;1
1328;26/2022;2022_26_22;keskinäistä;1
1328;26/2022;2022_26_22;keskusrikospoliisi;1
1328;26/2022;2022_26_22;kestä;1
1328;26/2022;2022_26_22;kiinnittää;1
1328;26/2022;2022_26_22;kiinnitämme;1
1328;26/2022;2022_26_22;kohdistua;1
1328;26/2022;2022_26_22;kohdistuvat;1
1328;26/2022;2022_26_22;kohtuuttomasti;1
1328;26/2022;2022_26_22;kokemusta;1
1328;26/2022;2022_26_22;koko;1
1328;26/2022;2022_26_22;koordinaation;1
1328;26/2022;2022_26_22;koronan;1
1328;26/2022;2022_26_22;koukkaavat;1
1328;26/2022;2022_26_22;kovalla;1
1328;26/2022;2022_26_22;kriisijohtamiseen;1
1328;26/2022;2022_26_22;kriisitilanteessa;1
1328;26/2022;2022_26_22;kriisiä;1
1328;26/2022;2022_26_22;kuin;2
1328;26/2022;2022_26_22;kuitenkin;1
1328;26/2022;2022_26_22;kun;2
1328;26/2022;2022_26_22;kuntoon;1
1328;26/2022;2022_26_22;kuukausi;1
1328;26/2022;2022_26_22;kuulemaan;1
1328;26/2022;2022_26_22;kuulet;1
1328;26/2022;2022_26_22;kuvittelemaan;1
1328;26/2022;2022_26_22;kyberuhkiin;1
1328;26/2022;2022_26_22;kädellä;1
1328;26/2022;2022_26_22;kärsimään;1
1328;26/2022;2022_26_22;käsiin;1
1328;26/2022;2022_26_22;käy;1
1328;26/2022;2022_26_22;käytännöt;1
1328;26/2022;2022_26_22;käytössä;1
1328;26/2022;2022_26_22;käännyttää;1
1328;26/2022;2022_26_22;lainsäädännön;1
1328;26/2022;2022_26_22;lainsäädäntö;1
1328;26/2022;2022_26_22;laittamalla;1
1328;26/2022;2022_26_22;laskeutumaan;1
1328;26/2022;2022_26_22;lentokoneet;1
1328;26/2022;2022_26_22;liettuan;1
1328;26/2022;2022_26_22;liittymistä;1
1328;26/2022;2022_26_22;lisäksi;1
1328;26/2022;2022_26_22;lisää;2
1328;26/2022;2022_26_22;loputon;1
1328;26/2022;2022_26_22;luet;1
1328;26/2022;2022_26_22;luvattu;1
1328;26/2022;2022_26_22;lähdekritiikkiin;1
1328;26/2022;2022_26_22;lähes;1
1328;26/2022;2022_26_22;lähteä;1
1328;26/2022;2022_26_22;maalta;1
1328;26/2022;2022_26_22;maasta;1
1328;26/2022;2022_26_22;mahdollisuus;2
1328;26/2022;2022_26_22;media;1
1328;26/2022;2022_26_22;mediassa;1
1328;26/2022;2022_26_22;meidän;4
1328;26/2022;2022_26_22;meillä;1
1328;26/2022;2022_26_22;meiltä;1
1328;26/2022;2022_26_22;mereltä;1
1328;26/2022;2022_26_22;mitä;5
1328;26/2022;2022_26_22;moniin;1
1328;26/2022;2022_26_22;moninkertaisia;1
1328;26/2022;2022_26_22;muistissa;1
1328;26/2022;2022_26_22;muita;1
1328;26/2022;2022_26_22;mukana;1
1328;26/2022;2022_26_22;mutta;4
1328;26/2022;2022_26_22;muutama;1
1328;26/2022;2022_26_22;muutaman;1
1328;26/2022;2022_26_22;muuttumassa;1
1328;26/2022;2022_26_22;myrskyn;1
1328;26/2022;2022_26_22;myös;6
1328;26/2022;2022_26_22;määrät;1
1328;26/2022;2022_26_22;nato-keskustelun;1
1328;26/2022;2022_26_22;natoon;1
1328;26/2022;2022_26_22;ne;1
1328;26/2022;2022_26_22;niin;2
1328;26/2022;2022_26_22;nuoren;1
1328;26/2022;2022_26_22;nuorista;1
1328;26/2022;2022_26_22;nykyinen;1
1328;26/2022;2022_26_22;nyt;1
1328;26/2022;2022_26_22;näet;1
1328;26/2022;2022_26_22;nähty;1
1328;26/2022;2022_26_22;näihin;1
1328;26/2022;2022_26_22;näimme;1
1328;26/2022;2022_26_22;näin;1
1328;26/2022;2022_26_22;näinä;1
1328;26/2022;2022_26_22;näitä;1
1328;26/2022;2022_26_22;nämä;1
1328;26/2022;2022_26_22;ole;2
1328;26/2022;2022_26_22;olla;2
1328;26/2022;2022_26_22;omaakin;1
1328;26/2022;2022_26_22;on;16
1328;26/2022;2022_26_22;osaa;1
1328;26/2022;2022_26_22;ottaa;1
1328;26/2022;2022_26_22;ovat;3
1328;26/2022;2022_26_22;paljon;1
1328;26/2022;2022_26_22;palveluiden;1
1328;26/2022;2022_26_22;palveluihin;1
1328;26/2022;2022_26_22;palveluitaan;1
1328;26/2022;2022_26_22;parantaa;2
1328;26/2022;2022_26_22;parempi;1
1328;26/2022;2022_26_22;pidä;1
1328;26/2022;2022_26_22;pikavauhdilla;1
1328;26/2022;2022_26_22;pitkän;1
1328;26/2022;2022_26_22;pitämään;1
1328;26/2022;2022_26_22;pitää;12
1328;26/2022;2022_26_22;pohjoisen;1
1328;26/2022;2022_26_22;poliiseja;1
1328;26/2022;2022_26_22;poliisi;1
1328;26/2022;2022_26_22;poliisin;1
1328;26/2022;2022_26_22;puhemies;3
1328;26/2022;2022_26_22;puolan;1
1328;26/2022;2022_26_22;puolustusvoimille;1
1328;26/2022;2022_26_22;putin;1
1328;26/2022;2022_26_22;puuttua;1
1328;26/2022;2022_26_22;pysty;1
1328;26/2022;2022_26_22;pystyttävä;1
1328;26/2022;2022_26_22;pystyä;2
1328;26/2022;2022_26_22;päähän;1
1328;26/2022;2022_26_22;päämiehet;1
1328;26/2022;2022_26_22;päätyi;1
1328;26/2022;2022_26_22;päätöksentekijöihin;1
1328;26/2022;2022_26_22;pöydän;1
1328;26/2022;2022_26_22;rahaa;1
1328;26/2022;2022_26_22;raja-asemilta;1
1328;26/2022;2022_26_22;rajalta;1
1328;26/2022;2022_26_22;rajan;1
1328;26/2022;2022_26_22;rajavartiolaitos;1
1328;26/2022;2022_26_22;rajoilla;1
1328;26/2022;2022_26_22;resurssien;1
1328;26/2022;2022_26_22;resurssit;1
1328;26/2022;2022_26_22;riittävät;1
1328;26/2022;2022_26_22;riitä;1
1328;26/2022;2022_26_22;riski;1
1328;26/2022;2022_26_22;ruotsia;1
1328;26/2022;2022_26_22;ryhti;1
1328;26/2022;2022_26_22;saada;1
1328;26/2022;2022_26_22;saman;1
1328;26/2022;2022_26_22;samoin;1
1328;26/2022;2022_26_22;saumatonta;1
1328;26/2022;2022_26_22;se;3
1328;26/2022;2022_26_22;sekä;2
1328;26/2022;2022_26_22;sellaisiin;2
1328;26/2022;2022_26_22;selvää;1
1328;26/2022;2022_26_22;sen;3
1328;26/2022;2022_26_22;seuraavalla;1
1328;26/2022;2022_26_22;sietokykyään;1
1328;26/2022;2022_26_22;siihen;1
1328;26/2022;2022_26_22;siitä;1
1328;26/2022;2022_26_22;silloin;1
1328;26/2022;2022_26_22;sillä;1
1328;26/2022;2022_26_22;sisäinen;1
1328;26/2022;2022_26_22;sisäisen;1
1328;26/2022;2022_26_22;sisäisesti;1
1328;26/2022;2022_26_22;sisäisestä;1
1328;26/2022;2022_26_22;sisäistä;1
1328;26/2022;2022_26_22;sisällä;1
1328;26/2022;2022_26_22;sisältä;2
1328;26/2022;2022_26_22;sitten;2
1328;26/2022;2022_26_22;sitä;1
1328;26/2022;2022_26_22;sosiaalinen;1
1328;26/2022;2022_26_22;sosiaalisessa;1
1328;26/2022;2022_26_22;sotilasteknilliset;1
1328;26/2022;2022_26_22;sotilasteknillisillä;1
1328;26/2022;2022_26_22;suojata;1
1328;26/2022;2022_26_22;suojelupoliisi;1
1328;26/2022;2022_26_22;suomea;1
1328;26/2022;2022_26_22;suomeen;1
1328;26/2022;2022_26_22;suomella;1
1328;26/2022;2022_26_22;suomen;2
1328;26/2022;2022_26_22;suoraan;1
1328;26/2022;2022_26_22;suunnalta;1
1328;26/2022;2022_26_22;syrjäytyä;1
1328;26/2022;2022_26_22;sähköisten;1
1328;26/2022;2022_26_22;sää;1
1328;26/2022;2022_26_22;sään;1
1328;26/2022;2022_26_22;tai;3
1328;26/2022;2022_26_22;takaa;1
1328;26/2022;2022_26_22;takaisin;1
1328;26/2022;2022_26_22;takia;1
1328;26/2022;2022_26_22;talman;3
1328;26/2022;2022_26_22;tapahtui;1
1328;26/2022;2022_26_22;tapahtumissa;1
1328;26/2022;2022_26_22;tapaus;1
1328;26/2022;2022_26_22;tarkoittaa;1
1328;26/2022;2022_26_22;taso;1
1328;26/2022;2022_26_22;tasolla;1
1328;26/2022;2022_26_22;tehtäviä;1
1328;26/2022;2022_26_22;tekevät;1
1328;26/2022;2022_26_22;teknologia;1
1328;26/2022;2022_26_22;tiedonkulkua;2
1328;26/2022;2022_26_22;tiedä;1
1328;26/2022;2022_26_22;tien;1
1328;26/2022;2022_26_22;tietäen;1
1328;26/2022;2022_26_22;todellakaan;1
1328;26/2022;2022_26_22;todellista;1
1328;26/2022;2022_26_22;toimet;1
1328;26/2022;2022_26_22;toimilla;1
1328;26/2022;2022_26_22;toimintavalmiudet;1
1328;26/2022;2022_26_22;totta;1
1328;26/2022;2022_26_22;tuhansia;1
1328;26/2022;2022_26_22;tukea;1
1328;26/2022;2022_26_22;tulemme;1
1328;26/2022;2022_26_22;tulevaisuudessa;2
1328;26/2022;2022_26_22;tuleviin;1
1328;26/2022;2022_26_22;tulijat;1
1328;26/2022;2022_26_22;tulla;2
1328;26/2022;2022_26_22;tulli;1
1328;26/2022;2022_26_22;tunki;1
1328;26/2022;2022_26_22;tunne;1
1328;26/2022;2022_26_22;tunnemme;1
1328;26/2022;2022_26_22;tuoreessa;1
1328;26/2022;2022_26_22;turhat;1
1328;26/2022;2022_26_22;turvallisuuden;1
1328;26/2022;2022_26_22;turvallisuudesta;2
1328;26/2022;2022_26_22;turvallisuus;1
1328;26/2022;2022_26_22;turvallisuutta;1
1328;26/2022;2022_26_22;turvapaikanhakijoita;1
1328;26/2022;2022_26_22;tylysti;1
1328;26/2022;2022_26_22;tähän;1
1328;26/2022;2022_26_22;tällaiset;1
1328;26/2022;2022_26_22;tällaisten;1
1328;26/2022;2022_26_22;tällä;1
1328;26/2022;2022_26_22;tämä;1
1328;26/2022;2022_26_22;tärkeimpiä;1
1328;26/2022;2022_26_22;tässä;1
1328;26/2022;2022_26_22;tästä;2
1328;26/2022;2022_26_22;uhata;1
1328;26/2022;2022_26_22;uhkaillut;1
1328;26/2022;2022_26_22;uhkailut;1
1328;26/2022;2022_26_22;uhkiin;3
1328;26/2022;2022_26_22;ukrainaan;1
1328;26/2022;2022_26_22;ulkoa;2
1328;26/2022;2022_26_22;ulkoisiin;1
1328;26/2022;2022_26_22;unohtaa;1
1328;26/2022;2022_26_22;uutisia;1
1328;26/2022;2022_26_22;vaatii;1
1328;26/2022;2022_26_22;vaikuttaa;2
1328;26/2022;2022_26_22;vain;2
1328;26/2022;2022_26_22;vaivaa;1
1328;26/2022;2022_26_22;vakavasti;1
1328;26/2022;2022_26_22;valko-venäjä;1
1328;26/2022;2022_26_22;valko-venäjän;1
1328;26/2022;2022_26_22;valtiovallan;1
1328;26/2022;2022_26_22;varaa;1
1328;26/2022;2022_26_22;varalta;2
1328;26/2022;2022_26_22;varauduttava;2
1328;26/2022;2022_26_22;varauduttu;1
1328;26/2022;2022_26_22;varautua;2
1328;26/2022;2022_26_22;varautumaan;1
1328;26/2022;2022_26_22;varmasti;2
1328;26/2022;2022_26_22;varsinkin;2
1328;26/2022;2022_26_22;vastaamaan;1
1328;26/2022;2022_26_22;vastaamon;1
1328;26/2022;2022_26_22;vastaan;1
1328;26/2022;2022_26_22;venäjä;1
1328;26/2022;2022_26_22;venäjälle;1
1328;26/2022;2022_26_22;venäjän;2
1328;26/2022;2022_26_22;viranomaiset;1
1328;26/2022;2022_26_22;viranomaisia;1
1328;26/2022;2022_26_22;viranomaisten;3
1328;26/2022;2022_26_22;voi;4
1328;26/2022;2022_26_22;voivat;4
1328;26/2022;2022_26_22;vuoden;1
1328;26/2022;2022_26_22;välillä;1
1328;26/2022;2022_26_22;vääriin;1
1328;26/2022;2022_26_22;yhdenkään;1
1328;26/2022;2022_26_22;yhdessä;1
1328;26/2022;2022_26_22;yhteinen;1
1328;26/2022;2022_26_22;yhteiskunnalliseen;1
1328;26/2022;2022_26_22;yhteiskunnan;1
1328;26/2022;2022_26_22;yhteiskunnasta;1
1328;26/2022;2022_26_22;yhteistyötä;2
1328;26/2022;2022_26_22;yksityiset;2
1328;26/2022;2022_26_22;yksityisten;1
1328;26/2022;2022_26_22;yli;1
1328;26/2022;2022_26_22;yllättävissäkin;1
1328;26/2022;2022_26_22;ymmärrystään;1
1328;26/2022;2022_26_22;yritetään;1
1328;26/2022;2022_26_22;yrittää;1
1328;26/2022;2022_26_22;yritykset;2
1328;26/2022;2022_26_22;yritysten;1
1328;26/2022;2022_26_22;ärade;3
1328;26/2022;2022_26_22;äärimmäisen;1
1328;26/2023;2023_26_53;antti;3
1328;26/2023;2023_26_53;arvoisa;1
1328;26/2023;2023_26_53;budjetti;1
1328;26/2023;2023_26_53;ennen;1
1328;26/2023;2023_26_53;esimerkiksi;1
1328;26/2023;2023_26_53;että;1
1328;26/2023;2023_26_53;hallituksessa;1
1328;26/2023;2023_26_53;hyvinvointialueet;1
1328;26/2023;2023_26_53;hyvä;1
1328;26/2023;2023_26_53;ihmistä;1
1328;26/2023;2023_26_53;ilmoititte;1
1328;26/2023;2023_26_53;irtisanotaan;1
1328;26/2023;2023_26_53;ja;1
1328;26/2023;2023_26_53;kokoomuksen;1
1328;26/2023;2023_26_53;korjata;1
1328;26/2023;2023_26_53;korjaus;1
1328;26/2023;2023_26_53;korjaussarja;1
1328;26/2023;2023_26_53;korjaussarjanne;1
1328;26/2023;2023_26_53;kuin;1
1328;26/2023;2023_26_53;kun;1
1328;26/2023;2023_26_53;kurvinen;3
1328;26/2023;2023_26_53;kuulimme;1
1328;26/2023;2023_26_53;kysymys;1
1328;26/2023;2023_26_53;kysyttiin;1
1328;26/2023;2023_26_53;leikkaatte;1
1328;26/2023;2023_26_53;leikkaus;2
1328;26/2023;2023_26_53;lopetetaan;1
1328;26/2023;2023_26_53;loppuneet;1
1328;26/2023;2023_26_53;meinaatte;1
1328;26/2023;2023_26_53;menoista;1
1328;26/2023;2023_26_53;mikä;1
1328;26/2023;2023_26_53;miljardia;1
1328;26/2023;2023_26_53;miljardin;1
1328;26/2023;2023_26_53;miljoonaa;1
1328;26/2023;2023_26_53;miten;1
1328;26/2023;2023_26_53;niin;1
1328;26/2023;2023_26_53;nousevista;1
1328;26/2023;2023_26_53;nyt;1
1328;26/2023;2023_26_53;oltiin;1
1328;26/2023;2023_26_53;on;2
1328;26/2023;2023_26_53;onko;1
1328;26/2023;2023_26_53;orpo;2
1328;26/2023;2023_26_53;otetaan;1
1328;26/2023;2023_26_53;ovat;1
1328;26/2023;2023_26_53;ovatko;1
1328;26/2023;2023_26_53;pakkasella;1
1328;26/2023;2023_26_53;pakkasen;1
1328;26/2023;2023_26_53;pirkanmaan;1
1328;26/2023;2023_26_53;puhemies;1
1328;26/2023;2023_26_53;puolella;1
1328;26/2023;2023_26_53;pääministeri;2
1328;26/2023;2023_26_53;sairaanhoitopiiri;1
1328;26/2023;2023_26_53;sairaat;1
1328;26/2023;2023_26_53;sata;1
1328;26/2023;2023_26_53;se;1
1328;26/2023;2023_26_53;siellä;1
1328;26/2023;2023_26_53;sieltä;1
1328;26/2023;2023_26_53;silloin;1
1328;26/2023;2023_26_53;sotea;1
1328;26/2023;2023_26_53;suomea;1
1328;26/2023;2023_26_53;suomesta;1
1328;26/2023;2023_26_53;talman;1
1328;26/2023;2023_26_53;te;2
1328;26/2023;2023_26_53;tehdään;1
1328;26/2023;2023_26_53;teidän;1
1328;26/2023;2023_26_53;teiltä;1
1328;26/2023;2023_26_53;terveyskeskuksia;1
1328;26/2023;2023_26_53;vaaleja;1
1328;26/2023;2023_26_53;vaalitentissä;1
1328;26/2023;2023_26_53;vetämässä;1
1328;26/2023;2023_26_53;yli;1
1328;26/2023;2023_26_53;ympäri;1
1328;26/2023;2023_26_53;ärade;1
1328;26/2024;2024_26_49;ahonen;2
1328;26/2024;2024_26_49;aina;1
1328;26/2024;2024_26_49;antaa;1
1328;26/2024;2024_26_49;arvoisa;1
1328;26/2024;2024_26_49;asioita;1
1328;26/2024;2024_26_49;asti;1
1328;26/2024;2024_26_49;eduskunnasta;1
1328;26/2024;2024_26_49;eli;1
1328;26/2024;2024_26_49;eri;1
1328;26/2024;2024_26_49;että;3
1328;26/2024;2024_26_49;haastatteluja;1
1328;26/2024;2024_26_49;henkilö;1
1328;26/2024;2024_26_49;hoidosta;1
1328;26/2024;2024_26_49;hoitajamitoitukset;1
1328;26/2024;2024_26_49;hoitotakuu;1
1328;26/2024;2024_26_49;hyvinvointialueiden;2
1328;26/2024;2024_26_49;hyvä;1
1328;26/2024;2024_26_49;hän;3
1328;26/2024;2024_26_49;hänellä;1
1328;26/2024;2024_26_49;ihan;1
1328;26/2024;2024_26_49;ihmiset;1
1328;26/2024;2024_26_49;ja;1
1328;26/2024;2024_26_49;jo;1
1328;26/2024;2024_26_49;jolla;1
1328;26/2024;2024_26_49;jotka;1
1328;26/2024;2024_26_49;jotkut;1
1328;26/2024;2024_26_49;juuso;1
1328;26/2024;2024_26_49;kaikki;1
1328;26/2024;2024_26_49;kertonut;1
1328;26/2024;2024_26_49;kiitos;1
1328;26/2024;2024_26_49;koulutettu;1
1328;26/2024;2024_26_49;kova;1
1328;26/2024;2024_26_49;kovia;1
1328;26/2024;2024_26_49;kun;1
1328;26/2024;2024_26_49;kysymys;1
1328;26/2024;2024_26_49;käsiparit;1
1328;26/2024;2024_26_49;liian;2
1328;26/2024;2024_26_49;loppua;1
1328;26/2024;2024_26_49;läksytitte;1
1328;26/2024;2024_26_49;mandaatilla;1
1328;26/2024;2024_26_49;mandaatti;1
1328;26/2024;2024_26_49;meinasi;1
1328;26/2024;2024_26_49;mieltä;1
1328;26/2024;2024_26_49;millä;1
1328;26/2024;2024_26_49;ministeri;1
1328;26/2024;2024_26_49;minua;1
1328;26/2024;2024_26_49;muste;1
1328;26/2024;2024_26_49;myös;1
1328;26/2024;2024_26_49;ne;1
1328;26/2024;2024_26_49;nyt;1
1328;26/2024;2024_26_49;näitä;1
1328;26/2024;2024_26_49;ohjausosaston;2
1328;26/2024;2024_26_49;oletteko;1
1328;26/2024;2024_26_49;olla;1
1328;26/2024;2024_26_49;on;3
1328;26/2024;2024_26_49;onko;1
1328;26/2024;2024_26_49;osastopäällikkö;2
1328;26/2024;2024_26_49;ovat;1
1328;26/2024;2024_26_49;puhemies;1
1328;26/2024;2024_26_49;puhutte;1
1328;26/2024;2024_26_49;puhuu;2
1328;26/2024;2024_26_49;riittävätkö;1
1328;26/2024;2024_26_49;samaa;1
1328;26/2024;2024_26_49;sanoo;1
1328;26/2024;2024_26_49;sen;1
1328;26/2024;2024_26_49;siinä;2
1328;26/2024;2024_26_49;talman;1
1328;26/2024;2024_26_49;tarvitaan;1
1328;26/2024;2024_26_49;tarvitseeko;1
1328;26/2024;2024_26_49;te;2
1328;26/2024;2024_26_49;vai;1
1328;26/2024;2024_26_49;vaiheessa;1
1328;26/2024;2024_26_49;valtiovarainministeriön;1
1328;26/2024;2024_26_49;vielä;1
1328;26/2024;2024_26_49;viimeiseen;1
1328;26/2024;2024_26_49;ville-veikko;2
1328;26/2024;2024_26_49;ympärivuorokautisesta;1
1328;26/2024;2024_26_49;ärade;1
1328;27/2022;2022_27_102;arvoisa;1
1328;27/2022;2022_27_102;eduksi;1
1328;27/2022;2022_27_102;ei;1
1328;27/2022;2022_27_102;elintarvikkeiden;1
1328;27/2022;2022_27_102;ennen;1
1328;27/2022;2022_27_102;ensin;1
1328;27/2022;2022_27_102;että;1
1328;27/2022;2022_27_102;euroa;2
1328;27/2022;2022_27_102;hinnat;1
1328;27/2022;2022_27_102;hinnoittelusta;1
1328;27/2022;2022_27_102;hyvä;1
1328;27/2022;2022_27_102;ja;5
1328;27/2022;2022_27_102;jaettaisiin;1
1328;27/2022;2022_27_102;jo;1
1328;27/2022;2022_27_102;jos;1
1328;27/2022;2022_27_102;jotakin;1
1328;27/2022;2022_27_102;jälkeen;1
1328;27/2022;2022_27_102;jääneet;1
1328;27/2022;2022_27_102;kannattamattomina;1
1328;27/2022;2022_27_102;kanssa;2
1328;27/2022;2022_27_102;karanneet;1
1328;27/2022;2022_27_102;kaupan;1
1328;27/2022;2022_27_102;kertokaa;1
1328;27/2022;2022_27_102;kertonut;1
1328;27/2022;2022_27_102;konkurssissa;1
1328;27/2022;2022_27_102;korvaukset;1
1328;27/2022;2022_27_102;kriisissä;1
1328;27/2022;2022_27_102;kustannuksista;1
1328;27/2022;2022_27_102;käsistä;1
1328;27/2022;2022_27_102;lannoitteiden;1
1328;27/2022;2022_27_102;lannoitteita;1
1328;27/2022;2022_27_102;lopettanut;1
1328;27/2022;2022_27_102;loput;1
1328;27/2022;2022_27_102;luottaa;1
1328;27/2022;2022_27_102;maatalous;1
1328;27/2022;2022_27_102;maatila;1
1328;27/2022;2022_27_102;maatilaa;1
1328;27/2022;2022_27_102;maatiloille;1
1328;27/2022;2022_27_102;maatilojen;1
1328;27/2022;2022_27_102;maksettavat;1
1328;27/2022;2022_27_102;markkinataloudessa;1
1328;27/2022;2022_27_102;melkein;1
1328;27/2022;2022_27_102;metsänomistajien;1
1328;27/2022;2022_27_102;metsät;1
1328;27/2022;2022_27_102;miljoonaa;1
1328;27/2022;2022_27_102;ministeri;2
1328;27/2022;2022_27_102;minulle;1
1328;27/2022;2022_27_102;mistä;1
1328;27/2022;2022_27_102;miten;1
1328;27/2022;2022_27_102;monta;1
1328;27/2022;2022_27_102;mutta;1
1328;27/2022;2022_27_102;niin;1
1328;27/2022;2022_27_102;nykyhinnoilla;1
1328;27/2022;2022_27_102;nyt;1
1328;27/2022;2022_27_102;olette;1
1328;27/2022;2022_27_102;ollut;1
1328;27/2022;2022_27_102;on;4
1328;27/2022;2022_27_102;osteta;1
1328;27/2022;2022_27_102;ovat;3
1328;27/2022;2022_27_102;pahasti;1
1328;27/2022;2022_27_102;paljon;2
1328;27/2022;2022_27_102;per;1
1328;27/2022;2022_27_102;polttoaineiden;1
1328;27/2022;2022_27_102;polttoaineita;1
1328;27/2022;2022_27_102;puhemies;1
1328;27/2022;2022_27_102;pörssiyhtiöiden;1
1328;27/2022;2022_27_102;rahaa;1
1328;27/2022;2022_27_102;saarikko;2
1328;27/2022;2022_27_102;se;2
1328;27/2022;2022_27_102;siihen;1
1328;27/2022;2022_27_102;sillä;1
1328;27/2022;2022_27_102;sitten;1
1328;27/2022;2022_27_102;sopia;1
1328;27/2022;2022_27_102;sopineenne;1
1328;27/2022;2022_27_102;sotaa;1
1328;27/2022;2022_27_102;suojellaan;1
1328;27/2022;2022_27_102;tai;1
1328;27/2022;2022_27_102;talman;1
1328;27/2022;2022_27_102;tasan;1
1328;27/2022;2022_27_102;tekisi;1
1328;27/2022;2022_27_102;teollisuuden;1
1328;27/2022;2022_27_102;tuottajien;1
1328;27/2022;2022_27_102;tuottajille;1
1328;27/2022;2022_27_102;turve;1
1328;27/2022;2022_27_102;ukrainan;1
1328;27/2022;2022_27_102;valtiovalta;1
1328;27/2022;2022_27_102;vietiin;1
1328;27/2022;2022_27_102;voi;2
1328;27/2022;2022_27_102;vuoro;1
1328;27/2022;2022_27_102;yksipuolisesti;1
1328;27/2022;2022_27_102;yrittäjiltä;1
1328;27/2022;2022_27_102;ärade;1
1328;28/2020;2020_28_27;ajatellaan;1
1328;28/2020;2020_28_27;annettavana;1
1328;28/2020;2020_28_27;arvoisa;1
1328;28/2020;2020_28_27;asia;2
1328;28/2020;2020_28_27;asiakasta;1
1328;28/2020;2020_28_27;ei;2
1328;28/2020;2020_28_27;eikä;1
1328;28/2020;2020_28_27;että;1
1328;28/2020;2020_28_27;hallitukselta;1
1328;28/2020;2020_28_27;he;2
1328;28/2020;2020_28_27;heille;1
1328;28/2020;2020_28_27;ja;1
1328;28/2020;2020_28_27;jos;1
1328;28/2020;2020_28_27;jotain;2
1328;28/2020;2020_28_27;jotka;1
1328;28/2020;2020_28_27;joudutaan;1
1328;28/2020;2020_28_27;joutuvat;1
1328;28/2020;2020_28_27;kivijalkayrittäjillä;1
1328;28/2020;2020_28_27;kuitenkin;1
1328;28/2020;2020_28_27;kun;1
1328;28/2020;2020_28_27;kysynyt;1
1328;28/2020;2020_28_27;maksamaan;2
1328;28/2020;2020_28_27;meinaatteko;1
1328;28/2020;2020_28_27;miettivät;1
1328;28/2020;2020_28_27;millä;1
1328;28/2020;2020_28_27;missä;1
1328;28/2020;2020_28_27;mitä;1
1328;28/2020;2020_28_27;mitään;1
1328;28/2020;2020_28_27;monella;1
1328;28/2020;2020_28_27;ne;1
1328;28/2020;2020_28_27;neuvoja;1
1328;28/2020;2020_28_27;niin;2
1328;28/2020;2020_28_27;näistä;1
1328;28/2020;2020_28_27;ole;2
1328;28/2020;2020_28_27;olemaan;1
1328;28/2020;2020_28_27;olisinkin;1
1328;28/2020;2020_28_27;on;4
1328;28/2020;2020_28_27;onko;1
1328;28/2020;2020_28_27;ostoskeskusta;1
1328;28/2020;2020_28_27;paljon;1
1328;28/2020;2020_28_27;palkanmaksu;1
1328;28/2020;2020_28_27;pelkästään;1
1328;28/2020;2020_28_27;puhemies;1
1328;28/2020;2020_28_27;samat;1
1328;28/2020;2020_28_27;se;1
1328;28/2020;2020_28_27;selviävät;1
1328;28/2020;2020_28_27;semmoinen;1
1328;28/2020;2020_28_27;sille;1
1328;28/2020;2020_28_27;tai;1
1328;28/2020;2020_28_27;tehdä;1
1328;28/2020;2020_28_27;toimintaa;1
1328;28/2020;2020_28_27;tosi;1
1328;28/2020;2020_28_27;tulee;1
1328;28/2020;2020_28_27;tämä;2
1328;28/2020;2020_28_27;tärkeä;1
1328;28/2020;2020_28_27;vaan;1
1328;28/2020;2020_28_27;vaikeaa;1
1328;28/2020;2020_28_27;vuokranmaksu;1
1328;28/2020;2020_28_27;vuokranmaksuista;1
1328;28/2020;2020_28_27;vuokrat;2
1328;28/2020;2020_28_27;yhtään;2
1328;28/2020;2020_28_27;yksinyrittäjällä;1
1328;28/2020;2020_28_27;yrittäjällä;1
1328;28/2020;2020_28_27;yrittäjät;1
1328;28/2020;2020_28_27;yritystä;1
1328;29/2024;2024_29_22;ainoa;1
1328;29/2024;2024_29_22;ajan;1
1328;29/2024;2024_29_22;arvoisa;4
1328;29/2024;2024_29_22;asioihin;1
1328;29/2024;2024_29_22;asioissa;1
1328;29/2024;2024_29_22;asioista;1
1328;29/2024;2024_29_22;avustavat;1
1328;29/2024;2024_29_22;byrokratian;1
1328;29/2024;2024_29_22;edessä;1
1328;29/2024;2024_29_22;ehdolla;1
1328;29/2024;2024_29_22;ehkä;1
1328;29/2024;2024_29_22;ei;5
1328;29/2024;2024_29_22;elintaso;1
1328;29/2024;2024_29_22;emme;2
1328;29/2024;2024_29_22;enemmän;1
1328;29/2024;2024_29_22;ensi;1
1328;29/2024;2024_29_22;enää;2
1328;29/2024;2024_29_22;epäonnistuneet;1
1328;29/2024;2024_29_22;erityisiä;1
1328;29/2024;2024_29_22;esimerkiksi;2
1328;29/2024;2024_29_22;esteitä;1
1328;29/2024;2024_29_22;estettyä;1
1328;29/2024;2024_29_22;ettemme;1
1328;29/2024;2024_29_22;että;5
1328;29/2024;2024_29_22;eu;4
1328;29/2024;2024_29_22;eu-kausi;1
1328;29/2024;2024_29_22;eu-vaikuttamisessa;1
1328;29/2024;2024_29_22;eulta;1
1328;29/2024;2024_29_22;eun;2
1328;29/2024;2024_29_22;euroopan;2
1328;29/2024;2024_29_22;eusta;1
1328;29/2024;2024_29_22;haasteita;1
1328;29/2024;2024_29_22;halki;1
1328;29/2024;2024_29_22;haluaa;1
1328;29/2024;2024_29_22;hengiltä;1
1328;29/2024;2024_29_22;hoitaa;1
1328;29/2024;2024_29_22;huolestuttavaa;1
1328;29/2024;2024_29_22;huomattavasti;1
1328;29/2024;2024_29_22;huutolaispoikia;1
1328;29/2024;2024_29_22;huvittaa;1
1328;29/2024;2024_29_22;hyväksy;1
1328;29/2024;2024_29_22;hyöty;2
1328;29/2024;2024_29_22;ihmiselle;1
1328;29/2024;2024_29_22;ilmastonmuutokseen;1
1328;29/2024;2024_29_22;investointeihin;1
1328;29/2024;2024_29_22;investointirahastoa;1
1328;29/2024;2024_29_22;investointirahastoon;1
1328;29/2024;2024_29_22;ja;8
1328;29/2024;2024_29_22;jopa;1
1328;29/2024;2024_29_22;jotta;1
1328;29/2024;2024_29_22;joudumme;1
1328;29/2024;2024_29_22;jälkeen;1
1328;29/2024;2024_29_22;jäsenneuvottelut;1
1328;29/2024;2024_29_22;jäänyt;1
1328;29/2024;2024_29_22;kaasu;1
1328;29/2024;2024_29_22;kaikista;1
1328;29/2024;2024_29_22;kaikkien;1
1328;29/2024;2024_29_22;kannattelemaan;1
1328;29/2024;2024_29_22;kanssa;1
1328;29/2024;2024_29_22;kasvaa;1
1328;29/2024;2024_29_22;kasvu;1
1328;29/2024;2024_29_22;kaupan;1
1328;29/2024;2024_29_22;kiinalle;1
1328;29/2024;2024_29_22;kiljunen;1
1328;29/2024;2024_29_22;kimmo;1
1328;29/2024;2024_29_22;kohta;1
1328;29/2024;2024_29_22;koska;1
1328;29/2024;2024_29_22;kovaa;1
1328;29/2024;2024_29_22;kuin;1
1328;29/2024;2024_29_22;kun;2
1328;29/2024;2024_29_22;kuten;1
1328;29/2024;2024_29_22;laskee;1
1328;29/2024;2024_29_22;loppua;1
1328;29/2024;2024_29_22;maahanmuutto;1
1328;29/2024;2024_29_22;maataloutemme;1
1328;29/2024;2024_29_22;maihin;1
1328;29/2024;2024_29_22;maksamaan;1
1328;29/2024;2024_29_22;maksaneet;1
1328;29/2024;2024_29_22;maksanut;1
1328;29/2024;2024_29_22;me;2
1328;29/2024;2024_29_22;media;1
1328;29/2024;2024_29_22;meidän;5
1328;29/2024;2024_29_22;meidät;1
1328;29/2024;2024_29_22;menestystarina;1
1328;29/2024;2024_29_22;metsät;1
1328;29/2024;2024_29_22;mielessä;1
1328;29/2024;2024_29_22;mielestäni;1
1328;29/2024;2024_29_22;mikä;3
1328;29/2024;2024_29_22;miljardeilla;1
1328;29/2024;2024_29_22;miljardia;1
1328;29/2024;2024_29_22;miten;4
1328;29/2024;2024_29_22;mites;1
1328;29/2024;2024_29_22;mitä;1
1328;29/2024;2024_29_22;muihin;1
1328;29/2024;2024_29_22;muissa;1
1328;29/2024;2024_29_22;mutta;2
1328;29/2024;2024_29_22;myös;1
1328;29/2024;2024_29_22;myöskään;1
1328;29/2024;2024_29_22;myötä;1
1328;29/2024;2024_29_22;määritetään;1
1328;29/2024;2024_29_22;nettojäsenmaksuina;1
1328;29/2024;2024_29_22;nettomaksaja;1
1328;29/2024;2024_29_22;nyt;2
1328;29/2024;2024_29_22;nytkin;1
1328;29/2024;2024_29_22;näy;1
1328;29/2024;2024_29_22;ole;1
1328;29/2024;2024_29_22;olemaan;1
1328;29/2024;2024_29_22;olemme;5
1328;29/2024;2024_29_22;olla;1
1328;29/2024;2024_29_22;ollaanko;1
1328;29/2024;2024_29_22;olleet;1
1328;29/2024;2024_29_22;omaa;1
1328;29/2024;2024_29_22;on;10
1328;29/2024;2024_29_22;ongelma;2
1328;29/2024;2024_29_22;onko;1
1328;29/2024;2024_29_22;orbn;1
1328;29/2024;2024_29_22;otetaan;1
1328;29/2024;2024_29_22;paikallaan;1
1328;29/2024;2024_29_22;paljonko;1
1328;29/2024;2024_29_22;parantaa;1
1328;29/2024;2024_29_22;piti;1
1328;29/2024;2024_29_22;pitää;6
1328;29/2024;2024_29_22;poistaa;1
1328;29/2024;2024_29_22;politiikkaa;1
1328;29/2024;2024_29_22;polkee;1
1328;29/2024;2024_29_22;puhemies;4
1328;29/2024;2024_29_22;puolesta;1
1328;29/2024;2024_29_22;pyrkiä;1
1328;29/2024;2024_29_22;pystymme;1
1328;29/2024;2024_29_22;pysy;1
1328;29/2024;2024_29_22;pärjää;2
1328;29/2024;2024_29_22;päättää;1
1328;29/2024;2024_29_22;päätöksenteko;1
1328;29/2024;2024_29_22;raja-aidasta;1
1328;29/2024;2024_29_22;ranska;1
1328;29/2024;2024_29_22;ryhmästä;1
1328;29/2024;2024_29_22;saadaan;2
1328;29/2024;2024_29_22;saamme;1
1328;29/2024;2024_29_22;saatu;1
1328;29/2024;2024_29_22;saksa;1
1328;29/2024;2024_29_22;se;10
1328;29/2024;2024_29_22;sekä;1
1328;29/2024;2024_29_22;selkeä;1
1328;29/2024;2024_29_22;siellä;1
1328;29/2024;2024_29_22;siinä;1
1328;29/2024;2024_29_22;siinäkin;1
1328;29/2024;2024_29_22;siitä;1
1328;29/2024;2024_29_22;sillä;1
1328;29/2024;2024_29_22;siten;1
1328;29/2024;2024_29_22;sitä;1
1328;29/2024;2024_29_22;sosiaalidemokraattien;1
1328;29/2024;2024_29_22;sosiaalinen;1
1328;29/2024;2024_29_22;suomesta;1
1328;29/2024;2024_29_22;suuriin;1
1328;29/2024;2024_29_22;suurin;2
1328;29/2024;2024_29_22;systemaattisesti;1
1328;29/2024;2024_29_22;säädellä;1
1328;29/2024;2024_29_22;säätely;1
1328;29/2024;2024_29_22;talman;4
1328;29/2024;2024_29_22;talouden;1
1328;29/2024;2024_29_22;tasalla;1
1328;29/2024;2024_29_22;tekee;1
1328;29/2024;2024_29_22;tekoäly;1
1328;29/2024;2024_29_22;teollisuuttaan;1
1328;29/2024;2024_29_22;tiedetään;1
1328;29/2024;2024_29_22;tilanteen;1
1328;29/2024;2024_29_22;toimi;2
1328;29/2024;2024_29_22;toimia;1
1328;29/2024;2024_29_22;toimii;1
1328;29/2024;2024_29_22;tulee;1
1328;29/2024;2024_29_22;tuleva;1
1328;29/2024;2024_29_22;tulla;1
1328;29/2024;2024_29_22;tullut;1
1328;29/2024;2024_29_22;tuovat;1
1328;29/2024;2024_29_22;tärkeä;1
1328;29/2024;2024_29_22;ukrainan;1
1328;29/2024;2024_29_22;unionin;1
1328;29/2024;2024_29_22;uudet;1
1328;29/2024;2024_29_22;uusia;1
1328;29/2024;2024_29_22;vaaditaan;1
1328;29/2024;2024_29_22;vaikean;1
1328;29/2024;2024_29_22;vaikeata;1
1328;29/2024;2024_29_22;vaikuttaa;1
1328;29/2024;2024_29_22;valtioita;1
1328;29/2024;2024_29_22;varrella;1
1328;29/2024;2024_29_22;vauhtia;1
1328;29/2024;2024_29_22;velkaantuneet;1
1328;29/2024;2024_29_22;venäjältä;2
1328;29/2024;2024_29_22;verrattuna;1
1328;29/2024;2024_29_22;virtaavat;1
1328;29/2024;2024_29_22;vuosien;1
1328;29/2024;2024_29_22;vuotta;1
1328;29/2024;2024_29_22;välineellistetty;1
1328;29/2024;2024_29_22;yhdysvalloille;1
1328;29/2024;2024_29_22;yhä;1
1328;29/2024;2024_29_22;ärade;4
1328;29/2024;2024_29_22;öljy;1
1328;3/2021;2021_3_87;aiheutuu;1
1328;3/2021;2021_3_87;arvoisa;1
1328;3/2021;2021_3_87;asettanut;1
1328;3/2021;2021_3_87;biopolttoaineen;1
1328;3/2021;2021_3_87;ei;1
1328;3/2021;2021_3_87;että;1
1328;3/2021;2021_3_87;hallitus;2
1328;3/2021;2021_3_87;hinta;1
1328;3/2021;2021_3_87;hintaa;1
1328;3/2021;2021_3_87;ilmoittanut;1
1328;3/2021;2021_3_87;joka;1
1328;3/2021;2021_3_87;keskusta;1
1328;3/2021;2021_3_87;kysynkin;1
1328;3/2021;2021_3_87;laskea;1
1328;3/2021;2021_3_87;laskun;1
1328;3/2021;2021_3_87;maksaako;1
1328;3/2021;2021_3_87;meinaatteko;1
1328;3/2021;2021_3_87;mennessä;1
1328;3/2021;2021_3_87;miljoonien;1
1328;3/2021;2021_3_87;ministeri;1
1328;3/2021;2021_3_87;myyntivelvoitetta;2
1328;3/2021;2021_3_87;nostaa;1
1328;3/2021;2021_3_87;nostamaan;1
1328;3/2021;2021_3_87;nousemaan;1
1328;3/2021;2021_3_87;on;3
1328;3/2021;2021_3_87;polttoaineen;1
1328;3/2021;2021_3_87;polttoaineiden;1
1328;3/2021;2021_3_87;prosenttiin;1
1328;3/2021;2021_3_87;puhemies;1
1328;3/2021;2021_3_87;saarikko;1
1328;3/2021;2021_3_87;satojen;1
1328;3/2021;2021_3_87;se;1
1328;3/2021;2021_3_87;tavoitteekseen;1
1328;3/2021;2021_3_87;teiltä;1
1328;3/2021;2021_3_87;tule;1
1328;3/2021;2021_3_87;tulee;1
1328;3/2021;2021_3_87;tämä;1
1328;3/2021;2021_3_87;tästä;1
1328;3/2021;2021_3_87;vai;1
1328;3/2021;2021_3_87;varmaa;1
1328;3/2021;2021_3_87;vuoteen;1
1328;3/2022;2022_3_73;alueiden;1
1328;3/2022;2022_3_73;aluetta;1
1328;3/2022;2022_3_73;alussa;1
1328;3/2022;2022_3_73;alusta;2
1328;3/2022;2022_3_73;arvoisa;1
1328;3/2022;2022_3_73;ei;1
1328;3/2022;2022_3_73;ennen;1
1328;3/2022;2022_3_73;ensi;4
1328;3/2022;2022_3_73;esimerkiksi;1
1328;3/2022;2022_3_73;ette;1
1328;3/2022;2022_3_73;ettei;1
1328;3/2022;2022_3_73;että;1
1328;3/2022;2022_3_73;euroa;1
1328;3/2022;2022_3_73;hallituksen;1
1328;3/2022;2022_3_73;harmonisoidut;1
1328;3/2022;2022_3_73;heti;2
1328;3/2022;2022_3_73;ja;1
1328;3/2022;2022_3_73;jo;1
1328;3/2022;2022_3_73;kaiken;1
1328;3/2022;2022_3_73;kaikkiin;1
1328;3/2022;2022_3_73;kehyksissä;1
1328;3/2022;2022_3_73;kertoo;1
1328;3/2022;2022_3_73;kun;2
1328;3/2022;2022_3_73;kuntatyönantajien;1
1328;3/2022;2022_3_73;kustannuksia;1
1328;3/2022;2022_3_73;lain;1
1328;3/2022;2022_3_73;laskelman;1
1328;3/2022;2022_3_73;laskenut;1
1328;3/2022;2022_3_73;lähtien;1
1328;3/2022;2022_3_73;löytää;1
1328;3/2022;2022_3_73;maksaa;2
1328;3/2022;2022_3_73;meinaatte;2
1328;3/2022;2022_3_73;miljoonaa;1
1328;3/2022;2022_3_73;ministeri;1
1328;3/2022;2022_3_73;mistä;1
1328;3/2022;2022_3_73;miten;1
1328;3/2022;2022_3_73;mukaan;2
1328;3/2022;2022_3_73;mutta;1
1328;3/2022;2022_3_73;muutosrahoja;1
1328;3/2022;2022_3_73;nostaa;1
1328;3/2022;2022_3_73;näihin;1
1328;3/2022;2022_3_73;nämä;2
1328;3/2022;2022_3_73;ole;2
1328;3/2022;2022_3_73;on;1
1328;3/2022;2022_3_73;otetaan;1
1328;3/2022;2022_3_73;palkat;2
1328;3/2022;2022_3_73;palkkaharmonisaatio;1
1328;3/2022;2022_3_73;palkkalistoille;1
1328;3/2022;2022_3_73;palkkoihin;1
1328;3/2022;2022_3_73;pitää;1
1328;3/2022;2022_3_73;puhemies;1
1328;3/2022;2022_3_73;pysyä;1
1328;3/2022;2022_3_73;rahat;1
1328;3/2022;2022_3_73;saarikko;2
1328;3/2022;2022_3_73;sanoitte;1
1328;3/2022;2022_3_73;se;2
1328;3/2022;2022_3_73;seitsemän;1
1328;3/2022;2022_3_73;siirtyvät;1
1328;3/2022;2022_3_73;sote-alan;2
1328;3/2022;2022_3_73;sote-uudistuksiin;1
1328;3/2022;2022_3_73;talman;1
1328;3/2022;2022_3_73;talouspolitiikasta;1
1328;3/2022;2022_3_73;tarpeeksi;1
1328;3/2022;2022_3_73;tarvitse;1
1328;3/2022;2022_3_73;tarvittavia;1
1328;3/2022;2022_3_73;tuoreen;1
1328;3/2022;2022_3_73;työntekijät;1
1328;3/2022;2022_3_73;tämän;1
1328;3/2022;2022_3_73;tätä;1
1328;3/2022;2022_3_73;vaaleja;1
1328;3/2022;2022_3_73;valtiovarainministeri;1
1328;3/2022;2022_3_73;varautuneet;1
1328;3/2022;2022_3_73;vuoden;4
1328;3/2022;2022_3_73;vuodessa;1
1328;3/2022;2022_3_73;ärade;1
1328;30/2021;2021_30_88;aikaan;1
1328;30/2021;2021_30_88;arvoisa;1
1328;30/2021;2021_30_88;asiantuntijat;1
1328;30/2021;2021_30_88;asioista;1
1328;30/2021;2021_30_88;ei;2
1328;30/2021;2021_30_88;en;1
1328;30/2021;2021_30_88;ensinnäkin;1
1328;30/2021;2021_30_88;esittää;1
1328;30/2021;2021_30_88;että;2
1328;30/2021;2021_30_88;fru;1
1328;30/2021;2021_30_88;hallitus;1
1328;30/2021;2021_30_88;hoitaa;1
1328;30/2021;2021_30_88;ihmiset;2
1328;30/2021;2021_30_88;ihmisten;1
1328;30/2021;2021_30_88;ja;2
1328;30/2021;2021_30_88;jotta;2
1328;30/2021;2021_30_88;kaikista;1
1328;30/2021;2021_30_88;kaikkensa;1
1328;30/2021;2021_30_88;kaikki;1
1328;30/2021;2021_30_88;kannata;1
1328;30/2021;2021_30_88;kiurulle;1
1328;30/2021;2021_30_88;kokemuksesta;1
1328;30/2021;2021_30_88;koska;2
1328;30/2021;2021_30_88;kuin;1
1328;30/2021;2021_30_88;kuitenkin;2
1328;30/2021;2021_30_88;kysynkin;1
1328;30/2021;2021_30_88;laineilla;1
1328;30/2021;2021_30_88;lastuna;1
1328;30/2021;2021_30_88;liikkumisrajoituksia;1
1328;30/2021;2021_30_88;liikkumista;1
1328;30/2021;2021_30_88;maksamaan;1
1328;30/2021;2021_30_88;meinaatte;1
1328;30/2021;2021_30_88;mielestäni;1
1328;30/2021;2021_30_88;mieltä;2
1328;30/2021;2021_30_88;miljoonia;1
1328;30/2021;2021_30_88;ministeri;2
1328;30/2021;2021_30_88;miten;1
1328;30/2021;2021_30_88;mitään;1
1328;30/2021;2021_30_88;naurua;1
1328;30/2021;2021_30_88;nyt;1
1328;30/2021;2021_30_88;nämä;1
1328;30/2021;2021_30_88;oikealla;1
1328;30/2021;2021_30_88;ole;1
1328;30/2021;2021_30_88;olla;1
1328;30/2021;2021_30_88;on;3
1328;30/2021;2021_30_88;onnistuu;1
1328;30/2021;2021_30_88;ovat;2
1328;30/2021;2021_30_88;pitävät;1
1328;30/2021;2021_30_88;pitää;2
1328;30/2021;2021_30_88;puhemies;1
1328;30/2021;2021_30_88;pystyvät;1
1328;30/2021;2021_30_88;päätetty;1
1328;30/2021;2021_30_88;päättänyt;1
1328;30/2021;2021_30_88;rajoittaa;1
1328;30/2021;2021_30_88;rajoitukset;1
1328;30/2021;2021_30_88;rouva;1
1328;30/2021;2021_30_88;saa;1
1328;30/2021;2021_30_88;saadaan;1
1328;30/2021;2021_30_88;saarikko;1
1328;30/2021;2021_30_88;samaa;1
1328;30/2021;2021_30_88;sanoa;1
1328;30/2021;2021_30_88;satoja;1
1328;30/2021;2021_30_88;seinäkellot;1
1328;30/2021;2021_30_88;sekaisin;1
1328;30/2021;2021_30_88;sekavana;1
1328;30/2021;2021_30_88;sen;1
1328;30/2021;2021_30_88;siellä;1
1328;30/2021;2021_30_88;siksi;1
1328;30/2021;2021_30_88;sitä;1
1328;30/2021;2021_30_88;talman;1
1328;30/2021;2021_30_88;taltutettua;1
1328;30/2021;2021_30_88;tavalla;1
1328;30/2021;2021_30_88;teiltä;1
1328;30/2021;2021_30_88;tekevät;1
1328;30/2021;2021_30_88;tiedotuksen;1
1328;30/2021;2021_30_88;tiedän;1
1328;30/2021;2021_30_88;tilannetta;1
1328;30/2021;2021_30_88;toimimaan;1
1328;30/2021;2021_30_88;tukea;1
1328;30/2021;2021_30_88;tulevat;1
1328;30/2021;2021_30_88;tämä;1
1328;30/2021;2021_30_88;tärkeää;1
1328;30/2021;2021_30_88;valtiolle;1
1328;30/2021;2021_30_88;virus;1
1328;30/2021;2021_30_88;yrittäjiä;1
1328;30/2021;2021_30_88;ärade;1
1328;30/2023;2023_30_33;aika;1
1328;30/2023;2023_30_33;arvoisa;1
1328;30/2023;2023_30_33;budjetissa;1
1328;30/2023;2023_30_33;budjetti;1
1328;30/2023;2023_30_33;budjettia;1
1328;30/2023;2023_30_33;elämässäni;1
1328;30/2023;2023_30_33;enemmän;2
1328;30/2023;2023_30_33;erilainen;1
1328;30/2023;2023_30_33;että;1
1328;30/2023;2023_30_33;hallituksesta;1
1328;30/2023;2023_30_33;hallitus;1
1328;30/2023;2023_30_33;halutaan;1
1328;30/2023;2023_30_33;ja;2
1328;30/2023;2023_30_33;joku;1
1328;30/2023;2023_30_33;jos;2
1328;30/2023;2023_30_33;kiitos;1
1328;30/2023;2023_30_33;kuin;2
1328;30/2023;2023_30_33;kuluja;1
1328;30/2023;2023_30_33;lisäkustannuksia;2
1328;30/2023;2023_30_33;matematiikka;1
1328;30/2023;2023_30_33;miljoonaa;1
1328;30/2023;2023_30_33;millä;1
1328;30/2023;2023_30_33;minulla;1
1328;30/2023;2023_30_33;miten;1
1328;30/2023;2023_30_33;monta;1
1328;30/2023;2023_30_33;mutta;1
1328;30/2023;2023_30_33;niin;2
1328;30/2023;2023_30_33;olen;1
1328;30/2023;2023_30_33;on;4
1328;30/2023;2023_30_33;onko;1
1328;30/2023;2023_30_33;paljon;1
1328;30/2023;2023_30_33;puhemies;1
1328;30/2023;2023_30_33;pääministeri;1
1328;30/2023;2023_30_33;sanoa;1
1328;30/2023;2023_30_33;siellä;1
1328;30/2023;2023_30_33;silloin;2
1328;30/2023;2023_30_33;sopeutatte;1
1328;30/2023;2023_30_33;sopeuttaa;2
1328;30/2023;2023_30_33;säästöjä;3
1328;30/2023;2023_30_33;taloutta;1
1328;30/2023;2023_30_33;tavalla;1
1328;30/2023;2023_30_33;te;2
1328;30/2023;2023_30_33;tehnyt;1
1328;30/2023;2023_30_33;teillä;3
1328;30/2023;2023_30_33;tulee;2
1328;30/2023;2023_30_33;tällä;1
1328;30/2023;2023_30_33;tämä;1
1328;30/2023;2023_30_33;tästä;1
1328;30/2023;2023_30_33;varmaan;1
1328;30/2023;2023_30_33;velkaantunein;1
1328;30/2023;2023_30_33;voitte;1
1328;30/2024;2024_30_65;ainoa;1
1328;30/2024;2024_30_65;aluevaalipaneelissa;1
1328;30/2024;2024_30_65;arvoisa;1
1328;30/2024;2024_30_65;ei;1
1328;30/2024;2024_30_65;erikoissairaanhoitoon;1
1328;30/2024;2024_30_65;että;4
1328;30/2024;2024_30_65;hallitus;1
1328;30/2024;2024_30_65;haluaisin;1
1328;30/2024;2024_30_65;haukutte;1
1328;30/2024;2024_30_65;hyvä;2
1328;30/2024;2024_30_65;ja;2
1328;30/2024;2024_30_65;jo;1
1328;30/2024;2024_30_65;joka;2
1328;30/2024;2024_30_65;jokaisessa;1
1328;30/2024;2024_30_65;kerrottiin;1
1328;30/2024;2024_30_65;keskustan;1
1328;30/2024;2024_30_65;keskustelua;1
1328;30/2024;2024_30_65;kiitos;1
1328;30/2024;2024_30_65;koko;1
1328;30/2024;2024_30_65;korjata;1
1328;30/2024;2024_30_65;kun;4
1328;30/2024;2024_30_65;kunnassa;1
1328;30/2024;2024_30_65;kuuntelee;1
1328;30/2024;2024_30_65;kysymys;1
1328;30/2024;2024_30_65;kysyä;1
1328;30/2024;2024_30_65;kättään;1
1328;30/2024;2024_30_65;luvanneet;1
1328;30/2024;2024_30_65;luvattiin;1
1328;30/2024;2024_30_65;mieltä;1
1328;30/2024;2024_30_65;mikä;1
1328;30/2024;2024_30_65;miljardia;1
1328;30/2024;2024_30_65;minä;1
1328;30/2024;2024_30_65;mutta;1
1328;30/2024;2024_30_65;myytiin;1
1328;30/2024;2024_30_65;mätä;1
1328;30/2024;2024_30_65;ne;1
1328;30/2024;2024_30_65;niin;2
1328;30/2024;2024_30_65;niinhän;1
1328;30/2024;2024_30_65;nopeasti;1
1328;30/2024;2024_30_65;nostanut;1
1328;30/2024;2024_30_65;näin;1
1328;30/2024;2024_30_65;oikealta;1
1328;30/2024;2024_30_65;olette;1
1328;30/2024;2024_30_65;oli;2
1328;30/2024;2024_30_65;olin;1
1328;30/2024;2024_30_65;on;5
1328;30/2024;2024_30_65;orpo;1
1328;30/2024;2024_30_65;puhemies;1
1328;30/2024;2024_30_65;pystyyn;1
1328;30/2024;2024_30_65;pääministeri;1
1328;30/2024;2024_30_65;pääsee;1
1328;30/2024;2024_30_65;ryhmästä;1
1328;30/2024;2024_30_65;se;2
1328;30/2024;2024_30_65;selväksi;1
1328;30/2024;2024_30_65;sitten;1
1328;30/2024;2024_30_65;sitä;1
1328;30/2024;2024_30_65;susi;1
1328;30/2024;2024_30_65;syntyessään;1
1328;30/2024;2024_30_65;systeemi;2
1328;30/2024;2024_30_65;systeemiä;1
1328;30/2024;2024_30_65;talman;1
1328;30/2024;2024_30_65;tappiot;1
1328;30/2024;2024_30_65;tappiota;1
1328;30/2024;2024_30_65;te;2
1328;30/2024;2024_30_65;teidän;1
1328;30/2024;2024_30_65;tekee;1
1328;30/2024;2024_30_65;terveyskeskuksia;1
1328;30/2024;2024_30_65;tulee;1
1328;30/2024;2024_30_65;tämä;4
1328;30/2024;2024_30_65;tätä;2
1328;30/2024;2024_30_65;täysin;1
1328;30/2024;2024_30_65;ärade;1
1328;31/2020;2020_31_10;aiemmin;1
1328;31/2020;2020_31_10;aikaisemmin;1
1328;31/2020;2020_31_10;ajanjaksolla;1
1328;31/2020;2020_31_10;alla;1
1328;31/2020;2020_31_10;alle;1
1328;31/2020;2020_31_10;alta;1
1328;31/2020;2020_31_10;alusta;1
1328;31/2020;2020_31_10;arvoisa;3
1328;31/2020;2020_31_10;asetelma;1
1328;31/2020;2020_31_10;asiakkaalta;1
1328;31/2020;2020_31_10;auta;1
1328;31/2020;2020_31_10;bonukset;1
1328;31/2020;2020_31_10;edes;1
1328;31/2020;2020_31_10;ei;8
1328;31/2020;2020_31_10;eivät;2
1328;31/2020;2020_31_10;ensin;1
1328;31/2020;2020_31_10;erittäin;1
1328;31/2020;2020_31_10;esimerkiksi;2
1328;31/2020;2020_31_10;esimerkki;1
1328;31/2020;2020_31_10;eteen;1
1328;31/2020;2020_31_10;että;7
1328;31/2020;2020_31_10;euroa;2
1328;31/2020;2020_31_10;finnvera;3
1328;31/2020;2020_31_10;hallituksen;1
1328;31/2020;2020_31_10;hallitus;4
1328;31/2020;2020_31_10;haluaa;1
1328;31/2020;2020_31_10;haluan;1
1328;31/2020;2020_31_10;he;1
1328;31/2020;2020_31_10;heidät;1
1328;31/2020;2020_31_10;heillä;1
1328;31/2020;2020_31_10;helmikuussa;1
1328;31/2020;2020_31_10;helsingin;1
1328;31/2020;2020_31_10;henkilökunnalle;1
1328;31/2020;2020_31_10;hirveät;1
1328;31/2020;2020_31_10;historiasta;1
1328;31/2020;2020_31_10;huhtikuun;1
1328;31/2020;2020_31_10;hyvä;1
1328;31/2020;2020_31_10;hyväkseen;1
1328;31/2020;2020_31_10;hänellä;1
1328;31/2020;2020_31_10;härskisti;1
1328;31/2020;2020_31_10;ikäinen;1
1328;31/2020;2020_31_10;ilman;1
1328;31/2020;2020_31_10;ilmoitti;1
1328;31/2020;2020_31_10;ilmoittivat;1
1328;31/2020;2020_31_10;irtisanoa;1
1328;31/2020;2020_31_10;ison;1
1328;31/2020;2020_31_10;itse;1
1328;31/2020;2020_31_10;ja;8
1328;31/2020;2020_31_10;jakaa;1
1328;31/2020;2020_31_10;jolla;1
1328;31/2020;2020_31_10;jolloin;1
1328;31/2020;2020_31_10;jonkinlaista;1
1328;31/2020;2020_31_10;jopa;1
1328;31/2020;2020_31_10;jos;2
1328;31/2020;2020_31_10;jossa;2
1328;31/2020;2020_31_10;jota;1
1328;31/2020;2020_31_10;jotenkin;1
1328;31/2020;2020_31_10;jotka;1
1328;31/2020;2020_31_10;joutuu;1
1328;31/2020;2020_31_10;juuri;1
1328;31/2020;2020_31_10;jäävät;1
1328;31/2020;2020_31_10;kaikki;1
1328;31/2020;2020_31_10;kaksi;1
1328;31/2020;2020_31_10;kannalta;1
1328;31/2020;2020_31_10;kanssa;1
1328;31/2020;2020_31_10;kantaa;1
1328;31/2020;2020_31_10;karikoista;1
1328;31/2020;2020_31_10;kassakriiseistä;1
1328;31/2020;2020_31_10;keinoja;1
1328;31/2020;2020_31_10;keskustassa;1
1328;31/2020;2020_31_10;kestämätön;1
1328;31/2020;2020_31_10;kestävällä;1
1328;31/2020;2020_31_10;kesäkuun;1
1328;31/2020;2020_31_10;kirje;1
1328;31/2020;2020_31_10;kokonaan;1
1328;31/2020;2020_31_10;kolmasosa;1
1328;31/2020;2020_31_10;kolmasosan;2
1328;31/2020;2020_31_10;konkursseja;1
1328;31/2020;2020_31_10;koronakriisin;1
1328;31/2020;2020_31_10;koronaviruksen;1
1328;31/2020;2020_31_10;koronaviruksesta;1
1328;31/2020;2020_31_10;koska;2
1328;31/2020;2020_31_10;koskaan;1
1328;31/2020;2020_31_10;kuin;2
1328;31/2020;2020_31_10;kuitenkin;1
1328;31/2020;2020_31_10;kun;1
1328;31/2020;2020_31_10;kuten;1
1328;31/2020;2020_31_10;kuukausista;1
1328;31/2020;2020_31_10;kuussa;1
1328;31/2020;2020_31_10;kyenneet;1
1328;31/2020;2020_31_10;kyllä;2
1328;31/2020;2020_31_10;kymmeniä;1
1328;31/2020;2020_31_10;käyttävät;1
1328;31/2020;2020_31_10;käyttöön;1
1328;31/2020;2020_31_10;käytännön;1
1328;31/2020;2020_31_10;lainaamaan;1
1328;31/2020;2020_31_10;lainasta;1
1328;31/2020;2020_31_10;lainoja;1
1328;31/2020;2020_31_10;laittamaan;1
1328;31/2020;2020_31_10;liike;1
1328;31/2020;2020_31_10;lisäbudjetti;1
1328;31/2020;2020_31_10;lisäksi;1
1328;31/2020;2020_31_10;lomautettuja;1
1328;31/2020;2020_31_10;lomautimme;1
1328;31/2020;2020_31_10;lomautusuhan;1
1328;31/2020;2020_31_10;loppui;1
1328;31/2020;2020_31_10;loppuivat;1
1328;31/2020;2020_31_10;loppuun;1
1328;31/2020;2020_31_10;lopulle;1
1328;31/2020;2020_31_10;luen;1
1328;31/2020;2020_31_10;lukemattomista;1
1328;31/2020;2020_31_10;löytyy;1
1328;31/2020;2020_31_10;maat;1
1328;31/2020;2020_31_10;mahdollisuutta;1
1328;31/2020;2020_31_10;maksaa;2
1328;31/2020;2020_31_10;maksaisi;1
1328;31/2020;2020_31_10;maksamaan;3
1328;31/2020;2020_31_10;maksoimme;1
1328;31/2020;2020_31_10;matto;1
1328;31/2020;2020_31_10;meidän;2
1328;31/2020;2020_31_10;mieleen;1
1328;31/2020;2020_31_10;ministerit;1
1328;31/2020;2020_31_10;minulla;1
1328;31/2020;2020_31_10;monessa;1
1328;31/2020;2020_31_10;monet;1
1328;31/2020;2020_31_10;murheellisessa;1
1328;31/2020;2020_31_10;mutta;3
1328;31/2020;2020_31_10;muut;1
1328;31/2020;2020_31_10;muuten;1
1328;31/2020;2020_31_10;muutos;1
1328;31/2020;2020_31_10;myynnit;1
1328;31/2020;2020_31_10;myynti;2
1328;31/2020;2020_31_10;myyntitavoitteiden;1
1328;31/2020;2020_31_10;myöhemmin;1
1328;31/2020;2020_31_10;myös;2
1328;31/2020;2020_31_10;myöskään;1
1328;31/2020;2020_31_10;ne;1
1328;31/2020;2020_31_10;neuvotella;1
1328;31/2020;2020_31_10;niiden;1
1328;31/2020;2020_31_10;niin;1
1328;31/2020;2020_31_10;niistä;1
1328;31/2020;2020_31_10;nyt;2
1328;31/2020;2020_31_10;näin;1
1328;31/2020;2020_31_10;näitä;1
1328;31/2020;2020_31_10;nämä;1
1328;31/2020;2020_31_10;näyttäkää;1
1328;31/2020;2020_31_10;ole;3
1328;31/2020;2020_31_10;olematon;1
1328;31/2020;2020_31_10;olette;1
1328;31/2020;2020_31_10;olevien;1
1328;31/2020;2020_31_10;olla;2
1328;31/2020;2020_31_10;on;10
1328;31/2020;2020_31_10;ongelmana;1
1328;31/2020;2020_31_10;oppineet;1
1328;31/2020;2020_31_10;ottaa;1
1328;31/2020;2020_31_10;ottamaan;1
1328;31/2020;2020_31_10;ottaneet;1
1328;31/2020;2020_31_10;ovat;2
1328;31/2020;2020_31_10;paikkaansa;1
1328;31/2020;2020_31_10;pakotettaisiin;1
1328;31/2020;2020_31_10;palkasta;1
1328;31/2020;2020_31_10;palkkatuen;1
1328;31/2020;2020_31_10;pankit;2
1328;31/2020;2020_31_10;pankki;2
1328;31/2020;2020_31_10;panostus;1
1328;31/2020;2020_31_10;perustamisesta;1
1328;31/2020;2020_31_10;pidä;1
1328;31/2020;2020_31_10;pienyritykset;1
1328;31/2020;2020_31_10;pitäisi;1
1328;31/2020;2020_31_10;pitää;1
1328;31/2020;2020_31_10;prosentille;1
1328;31/2020;2020_31_10;prosentin;2
1328;31/2020;2020_31_10;prosentteja;1
1328;31/2020;2020_31_10;prosenttia;1
1328;31/2020;2020_31_10;puhemies;3
1328;31/2020;2020_31_10;pysty;1
1328;31/2020;2020_31_10;pääsemään;1
1328;31/2020;2020_31_10;rahaa;1
1328;31/2020;2020_31_10;riskin;1
1328;31/2020;2020_31_10;riskiä;1
1328;31/2020;2020_31_10;saa;1
1328;31/2020;2020_31_10;saamistani;1
1328;31/2020;2020_31_10;saksan;1
1328;31/2020;2020_31_10;sama;1
1328;31/2020;2020_31_10;sanoa;1
1328;31/2020;2020_31_10;seinään;1
1328;31/2020;2020_31_10;senkin;1
1328;31/2020;2020_31_10;siihen;2
1328;31/2020;2020_31_10;siksi;1
1328;31/2020;2020_31_10;sitoutuisi;1
1328;31/2020;2020_31_10;sitten;2
1328;31/2020;2020_31_10;suoraan;1
1328;31/2020;2020_31_10;suostu;1
1328;31/2020;2020_31_10;suunnata;1
1328;31/2020;2020_31_10;suuri;1
1328;31/2020;2020_31_10;suuryrityksiä;1
1328;31/2020;2020_31_10;tai;1
1328;31/2020;2020_31_10;takaa;3
1328;31/2020;2020_31_10;takaisin;1
1328;31/2020;2020_31_10;takia;2
1328;31/2020;2020_31_10;taloushistoriassamme;1
1328;31/2020;2020_31_10;tapa;1
1328;31/2020;2020_31_10;tapauksessa;1
1328;31/2020;2020_31_10;tarpeeseen;1
1328;31/2020;2020_31_10;tilanne;1
1328;31/2020;2020_31_10;tilannetta;1
1328;31/2020;2020_31_10;toimia;1
1328;31/2020;2020_31_10;toivonkin;1
1328;31/2020;2020_31_10;tukemaan;1
1328;31/2020;2020_31_10;tukisi;1
1328;31/2020;2020_31_10;tulee;4
1328;31/2020;2020_31_10;tulisi;2
1328;31/2020;2020_31_10;tulla;1
1328;31/2020;2020_31_10;tulleet;1
1328;31/2020;2020_31_10;tulleita;1
1328;31/2020;2020_31_10;työntekijöiden;1
1328;31/2020;2020_31_10;työntekijöitä;1
1328;31/2020;2020_31_10;tämä;1
1328;31/2020;2020_31_10;tässä;1
1328;31/2020;2020_31_10;tästä;1
1328;31/2020;2020_31_10;tätä;1
1328;31/2020;2020_31_10;täyttymisestä;1
1328;31/2020;2020_31_10;useita;1
1328;31/2020;2020_31_10;vaan;1
1328;31/2020;2020_31_10;vaatii;1
1328;31/2020;2020_31_10;vaimolla;1
1328;31/2020;2020_31_10;vaimollani;1
1328;31/2020;2020_31_10;vakuuden;1
1328;31/2020;2020_31_10;vakuuksia;1
1328;31/2020;2020_31_10;valtio;2
1328;31/2020;2020_31_10;valtion;2
1328;31/2020;2020_31_10;vapauttaa;1
1328;31/2020;2020_31_10;vastuita;1
1328;31/2020;2020_31_10;vastuussa;1
1328;31/2020;2020_31_10;vedetään;1
1328;31/2020;2020_31_10;velkataakasta;1
1328;31/2020;2020_31_10;vielä;1
1328;31/2020;2020_31_10;viesteistäni;1
1328;31/2020;2020_31_10;viestin;1
1328;31/2020;2020_31_10;viikkoa;2
1328;31/2020;2020_31_10;voi;1
1328;31/2020;2020_31_10;voisi;1
1328;31/2020;2020_31_10;voisivat;1
1328;31/2020;2020_31_10;vuoden;1
1328;31/2020;2020_31_10;vuokra;1
1328;31/2020;2020_31_10;vuokraisännille;1
1328;31/2020;2020_31_10;vuokraisäntien;1
1328;31/2020;2020_31_10;vuokralainen;1
1328;31/2020;2020_31_10;vuokralaiset;1
1328;31/2020;2020_31_10;vuokranantaja;2
1328;31/2020;2020_31_10;vuokrasta;1
1328;31/2020;2020_31_10;vuokratukea;1
1328;31/2020;2020_31_10;vuokratuki;1
1328;31/2020;2020_31_10;vuokriaan;1
1328;31/2020;2020_31_10;vääjäämättä;1
1328;31/2020;2020_31_10;yhden;1
1328;31/2020;2020_31_10;yhtäkkiä;1
1328;31/2020;2020_31_10;yksi;1
1328;31/2020;2020_31_10;yksinään;1
1328;31/2020;2020_31_10;yksityisiä;1
1328;31/2020;2020_31_10;yli;1
1328;31/2020;2020_31_10;ymmärrystä;1
1328;31/2020;2020_31_10;yrittäjä;3
1328;31/2020;2020_31_10;yrittäjän;2
1328;31/2020;2020_31_10;yrityksen;1
1328;31/2020;2020_31_10;yritykset;1
1328;31/2020;2020_31_10;yrityksiä;2
1328;31/2020;2020_31_10;yrityslainat;1
1328;31/2020;2020_31_10;yritysvuokralaisia;1
1328;31/2022;2022_31_75;arvoisa;2
1328;31/2022;2022_31_75;asianmukaisen;1
1328;31/2022;2022_31_75;essayah;1
1328;31/2022;2022_31_75;että;2
1328;31/2022;2022_31_75;heidät;1
1328;31/2022;2022_31_75;huolta;1
1328;31/2022;2022_31_75;ja;3
1328;31/2022;2022_31_75;jopa;1
1328;31/2022;2022_31_75;kaikki;1
1328;31/2022;2022_31_75;korona;1
1328;31/2022;2022_31_75;kuin;2
1328;31/2022;2022_31_75;kustannusarviota;1
1328;31/2022;2022_31_75;maksamaan;1
1328;31/2022;2022_31_75;mieltä;1
1328;31/2022;2022_31_75;ministeri;1
1328;31/2022;2022_31_75;minkäänlaista;1
1328;31/2022;2022_31_75;niin;2
1328;31/2022;2022_31_75;nyt;1
1328;31/2022;2022_31_75;oletteko;2
1328;31/2022;2022_31_75;on;1
1328;31/2022;2022_31_75;ottaa;1
1328;31/2022;2022_31_75;ovat;1
1328;31/2022;2022_31_75;paljonko;1
1328;31/2022;2022_31_75;pitäneet;1
1328;31/2022;2022_31_75;pitää;1
1328;31/2022;2022_31_75;puhemies;1
1328;31/2022;2022_31_75;saavat;1
1328;31/2022;2022_31_75;samaa;1
1328;31/2022;2022_31_75;sanoi;1
1328;31/2022;2022_31_75;siitä;1
1328;31/2022;2022_31_75;suomeen;1
1328;31/2022;2022_31_75;talman;1
1328;31/2022;2022_31_75;tehneet;1
1328;31/2022;2022_31_75;terveydenhuollon;1
1328;31/2022;2022_31_75;tuberkuloosirokotukset;1
1328;31/2022;2022_31_75;tulee;1
1328;31/2022;2022_31_75;tulossa;1
1328;31/2022;2022_31_75;tämä;1
1328;31/2022;2022_31_75;ukrainalaiset;1
1328;31/2022;2022_31_75;ukrainalaisia;1
1328;31/2022;2022_31_75;varmasti;1
1328;31/2022;2022_31_75;vastaan;1
1328;31/2022;2022_31_75;ärade;1
1328;32/2019;2019_32_61;aikaiseksi;1
1328;32/2019;2019_32_61;ajatellaan;1
1328;32/2019;2019_32_61;arvoisa;1
1328;32/2019;2019_32_61;budjetin;1
1328;32/2019;2019_32_61;budjetissa;1
1328;32/2019;2019_32_61;budjetti;1
1328;32/2019;2019_32_61;ei;3
1328;32/2019;2019_32_61;eriä;1
1328;32/2019;2019_32_61;esille;1
1328;32/2019;2019_32_61;että;3
1328;32/2019;2019_32_61;hallitus;1
1328;32/2019;2019_32_61;hallituskaudella;1
1328;32/2019;2019_32_61;hallitusohjelmaa;1
1328;32/2019;2019_32_61;he;1
1328;32/2019;2019_32_61;heillä;1
1328;32/2019;2019_32_61;helposti;1
1328;32/2019;2019_32_61;huomioitiin;1
1328;32/2019;2019_32_61;huomiota;1
1328;32/2019;2019_32_61;ilmoitti;1
1328;32/2019;2019_32_61;ja;6
1328;32/2019;2019_32_61;jo;2
1328;32/2019;2019_32_61;johdonmukaisesti;1
1328;32/2019;2019_32_61;joka;1
1328;32/2019;2019_32_61;jos;2
1328;32/2019;2019_32_61;joskaan;1
1328;32/2019;2019_32_61;jostain;1
1328;32/2019;2019_32_61;joutuvat;1
1328;32/2019;2019_32_61;kaupungit;1
1328;32/2019;2019_32_61;kiinnitettäisiin;1
1328;32/2019;2019_32_61;konsernitaseesta;2
1328;32/2019;2019_32_61;konsernitilinpäätöksestä;1
1328;32/2019;2019_32_61;konsernitilinpäätöksiä;1
1328;32/2019;2019_32_61;konsernitilinpäätös;1
1328;32/2019;2019_32_61;koskaan;1
1328;32/2019;2019_32_61;kuitenkaan;1
1328;32/2019;2019_32_61;kun;2
1328;32/2019;2019_32_61;kuvan;1
1328;32/2019;2019_32_61;käsiteltiin;1
1328;32/2019;2019_32_61;menee;1
1328;32/2019;2019_32_61;miinuksen;1
1328;32/2019;2019_32_61;mikä;1
1328;32/2019;2019_32_61;miljardia;2
1328;32/2019;2019_32_61;miljardilla;1
1328;32/2019;2019_32_61;miljoonaa;1
1328;32/2019;2019_32_61;minkälaisia;1
1328;32/2019;2019_32_61;minkälaista;1
1328;32/2019;2019_32_61;minä;1
1328;32/2019;2019_32_61;monta;1
1328;32/2019;2019_32_61;mutta;1
1328;32/2019;2019_32_61;myytiin;1
1328;32/2019;2019_32_61;myös;1
1328;32/2019;2019_32_61;niin;3
1328;32/2019;2019_32_61;nostanut;1
1328;32/2019;2019_32_61;nyt;2
1328;32/2019;2019_32_61;näitä;1
1328;32/2019;2019_32_61;oikeasti;2
1328;32/2019;2019_32_61;ole;1
1328;32/2019;2019_32_61;olevan;1
1328;32/2019;2019_32_61;oli;1
1328;32/2019;2019_32_61;olisi;1
1328;32/2019;2019_32_61;ollut;1
1328;32/2019;2019_32_61;oltaisiin;1
1328;32/2019;2019_32_61;omaisuutta;2
1328;32/2019;2019_32_61;on;3
1328;32/2019;2019_32_61;peräkkäin;1
1328;32/2019;2019_32_61;pitäisi;1
1328;32/2019;2019_32_61;pitää;1
1328;32/2019;2019_32_61;positiivinen;2
1328;32/2019;2019_32_61;puhemies;1
1328;32/2019;2019_32_61;puhuin;1
1328;32/2019;2019_32_61;puhuttu;1
1328;32/2019;2019_32_61;puolella;1
1328;32/2019;2019_32_61;pystynyt;1
1328;32/2019;2019_32_61;rouva;1
1328;32/2019;2019_32_61;saa;1
1328;32/2019;2019_32_61;saatu;1
1328;32/2019;2019_32_61;se;2
1328;32/2019;2019_32_61;siirrettiin;1
1328;32/2019;2019_32_61;siirtelemään;1
1328;32/2019;2019_32_61;siitä;1
1328;32/2019;2019_32_61;siksi;1
1328;32/2019;2019_32_61;sitten;2
1328;32/2019;2019_32_61;sitä;1
1328;32/2019;2019_32_61;syystä;1
1328;32/2019;2019_32_61;taloudenhoitoa;1
1328;32/2019;2019_32_61;taloussuunnittelua;1
1328;32/2019;2019_32_61;tarkastusvirasto;1
1328;32/2019;2019_32_61;tarpeen;1
1328;32/2019;2019_32_61;tarvitaan;1
1328;32/2019;2019_32_61;tase;1
1328;32/2019;2019_32_61;tavalla;1
1328;32/2019;2019_32_61;tehdä;2
1328;32/2019;2019_32_61;tehty;1
1328;32/2019;2019_32_61;tekemään;1
1328;32/2019;2019_32_61;tekevät;1
1328;32/2019;2019_32_61;toivon;1
1328;32/2019;2019_32_61;tulosta;1
1328;32/2019;2019_32_61;tähän;1
1328;32/2019;2019_32_61;tällä;1
1328;32/2019;2019_32_61;tämmöinen;2
1328;32/2019;2019_32_61;tämmöisiä;1
1328;32/2019;2019_32_61;tämä;1
1328;32/2019;2019_32_61;tästä;1
1328;32/2019;2019_32_61;täällä;1
1328;32/2019;2019_32_61;uudistaa;1
1328;32/2019;2019_32_61;vakelle;1
1328;32/2019;2019_32_61;valiokuntaan;1
1328;32/2019;2019_32_61;valtiolle;2
1328;32/2019;2019_32_61;valtion;3
1328;32/2019;2019_32_61;viime;1
1328;32/2019;2019_32_61;vuotta;1
1328;32/2019;2019_32_61;yhtiöitä;1
1328;32/2022;2022_32_80;aikaiseksi;1
1328;32/2022;2022_32_80;aikoina;1
1328;32/2022;2022_32_80;aivovuotoon;1
1328;32/2022;2022_32_80;ajat;1
1328;32/2022;2022_32_80;alkupääomalla;1
1328;32/2022;2022_32_80;antanut;1
1328;32/2022;2022_32_80;arvoisa;2
1328;32/2022;2022_32_80;asia;1
1328;32/2022;2022_32_80;asioissa;1
1328;32/2022;2022_32_80;asioista;1
1328;32/2022;2022_32_80;digitalisaatiomaailma;1
1328;32/2022;2022_32_80;edelläkävijä;1
1328;32/2022;2022_32_80;ei;3
1328;32/2022;2022_32_80;eikä;1
1328;32/2022;2022_32_80;eli;1
1328;32/2022;2022_32_80;elinehto;1
1328;32/2022;2022_32_80;elossa;1
1328;32/2022;2022_32_80;enemmän;1
1328;32/2022;2022_32_80;erilaisissa;1
1328;32/2022;2022_32_80;erinomainen;1
1328;32/2022;2022_32_80;esimerkiksi;1
1328;32/2022;2022_32_80;esimerkki;1
1328;32/2022;2022_32_80;että;1
1328;32/2022;2022_32_80;globaali;1
1328;32/2022;2022_32_80;hakemaan;1
1328;32/2022;2022_32_80;hankkeita;1
1328;32/2022;2022_32_80;heikoilla;1
1328;32/2022;2022_32_80;hevosta;2
1328;32/2022;2022_32_80;hieno;1
1328;32/2022;2022_32_80;houkutteleva;1
1328;32/2022;2022_32_80;huippututkijat;1
1328;32/2022;2022_32_80;huoli;1
1328;32/2022;2022_32_80;huolta;1
1328;32/2022;2022_32_80;hyvin;1
1328;32/2022;2022_32_80;hyödyntämiseen;1
1328;32/2022;2022_32_80;innovointi;1
1328;32/2022;2022_32_80;insinööritaito;1
1328;32/2022;2022_32_80;itse;1
1328;32/2022;2022_32_80;ja;9
1328;32/2022;2022_32_80;jatkossa;1
1328;32/2022;2022_32_80;jatkuvasti;1
1328;32/2022;2022_32_80;joihin;1
1328;32/2022;2022_32_80;joista;1
1328;32/2022;2022_32_80;jonka;1
1328;32/2022;2022_32_80;julkisen;1
1328;32/2022;2022_32_80;julkisilla;1
1328;32/2022;2022_32_80;juuri;1
1328;32/2022;2022_32_80;jäillä;1
1328;32/2022;2022_32_80;kaikkien;1
1328;32/2022;2022_32_80;kannattaa;1
1328;32/2022;2022_32_80;kansainvälisillä;1
1328;32/2022;2022_32_80;kansainvälisissä;1
1328;32/2022;2022_32_80;kehittää;1
1328;32/2022;2022_32_80;kehitys;2
1328;32/2022;2022_32_80;kiitos;1
1328;32/2022;2022_32_80;kilpailu;1
1328;32/2022;2022_32_80;kiristyy;1
1328;32/2022;2022_32_80;kohtuullisilla;1
1328;32/2022;2022_32_80;koska;1
1328;32/2022;2022_32_80;koulutuksen;1
1328;32/2022;2022_32_80;koulutuksesta;1
1328;32/2022;2022_32_80;koulutus;1
1328;32/2022;2022_32_80;koulutusputken;1
1328;32/2022;2022_32_80;kun;1
1328;32/2022;2022_32_80;kuten;1
1328;32/2022;2022_32_80;kuullaan;1
1328;32/2022;2022_32_80;laatuun;1
1328;32/2022;2022_32_80;leikkaaminen;1
1328;32/2022;2022_32_80;leikkaus;2
1328;32/2022;2022_32_80;liian;1
1328;32/2022;2022_32_80;liittyvissä;1
1328;32/2022;2022_32_80;loistavasti;1
1328;32/2022;2022_32_80;lopussa;1
1328;32/2022;2022_32_80;lupaavia;1
1328;32/2022;2022_32_80;lyhytnäköistä;1
1328;32/2022;2022_32_80;lähteä;1
1328;32/2022;2022_32_80;lähtökohta;1
1328;32/2022;2022_32_80;maailmaa;1
1328;32/2022;2022_32_80;maailmanluokkaa;1
1328;32/2022;2022_32_80;maan;1
1328;32/2022;2022_32_80;markkinoilla;1
1328;32/2022;2022_32_80;markkinoimaan;1
1328;32/2022;2022_32_80;meidän;2
1328;32/2022;2022_32_80;meillä;3
1328;32/2022;2022_32_80;meneillään;1
1328;32/2022;2022_32_80;menestyneet;1
1328;32/2022;2022_32_80;menestys;1
1328;32/2022;2022_32_80;menestyä;1
1328;32/2022;2022_32_80;minkään;1
1328;32/2022;2022_32_80;mitään;1
1328;32/2022;2022_32_80;mukaan;1
1328;32/2022;2022_32_80;mutta;3
1328;32/2022;2022_32_80;myymään;1
1328;32/2022;2022_32_80;myös;3
1328;32/2022;2022_32_80;ne;1
1328;32/2022;2022_32_80;nuoret;1
1328;32/2022;2022_32_80;näinä;1
1328;32/2022;2022_32_80;ole;1
1328;32/2022;2022_32_80;olemme;1
1328;32/2022;2022_32_80;oli;1
1328;32/2022;2022_32_80;olisi;2
1328;32/2022;2022_32_80;on;13
1328;32/2022;2022_32_80;onneksi;1
1328;32/2022;2022_32_80;opittava;1
1328;32/2022;2022_32_80;oppi;1
1328;32/2022;2022_32_80;oppia;1
1328;32/2022;2022_32_80;oppilaitoksilla;1
1328;32/2022;2022_32_80;oppilaitosten;1
1328;32/2022;2022_32_80;ovat;2
1328;32/2022;2022_32_80;paljon;1
1328;32/2022;2022_32_80;palveluissa;1
1328;32/2022;2022_32_80;panostaa;1
1328;32/2022;2022_32_80;parempaan;1
1328;32/2022;2022_32_80;pelifirmojen;1
1328;32/2022;2022_32_80;petrattavaa;1
1328;32/2022;2022_32_80;pidä;1
1328;32/2022;2022_32_80;pienellä;1
1328;32/2022;2022_32_80;pienemmällä;1
1328;32/2022;2022_32_80;pienemmän;1
1328;32/2022;2022_32_80;pienempää;1
1328;32/2022;2022_32_80;pienen;1
1328;32/2022;2022_32_80;pienten;1
1328;32/2022;2022_32_80;pitkältä;1
1328;32/2022;2022_32_80;pitkään;1
1328;32/2022;2022_32_80;pitää;4
1328;32/2022;2022_32_80;puhemies;2
1328;32/2022;2022_32_80;puolen;1
1328;32/2022;2022_32_80;pystyttävä;1
1328;32/2022;2022_32_80;pystyy;1
1328;32/2022;2022_32_80;rahat;1
1328;32/2022;2022_32_80;rahoitus;1
1328;32/2022;2022_32_80;saada;1
1328;32/2022;2022_32_80;saumatonta;1
1328;32/2022;2022_32_80;se;2
1328;32/2022;2022_32_80;sellaisista;1
1328;32/2022;2022_32_80;siihen;1
1328;32/2022;2022_32_80;siinä;1
1328;32/2022;2022_32_80;suomalainen;1
1328;32/2022;2022_32_80;suomalaisten;1
1328;32/2022;2022_32_80;suomen;3
1328;32/2022;2022_32_80;suomessa;1
1328;32/2022;2022_32_80;suomi;1
1328;32/2022;2022_32_80;takana;1
1328;32/2022;2022_32_80;talman;2
1328;32/2022;2022_32_80;tarvitaan;1
1328;32/2022;2022_32_80;tarvitse;1
1328;32/2022;2022_32_80;tekoälyn;1
1328;32/2022;2022_32_80;tki-toiminnan;1
1328;32/2022;2022_32_80;todella;1
1328;32/2022;2022_32_80;toimijoilla;1
1328;32/2022;2022_32_80;toimivuus;1
1328;32/2022;2022_32_80;tukemisesta;1
1328;32/2022;2022_32_80;tulee;1
1328;32/2022;2022_32_80;tuotantokustannuksilla;1
1328;32/2022;2022_32_80;tuotekehitys;1
1328;32/2022;2022_32_80;tuotteella;1
1328;32/2022;2022_32_80;tutkimuksen;2
1328;32/2022;2022_32_80;tutkimuksesta;2
1328;32/2022;2022_32_80;tutkimus;2
1328;32/2022;2022_32_80;työelämä;1
1328;32/2022;2022_32_80;tähyilevät;1
1328;32/2022;2022_32_80;tähän;1
1328;32/2022;2022_32_80;tässä;2
1328;32/2022;2022_32_80;tästä;1
1328;32/2022;2022_32_80;ulkomaille;1
1328;32/2022;2022_32_80;useita;1
1328;32/2022;2022_32_80;uskoa;1
1328;32/2022;2022_32_80;vaiheessa;1
1328;32/2022;2022_32_80;vaikuttamaan;1
1328;32/2022;2022_32_80;valloittaa;1
1328;32/2022;2022_32_80;varaa;1
1328;32/2022;2022_32_80;vastaan;1
1328;32/2022;2022_32_80;vertailuissa;1
1328;32/2022;2022_32_80;vielä;1
1328;32/2022;2022_32_80;vientiä;1
1328;32/2022;2022_32_80;voi;2
1328;32/2022;2022_32_80;vähissä;1
1328;32/2022;2022_32_80;yhteistyöhön;1
1328;32/2022;2022_32_80;yhteistyössä;1
1328;32/2022;2022_32_80;yhteistyötä;1
1328;32/2022;2022_32_80;yhä;1
1328;32/2022;2022_32_80;yrittää;1
1328;32/2022;2022_32_80;yrityksillä;1
1328;32/2022;2022_32_80;yritysten;2
1328;32/2022;2022_32_80;ärade;2
1328;33/2025;2025_33_21;aikaan;1
1328;33/2025;2025_33_21;aikana;1
1328;33/2025;2025_33_21;ainoa;1
1328;33/2025;2025_33_21;ainoana;1
1328;33/2025;2025_33_21;aivan;2
1328;33/2025;2025_33_21;ajattelevat;1
1328;33/2025;2025_33_21;ajettu;1
1328;33/2025;2025_33_21;alijäämäksi;1
1328;33/2025;2025_33_21;alueilla;1
1328;33/2025;2025_33_21;aluevaaleissa;1
1328;33/2025;2025_33_21;antaneet;1
1328;33/2025;2025_33_21;arjen;1
1328;33/2025;2025_33_21;arjesta;1
1328;33/2025;2025_33_21;arvoisa;4
1328;33/2025;2025_33_21;asemissa;1
1328;33/2025;2025_33_21;askareissa;1
1328;33/2025;2025_33_21;avulla;1
1328;33/2025;2025_33_21;edelleen;1
1328;33/2025;2025_33_21;edellisissä;1
1328;33/2025;2025_33_21;ei;7
1328;33/2025;2025_33_21;eikä;1
1328;33/2025;2025_33_21;eivät;2
1328;33/2025;2025_33_21;eli;1
1328;33/2025;2025_33_21;elämässänne;1
1328;33/2025;2025_33_21;elävistä;1
1328;33/2025;2025_33_21;enemmän;1
1328;33/2025;2025_33_21;enintään;1
1328;33/2025;2025_33_21;eniten;1
1328;33/2025;2025_33_21;ennen;1
1328;33/2025;2025_33_21;enää;1
1328;33/2025;2025_33_21;epäonnistuminen;1
1328;33/2025;2025_33_21;erikoissairaanhoidon;1
1328;33/2025;2025_33_21;erittäin;1
1328;33/2025;2025_33_21;esittää;1
1328;33/2025;2025_33_21;että;6
1328;33/2025;2025_33_21;euroa;1
1328;33/2025;2025_33_21;hallitus;5
1328;33/2025;2025_33_21;hallussa;1
1328;33/2025;2025_33_21;haluaa;1
1328;33/2025;2025_33_21;haluamme;1
1328;33/2025;2025_33_21;he;2
1328;33/2025;2025_33_21;heidän;1
1328;33/2025;2025_33_21;heikommissa;1
1328;33/2025;2025_33_21;hetkellä;1
1328;33/2025;2025_33_21;hetki;1
1328;33/2025;2025_33_21;hoitoa;2
1328;33/2025;2025_33_21;hoitojonojen;1
1328;33/2025;2025_33_21;hoitojonot;1
1328;33/2025;2025_33_21;hoitotakuu;1
1328;33/2025;2025_33_21;hoivaa;2
1328;33/2025;2025_33_21;horjutettu;1
1328;33/2025;2025_33_21;huolen;1
1328;33/2025;2025_33_21;hyvinvointialueiden;1
1328;33/2025;2025_33_21;hyvinvointialueille;1
1328;33/2025;2025_33_21;hyvät;1
1328;33/2025;2025_33_21;hän;1
1328;33/2025;2025_33_21;hänestä;1
1328;33/2025;2025_33_21;hätää;1
1328;33/2025;2025_33_21;hölmöläisen;1
1328;33/2025;2025_33_21;ihmiselle;1
1328;33/2025;2025_33_21;ihmiset;3
1328;33/2025;2025_33_21;ihmisiä;1
1328;33/2025;2025_33_21;ihmiskontakti;1
1328;33/2025;2025_33_21;ihmisten;1
1328;33/2025;2025_33_21;ihmistä;1
1328;33/2025;2025_33_21;ikiliikkuja;1
1328;33/2025;2025_33_21;ikä;1
1328;33/2025;2025_33_21;iloa;1
1328;33/2025;2025_33_21;inhimillistä;1
1328;33/2025;2025_33_21;itsekin;1
1328;33/2025;2025_33_21;itseämme;1
1328;33/2025;2025_33_21;itseänne;1
1328;33/2025;2025_33_21;ja;25
1328;33/2025;2025_33_21;jatkamista;1
1328;33/2025;2025_33_21;jo;2
1328;33/2025;2025_33_21;johdonmukaisesti;1
1328;33/2025;2025_33_21;jokaisen;1
1328;33/2025;2025_33_21;jonossa;1
1328;33/2025;2025_33_21;jos;1
1328;33/2025;2025_33_21;jossa;1
1328;33/2025;2025_33_21;joutuvat;1
1328;33/2025;2025_33_21;järkeä;1
1328;33/2025;2025_33_21;kaiken;1
1328;33/2025;2025_33_21;kaikilla;1
1328;33/2025;2025_33_21;kaikille;1
1328;33/2025;2025_33_21;kaikilta;1
1328;33/2025;2025_33_21;kaikissa;1
1328;33/2025;2025_33_21;kaikki;2
1328;33/2025;2025_33_21;kaipuuta;1
1328;33/2025;2025_33_21;kaksi;1
1328;33/2025;2025_33_21;kannatti;1
1328;33/2025;2025_33_21;kansalainen;1
1328;33/2025;2025_33_21;kansantaloudelle;1
1328;33/2025;2025_33_21;kanssa;1
1328;33/2025;2025_33_21;kanssakäyminen;1
1328;33/2025;2025_33_21;karsitaan;1
1328;33/2025;2025_33_21;keinot;1
1328;33/2025;2025_33_21;kenenkään;1
1328;33/2025;2025_33_21;kertoo;1
1328;33/2025;2025_33_21;kestää;1
1328;33/2025;2025_33_21;kiitos;2
1328;33/2025;2025_33_21;kirkkaasti;1
1328;33/2025;2025_33_21;kodissaan;1
1328;33/2025;2025_33_21;kohdellaan;1
1328;33/2025;2025_33_21;kohdeltavan;1
1328;33/2025;2025_33_21;kohteita;1
1328;33/2025;2025_33_21;kokonaisuus;1
1328;33/2025;2025_33_21;kolmessa;1
1328;33/2025;2025_33_21;korvata;1
1328;33/2025;2025_33_21;kotihoidon;1
1328;33/2025;2025_33_21;kotonaan;1
1328;33/2025;2025_33_21;kuin;4
1328;33/2025;2025_33_21;kuitenkin;2
1328;33/2025;2025_33_21;kuittaa;1
1328;33/2025;2025_33_21;kun;6
1328;33/2025;2025_33_21;kuntoon;1
1328;33/2025;2025_33_21;kysymys;1
1328;33/2025;2025_33_21;kärsimystä;1
1328;33/2025;2025_33_21;käyttöön;1
1328;33/2025;2025_33_21;laittaa;1
1328;33/2025;2025_33_21;laittomasti;1
1328;33/2025;2025_33_21;laittomat;1
1328;33/2025;2025_33_21;lapselleen;1
1328;33/2025;2025_33_21;lapsen;1
1328;33/2025;2025_33_21;leikata;1
1328;33/2025;2025_33_21;leikkaamalla;1
1328;33/2025;2025_33_21;leikkaukset;1
1328;33/2025;2025_33_21;leikkaus;1
1328;33/2025;2025_33_21;leikkauslistan;1
1328;33/2025;2025_33_21;liian;1
1328;33/2025;2025_33_21;liike;2
1328;33/2025;2025_33_21;liikkumiseen;1
1328;33/2025;2025_33_21;luoda;1
1328;33/2025;2025_33_21;luottaa;1
1328;33/2025;2025_33_21;luottamuksesta;2
1328;33/2025;2025_33_21;luottamus;1
1328;33/2025;2025_33_21;luottamusta;1
1328;33/2025;2025_33_21;lupauksen;1
1328;33/2025;2025_33_21;lupausta;1
1328;33/2025;2025_33_21;lähes;2
1328;33/2025;2025_33_21;lääkerobotti;1
1328;33/2025;2025_33_21;lääkkeet;1
1328;33/2025;2025_33_21;lääkäriin;1
1328;33/2025;2025_33_21;löytänyt;1
1328;33/2025;2025_33_21;löytää;1
1328;33/2025;2025_33_21;maksaa;1
1328;33/2025;2025_33_21;mallilla;2
1328;33/2025;2025_33_21;me;1
1328;33/2025;2025_33_21;menetettyinä;1
1328;33/2025;2025_33_21;menetys;1
1328;33/2025;2025_33_21;merkittävä;1
1328;33/2025;2025_33_21;miettikää;1
1328;33/2025;2025_33_21;mikään;1
1328;33/2025;2025_33_21;miljardia;1
1328;33/2025;2025_33_21;miljoonan;1
1328;33/2025;2025_33_21;minuuttia;1
1328;33/2025;2025_33_21;missä;1
1328;33/2025;2025_33_21;mitään;2
1328;33/2025;2025_33_21;monet;1
1328;33/2025;2025_33_21;muistakaa;1
1328;33/2025;2025_33_21;mutta;1
1328;33/2025;2025_33_21;myös;3
1328;33/2025;2025_33_21;ne;1
1328;33/2025;2025_33_21;neljä;1
1328;33/2025;2025_33_21;niin;2
1328;33/2025;2025_33_21;niitä;1
1328;33/2025;2025_33_21;nykyisellä;2
1328;33/2025;2025_33_21;nyt;11
1328;33/2025;2025_33_21;näille;1
1328;33/2025;2025_33_21;näin;1
1328;33/2025;2025_33_21;näistä;1
1328;33/2025;2025_33_21;näitä;1
1328;33/2025;2025_33_21;nämä;2
1328;33/2025;2025_33_21;ole;3
1328;33/2025;2025_33_21;olemme;1
1328;33/2025;2025_33_21;olevat;1
1328;33/2025;2025_33_21;olevilta;1
1328;33/2025;2025_33_21;olisi;1
1328;33/2025;2025_33_21;olisimme;1
1328;33/2025;2025_33_21;omalääkärimalli;2
1328;33/2025;2025_33_21;omassa;1
1328;33/2025;2025_33_21;on;13
1328;33/2025;2025_33_21;osa;1
1328;33/2025;2025_33_21;osoittaa;1
1328;33/2025;2025_33_21;ottaa;2
1328;33/2025;2025_33_21;ovat;3
1328;33/2025;2025_33_21;pahenevat;1
1328;33/2025;2025_33_21;paljon;1
1328;33/2025;2025_33_21;palveluita;1
1328;33/2025;2025_33_21;peiton;1
1328;33/2025;2025_33_21;perua;1
1328;33/2025;2025_33_21;pettää;1
1328;33/2025;2025_33_21;pidämme;1
1328;33/2025;2025_33_21;pitäisi;1
1328;33/2025;2025_33_21;pitää;5
1328;33/2025;2025_33_21;politiikoihin;1
1328;33/2025;2025_33_21;puheena;1
1328;33/2025;2025_33_21;puhemies;4
1328;33/2025;2025_33_21;puoli;1
1328;33/2025;2025_33_21;puolueena;1
1328;33/2025;2025_33_21;purettua;1
1328;33/2025;2025_33_21;purkamiseen;1
1328;33/2025;2025_33_21;puuhastelee;1
1328;33/2025;2025_33_21;pärjää;1
1328;33/2025;2025_33_21;pääse;1
1328;33/2025;2025_33_21;päättäjien;1
1328;33/2025;2025_33_21;päättäjiltä;1
1328;33/2025;2025_33_21;rakentaa;1
1328;33/2025;2025_33_21;rakkautta;1
1328;33/2025;2025_33_21;romuttaa;1
1328;33/2025;2025_33_21;ruokarobotti;1
1328;33/2025;2025_33_21;saa;2
1328;33/2025;2025_33_21;saada;1
1328;33/2025;2025_33_21;sairaudet;1
1328;33/2025;2025_33_21;sama;1
1328;33/2025;2025_33_21;samaan;1
1328;33/2025;2025_33_21;se;3
1328;33/2025;2025_33_21;sellainen;1
1328;33/2025;2025_33_21;sen;1
1328;33/2025;2025_33_21;sielun;1
1328;33/2025;2025_33_21;sisään;1
1328;33/2025;2025_33_21;sitten;2
1328;33/2025;2025_33_21;sitä;2
1328;33/2025;2025_33_21;sosiaalidemokraattien;1
1328;33/2025;2025_33_21;sosiaalinen;1
1328;33/2025;2025_33_21;sote;2
1328;33/2025;2025_33_21;soteen;1
1328;33/2025;2025_33_21;suomalaiset;2
1328;33/2025;2025_33_21;suomalaisille;1
1328;33/2025;2025_33_21;suomalaista;1
1328;33/2025;2025_33_21;suomalaisten;2
1328;33/2025;2025_33_21;suomessa;1
1328;33/2025;2025_33_21;surkea;1
1328;33/2025;2025_33_21;surua;1
1328;33/2025;2025_33_21;suurin;1
1328;33/2025;2025_33_21;syistä;1
1328;33/2025;2025_33_21;syntymää;1
1328;33/2025;2025_33_21;syntyy;2
1328;33/2025;2025_33_21;syöminen;1
1328;33/2025;2025_33_21;syömävelkaa;1
1328;33/2025;2025_33_21;säästämässä;1
1328;33/2025;2025_33_21;säästää;1
1328;33/2025;2025_33_21;säästöille;1
1328;33/2025;2025_33_21;säästöjen;1
1328;33/2025;2025_33_21;säästöjä;1
1328;33/2025;2025_33_21;säästöt;1
1328;33/2025;2025_33_21;tai;1
1328;33/2025;2025_33_21;talman;4
1328;33/2025;2025_33_21;tapahtumassa;1
1328;33/2025;2025_33_21;tappiot;1
1328;33/2025;2025_33_21;tarvitsee;1
1328;33/2025;2025_33_21;tarvitsevat;1
1328;33/2025;2025_33_21;tavallisten;1
1328;33/2025;2025_33_21;tehtävä;1
1328;33/2025;2025_33_21;tekijät;1
1328;33/2025;2025_33_21;terveysvakuutuksen;1
1328;33/2025;2025_33_21;tilanne;1
1328;33/2025;2025_33_21;tilanteessa;1
1328;33/2025;2025_33_21;toimeen;1
1328;33/2025;2025_33_21;toimivat;1
1328;33/2025;2025_33_21;toivoa;1
1328;33/2025;2025_33_21;tuhansilla;2
1328;33/2025;2025_33_21;tulee;1
1328;33/2025;2025_33_21;tulemaan;1
1328;33/2025;2025_33_21;tulevaisuuteen;1
1328;33/2025;2025_33_21;tunteensa;1
1328;33/2025;2025_33_21;tuntemasta;1
1328;33/2025;2025_33_21;tuntevat;2
1328;33/2025;2025_33_21;tuoreen;1
1328;33/2025;2025_33_21;turhaa;1
1328;33/2025;2025_33_21;turhien;1
1328;33/2025;2025_33_21;turvallisuudesta;1
1328;33/2025;2025_33_21;työpäivinä;1
1328;33/2025;2025_33_21;tällä;1
1328;33/2025;2025_33_21;tälläkin;1
1328;33/2025;2025_33_21;tämä;3
1328;33/2025;2025_33_21;tämän;1
1328;33/2025;2025_33_21;tärkein;1
1328;33/2025;2025_33_21;tärkeää;1
1328;33/2025;2025_33_21;tästä;3
1328;33/2025;2025_33_21;tätä;1
1328;33/2025;2025_33_21;täysin;2
1328;33/2025;2025_33_21;täysissä;1
1328;33/2025;2025_33_21;uskoa;1
1328;33/2025;2025_33_21;vaikka;1
1328;33/2025;2025_33_21;vakuutuksia;1
1328;33/2025;2025_33_21;valtio;1
1328;33/2025;2025_33_21;vanhemmista;1
1328;33/2025;2025_33_21;vanhenemme;1
1328;33/2025;2025_33_21;vanhenevat;1
1328;33/2025;2025_33_21;vanhuksilla;1
1328;33/2025;2025_33_21;vanhuksista;1
1328;33/2025;2025_33_21;vasemmalta;1
1328;33/2025;2025_33_21;verot;1
1328;33/2025;2025_33_21;vielä;2
1328;33/2025;2025_33_21;vienyt;1
1328;33/2025;2025_33_21;vieraantuneet;1
1328;33/2025;2025_33_21;viikkoon;1
1328;33/2025;2025_33_21;voi;1
1328;33/2025;2025_33_21;voidaan;1
1328;33/2025;2025_33_21;voimassa;1
1328;33/2025;2025_33_21;voimia;1
1328;33/2025;2025_33_21;voimissa;1
1328;33/2025;2025_33_21;voisivat;1
1328;33/2025;2025_33_21;vuoden;1
1328;33/2025;2025_33_21;vuodessa;1
1328;33/2025;2025_33_21;vuonna;1
1328;33/2025;2025_33_21;vuorokauden;1
1328;33/2025;2025_33_21;vuotta;2
1328;33/2025;2025_33_21;vähintään;1
1328;33/2025;2025_33_21;välikysymykseen;1
1328;33/2025;2025_33_21;yhteen;1
1328;33/2025;2025_33_21;yhtyy;1
1328;33/2025;2025_33_21;yhtä;1
1328;33/2025;2025_33_21;yksin;1
1328;33/2025;2025_33_21;yksinäisyyttä;1
1328;33/2025;2025_33_21;yli;1
1328;33/2025;2025_33_21;ärade;4
1328;34/2019;2019_34_75;aletaan;1
1328;34/2019;2019_34_75;arvoisa;1
1328;34/2019;2019_34_75;bisnesidea;1
1328;34/2019;2019_34_75;ensin;2
1328;34/2019;2019_34_75;etsitään;1
1328;34/2019;2019_34_75;että;1
1328;34/2019;2019_34_75;hakala;1
1328;34/2019;2019_34_75;halusi;1
1328;34/2019;2019_34_75;hankitaan;1
1328;34/2019;2019_34_75;herra;1
1328;34/2019;2019_34_75;ja;4
1328;34/2019;2019_34_75;jonka;1
1328;34/2019;2019_34_75;jossa;1
1328;34/2019;2019_34_75;jouni;1
1328;34/2019;2019_34_75;jälkeen;1
1328;34/2019;2019_34_75;kyselyn;1
1328;34/2019;2019_34_75;kysyisin;1
1328;34/2019;2019_34_75;kysyisinkin;1
1328;34/2019;2019_34_75;meinataan;1
1328;34/2019;2019_34_75;miettiä;1
1328;34/2019;2019_34_75;miljardia;2
1328;34/2019;2019_34_75;ministeriltä;1
1328;34/2019;2019_34_75;mitä;3
1328;34/2019;2019_34_75;nimi;1
1328;34/2019;2019_34_75;nytten;1
1328;34/2019;2019_34_75;olen;1
1328;34/2019;2019_34_75;omaisuutta;1
1328;34/2019;2019_34_75;on;5
1328;34/2019;2019_34_75;pitäisi;1
1328;34/2019;2019_34_75;puhemies;1
1328;34/2019;2019_34_75;päinvastoin;1
1328;34/2019;2019_34_75;rahaa;1
1328;34/2019;2019_34_75;rahoitus;1
1328;34/2019;2019_34_75;selvitysmies;1
1328;34/2019;2019_34_75;sen;2
1328;34/2019;2019_34_75;siihen;1
1328;34/2019;2019_34_75;siitä;1
1328;34/2019;2019_34_75;sille;2
1328;34/2019;2019_34_75;sillä;1
1328;34/2019;2019_34_75;sinne;1
1328;34/2019;2019_34_75;sitten;1
1328;34/2019;2019_34_75;tehdä;2
1328;34/2019;2019_34_75;tehdään;1
1328;34/2019;2019_34_75;tehty;1
1328;34/2019;2019_34_75;teki;1
1328;34/2019;2019_34_75;tesiin;1
1328;34/2019;2019_34_75;tottunut;1
1328;34/2019;2019_34_75;tässä;1
1328;34/2019;2019_34_75;vake;1
1328;34/2019;2019_34_75;vakesta;1
1328;34/2019;2019_34_75;valtiolla;1
1328;34/2019;2019_34_75;viikolla;1
1328;34/2019;2019_34_75;viime;1
1328;34/2019;2019_34_75;yhdistää;1
1328;34/2019;2019_34_75;yrittäjänä;1
1328;34/2019;2019_34_75;yritykselle;2
1328;34/2019;2019_34_75;yrityksessä;1
1328;34/2019;2019_34_75;yritys;1
1328;34/2019;2019_34_87;aalto;1
1328;34/2019;2019_34_87;aiemmin;1
1328;34/2019;2019_34_87;aiheuttanut;1
1328;34/2019;2019_34_87;aiheutti;1
1328;34/2019;2019_34_87;aika;1
1328;34/2019;2019_34_87;aikaan;1
1328;34/2019;2019_34_87;ainutlaatuinen;1
1328;34/2019;2019_34_87;ajoin;1
1328;34/2019;2019_34_87;allekirjoitettu;1
1328;34/2019;2019_34_87;allekirjoittamaan;1
1328;34/2019;2019_34_87;alue;1
1328;34/2019;2019_34_87;alueella;2
1328;34/2019;2019_34_87;alueellisen;1
1328;34/2019;2019_34_87;alueelta;1
1328;34/2019;2019_34_87;annettava;1
1328;34/2019;2019_34_87;antaa;1
1328;34/2019;2019_34_87;arabien;1
1328;34/2019;2019_34_87;arvoisa;2
1328;34/2019;2019_34_87;aseelliset;1
1328;34/2019;2019_34_87;aseellisia;1
1328;34/2019;2019_34_87;aseellisille;1
1328;34/2019;2019_34_87;aseellisten;3
1328;34/2019;2019_34_87;asemaan;1
1328;34/2019;2019_34_87;asiassa;1
1328;34/2019;2019_34_87;avoimia;1
1328;34/2019;2019_34_87;avustaessamme;1
1328;34/2019;2019_34_87;avustamassa;1
1328;34/2019;2019_34_87;bagdadin;1
1328;34/2019;2019_34_87;edelleen;2
1328;34/2019;2019_34_87;edustavien;1
1328;34/2019;2019_34_87;ehdollista;1
1328;34/2019;2019_34_87;ehdottomasti;1
1328;34/2019;2019_34_87;ei;6
1328;34/2019;2019_34_87;eikä;2
1328;34/2019;2019_34_87;elää;1
1328;34/2019;2019_34_87;ennen;3
1328;34/2019;2019_34_87;eri;1
1328;34/2019;2019_34_87;eroon;1
1328;34/2019;2019_34_87;esimerkiksi;1
1328;34/2019;2019_34_87;että;6
1328;34/2019;2019_34_87;eu-tasolla;1
1328;34/2019;2019_34_87;eu-tason;1
1328;34/2019;2019_34_87;eun;1
1328;34/2019;2019_34_87;euroopassa;1
1328;34/2019;2019_34_87;eurooppaan;2
1328;34/2019;2019_34_87;hallinnolle;1
1328;34/2019;2019_34_87;hallinnon;1
1328;34/2019;2019_34_87;haluaa;1
1328;34/2019;2019_34_87;he;1
1328;34/2019;2019_34_87;heistä;1
1328;34/2019;2019_34_87;helposti;1
1328;34/2019;2019_34_87;huonoja;1
1328;34/2019;2019_34_87;hyväksyä;1
1328;34/2019;2019_34_87;ihmisoikeusloukkauksiin;1
1328;34/2019;2019_34_87;ihmisoikeustilanne;1
1328;34/2019;2019_34_87;iialaiset;1
1328;34/2019;2019_34_87;iialaisia;1
1328;34/2019;2019_34_87;iialaisille;1
1328;34/2019;2019_34_87;iialaisten;3
1328;34/2019;2019_34_87;iiavaltainen;1
1328;34/2019;2019_34_87;iiavaltaisen;1
1328;34/2019;2019_34_87;iiojen;2
1328;34/2019;2019_34_87;integroitu;2
1328;34/2019;2019_34_87;irak;3
1328;34/2019;2019_34_87;irakilaiselle;1
1328;34/2019;2019_34_87;irakilaiset;1
1328;34/2019;2019_34_87;irakilaisista;1
1328;34/2019;2019_34_87;irakin;12
1328;34/2019;2019_34_87;irakissa;1
1328;34/2019;2019_34_87;irakista;2
1328;34/2019;2019_34_87;isis;1
1328;34/2019;2019_34_87;isisin;2
1328;34/2019;2019_34_87;isisiä;1
1328;34/2019;2019_34_87;itsehallintoalueen;1
1328;34/2019;2019_34_87;ja;19
1328;34/2019;2019_34_87;jatkamiselle;1
1328;34/2019;2019_34_87;jatkua;1
1328;34/2019;2019_34_87;joihin;1
1328;34/2019;2019_34_87;joita;1
1328;34/2019;2019_34_87;jotka;2
1328;34/2019;2019_34_87;jotta;1
1328;34/2019;2019_34_87;juuri;1
1328;34/2019;2019_34_87;jälkeen;1
1328;34/2019;2019_34_87;jälleenrakennusta;1
1328;34/2019;2019_34_87;jälleenrakentamiseen;1
1328;34/2019;2019_34_87;kaiken;1
1328;34/2019;2019_34_87;kansaa;1
1328;34/2019;2019_34_87;kansainvälinen;1
1328;34/2019;2019_34_87;kansainvälisiä;2
1328;34/2019;2019_34_87;kansalaisia;2
1328;34/2019;2019_34_87;kanssa;2
1328;34/2019;2019_34_87;keskittynyt;1
1328;34/2019;2019_34_87;keskittänyt;1
1328;34/2019;2019_34_87;keskushallinnolle;2
1328;34/2019;2019_34_87;keskushallinto;1
1328;34/2019;2019_34_87;kielteisesti;1
1328;34/2019;2019_34_87;kierteen;1
1328;34/2019;2019_34_87;kierteestä;1
1328;34/2019;2019_34_87;kipeästi;1
1328;34/2019;2019_34_87;kohdistunut;1
1328;34/2019;2019_34_87;kohdistuvan;1
1328;34/2019;2019_34_87;kokeneet;1
1328;34/2019;2019_34_87;koko;1
1328;34/2019;2019_34_87;komentoketjunsa;1
1328;34/2019;2019_34_87;kuin;2
1328;34/2019;2019_34_87;kukistamisessa;1
1328;34/2019;2019_34_87;kunnioitettava;1
1328;34/2019;2019_34_87;kunnioittamaan;1
1328;34/2019;2019_34_87;kuolemaa;1
1328;34/2019;2019_34_87;kurdien;1
1328;34/2019;2019_34_87;kurdistanin;4
1328;34/2019;2019_34_87;kykynsä;1
1328;34/2019;2019_34_87;kyseessä;1
1328;34/2019;2019_34_87;kysymyksiä;1
1328;34/2019;2019_34_87;lanttiakaan;1
1328;34/2019;2019_34_87;liikkuvuus;1
1328;34/2019;2019_34_87;liittyy;1
1328;34/2019;2019_34_87;lopettamiseen;1
1328;34/2019;2019_34_87;lopuksi;1
1328;34/2019;2019_34_87;lukuisiin;1
1328;34/2019;2019_34_87;luo;2
1328;34/2019;2019_34_87;maan;4
1328;34/2019;2019_34_87;maansa;2
1328;34/2019;2019_34_87;mahdollisesti;1
1328;34/2019;2019_34_87;mahdolliset;1
1328;34/2019;2019_34_87;mahdollisuus;1
1328;34/2019;2019_34_87;menneisyydessä;1
1328;34/2019;2019_34_87;merkittävässä;1
1328;34/2019;2019_34_87;merkityksensä;1
1328;34/2019;2019_34_87;miehet;1
1328;34/2019;2019_34_87;mieltä;1
1328;34/2019;2019_34_87;mikäli;1
1328;34/2019;2019_34_87;millä;1
1328;34/2019;2019_34_87;missään;1
1328;34/2019;2019_34_87;monet;1
1328;34/2019;2019_34_87;monia;1
1328;34/2019;2019_34_87;monimutkainen;1
1328;34/2019;2019_34_87;mukaan;1
1328;34/2019;2019_34_87;muodossa;1
1328;34/2019;2019_34_87;muutoinkin;1
1328;34/2019;2019_34_87;myös;4
1328;34/2019;2019_34_87;ne;1
1328;34/2019;2019_34_87;niille;1
1328;34/2019;2019_34_87;niin;1
1328;34/2019;2019_34_87;niistä;1
1328;34/2019;2019_34_87;nimenomaan;1
1328;34/2019;2019_34_87;noista;1
1328;34/2019;2019_34_87;nuoret;1
1328;34/2019;2019_34_87;nykyinen;1
1328;34/2019;2019_34_87;nykyisen;1
1328;34/2019;2019_34_87;nykyisin;1
1328;34/2019;2019_34_87;nykyään;1
1328;34/2019;2019_34_87;nyt;1
1328;34/2019;2019_34_87;nähdystä;1
1328;34/2019;2019_34_87;näiden;2
1328;34/2019;2019_34_87;näitä;1
1328;34/2019;2019_34_87;oikeudenloukkauksia;2
1328;34/2019;2019_34_87;oikeudenloukkauksiin;3
1328;34/2019;2019_34_87;oikeutettuja;1
1328;34/2019;2019_34_87;ole;3
1328;34/2019;2019_34_87;olemme;1
1328;34/2019;2019_34_87;olevien;1
1328;34/2019;2019_34_87;oli;1
1328;34/2019;2019_34_87;olisimme;1
1328;34/2019;2019_34_87;olivat;1
1328;34/2019;2019_34_87;olla;4
1328;34/2019;2019_34_87;olleet;1
1328;34/2019;2019_34_87;ollessaan;1
1328;34/2019;2019_34_87;ollut;1
1328;34/2019;2019_34_87;oman;2
1328;34/2019;2019_34_87;on;17
1328;34/2019;2019_34_87;onnistuneena;1
1328;34/2019;2019_34_87;osa;1
1328;34/2019;2019_34_87;osaksi;2
1328;34/2019;2019_34_87;osalta;1
1328;34/2019;2019_34_87;osana;1
1328;34/2019;2019_34_87;osoittaa;1
1328;34/2019;2019_34_87;osoittaisi;1
1328;34/2019;2019_34_87;osoittamista;1
1328;34/2019;2019_34_87;osoittaneet;1
1328;34/2019;2019_34_87;ottaa;1
1328;34/2019;2019_34_87;ovat;5
1328;34/2019;2019_34_87;paikka;1
1328;34/2019;2019_34_87;palautuksista;1
1328;34/2019;2019_34_87;palautussopimus;2
1328;34/2019;2019_34_87;palautussopimusta;1
1328;34/2019;2019_34_87;paljon;2
1328;34/2019;2019_34_87;paras;1
1328;34/2019;2019_34_87;perusteet;1
1328;34/2019;2019_34_87;perustuu;1
1328;34/2019;2019_34_87;peshmerga-joukkojen;1
1328;34/2019;2019_34_87;peshmerga-joukoille;2
1328;34/2019;2019_34_87;peshmerga-joukot;1
1328;34/2019;2019_34_87;pilviä;1
1328;34/2019;2019_34_87;pitkälti;1
1328;34/2019;2019_34_87;pitää;1
1328;34/2019;2019_34_87;poikkesi;1
1328;34/2019;2019_34_87;puheenjohtajamaana;1
1328;34/2019;2019_34_87;puheet;1
1328;34/2019;2019_34_87;puhemies;2
1328;34/2019;2019_34_87;pääasiassa;1
1328;34/2019;2019_34_87;pääsemässä;1
1328;34/2019;2019_34_87;päätöksiä;1
1328;34/2019;2019_34_87;päätös;1
1328;34/2019;2019_34_87;raakoihin;1
1328;34/2019;2019_34_87;rajoille;1
1328;34/2019;2019_34_87;raportoitu;1
1328;34/2019;2019_34_87;repii;1
1328;34/2019;2019_34_87;repineen;1
1328;34/2019;2019_34_87;riski;1
1328;34/2019;2019_34_87;riskin;1
1328;34/2019;2019_34_87;roolissa;1
1328;34/2019;2019_34_87;ryhmien;1
1328;34/2019;2019_34_87;ryhmille;1
1328;34/2019;2019_34_87;ryhmittymien;2
1328;34/2019;2019_34_87;ryhmittymistä;1
1328;34/2019;2019_34_87;ryhmittymät;1
1328;34/2019;2019_34_87;ryhmiä;1
1328;34/2019;2019_34_87;saa;1
1328;34/2019;2019_34_87;saada;1
1328;34/2019;2019_34_87;samalla;1
1328;34/2019;2019_34_87;schengen-alueella;1
1328;34/2019;2019_34_87;se;3
1328;34/2019;2019_34_87;sekä;2
1328;34/2019;2019_34_87;selvitettävä;1
1328;34/2019;2019_34_87;sen;3
1328;34/2019;2019_34_87;siis;2
1328;34/2019;2019_34_87;siitä;1
1328;34/2019;2019_34_87;sille;1
1328;34/2019;2019_34_87;sitoutunut;1
1328;34/2019;2019_34_87;sitä;1
1328;34/2019;2019_34_87;sodan;1
1328;34/2019;2019_34_87;sopimuksia;2
1328;34/2019;2019_34_87;sunneja;1
1328;34/2019;2019_34_87;sunnien;2
1328;34/2019;2019_34_87;sunnimiehille;1
1328;34/2019;2019_34_87;suojelun;1
1328;34/2019;2019_34_87;suomeen;2
1328;34/2019;2019_34_87;suomella;1
1328;34/2019;2019_34_87;suomen;4
1328;34/2019;2019_34_87;suomi;2
1328;34/2019;2019_34_87;suoraan;1
1328;34/2019;2019_34_87;suostuu;1
1328;34/2019;2019_34_87;suunnalta;1
1328;34/2019;2019_34_87;suunnattavan;1
1328;34/2019;2019_34_87;suuntauksia;1
1328;34/2019;2019_34_87;suuntautuuko;1
1328;34/2019;2019_34_87;suuri;1
1328;34/2019;2019_34_87;systemaattisia;1
1328;34/2019;2019_34_87;syyllistyneet;1
1328;34/2019;2019_34_87;syyllistyneille;1
1328;34/2019;2019_34_87;syyllistyneitä;1
1328;34/2019;2019_34_87;syyllistyvät;1
1328;34/2019;2019_34_87;syystä;1
1328;34/2019;2019_34_87;säilyttävät;1
1328;34/2019;2019_34_87;tahoille;1
1328;34/2019;2019_34_87;taholta;2
1328;34/2019;2019_34_87;tai;2
1328;34/2019;2019_34_87;taistelleet;1
1328;34/2019;2019_34_87;taistelu;1
1328;34/2019;2019_34_87;takia;1
1328;34/2019;2019_34_87;tapahtunut;1
1328;34/2019;2019_34_87;tapahtuu;1
1328;34/2019;2019_34_87;tarvitaan;1
1328;34/2019;2019_34_87;tarvitsee;1
1328;34/2019;2019_34_87;tarvitsevat;1
1328;34/2019;2019_34_87;tekosyitä;1
1328;34/2019;2019_34_87;tilannetta;1
1328;34/2019;2019_34_87;tilanteessa;1
1328;34/2019;2019_34_87;todellinen;1
1328;34/2019;2019_34_87;todellisen;1
1328;34/2019;2019_34_87;toimenpiteitä;1
1328;34/2019;2019_34_87;toissijaisen;1
1328;34/2019;2019_34_87;toistuviin;2
1328;34/2019;2019_34_87;tuen;2
1328;34/2019;2019_34_87;tuhoa;1
1328;34/2019;2019_34_87;tukea;6
1328;34/2019;2019_34_87;tukemiseen;1
1328;34/2019;2019_34_87;tukensa;1
1328;34/2019;2019_34_87;tuki;2
1328;34/2019;2019_34_87;tule;2
1328;34/2019;2019_34_87;tulee;2
1328;34/2019;2019_34_87;tulevaisuuden;1
1328;34/2019;2019_34_87;tulevaisuudessa;3
1328;34/2019;2019_34_87;tulleista;1
1328;34/2019;2019_34_87;tummia;1
1328;34/2019;2019_34_87;turvallisuusjoukkoja;4
1328;34/2019;2019_34_87;turvallisuusjoukkojen;1
1328;34/2019;2019_34_87;turvallisuusjoukoille;4
1328;34/2019;2019_34_87;turvallisuustilanne;1
1328;34/2019;2019_34_87;turvapaikanhakijat;1
1328;34/2019;2019_34_87;turvapaikanhakijoiden;1
1328;34/2019;2019_34_87;turvapaikanhakijoista;1
1328;34/2019;2019_34_87;tässäkin;1
1328;34/2019;2019_34_87;tästä;1
1328;34/2019;2019_34_87;tätä;1
1328;34/2019;2019_34_87;uhan;1
1328;34/2019;2019_34_87;useat;1
1328;34/2019;2019_34_87;uskonnollisia;1
1328;34/2019;2019_34_87;vaarallinen;1
1328;34/2019;2019_34_87;vahvat;1
1328;34/2019;2019_34_87;vaikea;1
1328;34/2019;2019_34_87;vaikeassa;1
1328;34/2019;2019_34_87;vaikuttaisiko;1
1328;34/2019;2019_34_87;vainoa;1
1328;34/2019;2019_34_87;valitsevat;1
1328;34/2019;2019_34_87;valmis;2
1328;34/2019;2019_34_87;valtion;1
1328;34/2019;2019_34_87;varten;1
1328;34/2019;2019_34_87;vastaan;2
1328;34/2019;2019_34_87;vastaanottamaan;1
1328;34/2019;2019_34_87;vastainen;1
1328;34/2019;2019_34_87;vastavuoroisuuteen;1
1328;34/2019;2019_34_87;vihanpito;1
1328;34/2019;2019_34_87;voi;2
1328;34/2019;2019_34_87;voidaan;1
1328;34/2019;2019_34_87;vähän;1
1328;34/2019;2019_34_87;väkivallan;2
1328;34/2019;2019_34_87;väkivaltaa;1
1328;34/2019;2019_34_87;välejä;1
1328;34/2019;2019_34_87;välillä;2
1328;34/2019;2019_34_87;yhteistyö;1
1328;34/2019;2019_34_87;yhä;2
1328;34/2019;2019_34_87;yleiseurooppalainen;1
1328;34/2019;2019_34_87;ylle;1
1328;34/2022;2022_34_99;aikaa;1
1328;34/2022;2022_34_99;aikaisemmin;1
1328;34/2022;2022_34_99;antavat;1
1328;34/2022;2022_34_99;arvoisa;1
1328;34/2022;2022_34_99;asia;1
1328;34/2022;2022_34_99;ei;2
1328;34/2022;2022_34_99;eikö;1
1328;34/2022;2022_34_99;ensin;1
1328;34/2022;2022_34_99;erittäin;1
1328;34/2022;2022_34_99;hallituksen;1
1328;34/2022;2022_34_99;henkilöstökyselyitä;1
1328;34/2022;2022_34_99;heti;1
1328;34/2022;2022_34_99;huippu-urheilujohtaja;1
1328;34/2022;2022_34_99;huonon;1
1328;34/2022;2022_34_99;hänelle;1
1328;34/2022;2022_34_99;ja;4
1328;34/2022;2022_34_99;jo;2
1328;34/2022;2022_34_99;johtamisesta;1
1328;34/2022;2022_34_99;johtoa;1
1328;34/2022;2022_34_99;joka;1
1328;34/2022;2022_34_99;julkisuuteen;2
1328;34/2022;2022_34_99;jälkeen;1
1328;34/2022;2022_34_99;jättivät;1
1328;34/2022;2022_34_99;kerrottu;1
1328;34/2022;2022_34_99;kertoi;1
1328;34/2022;2022_34_99;keskeinen;1
1328;34/2022;2022_34_99;keskeisen;1
1328;34/2022;2022_34_99;keskeyttää;1
1328;34/2022;2022_34_99;keskustelutilaisuuksia;1
1328;34/2022;2022_34_99;kunnes;1
1328;34/2022;2022_34_99;kuntoon;1
1328;34/2022;2022_34_99;kurvinen;2
1328;34/2022;2022_34_99;kuukausi;1
1328;34/2022;2022_34_99;kuvan;1
1328;34/2022;2022_34_99;kysymys;1
1328;34/2022;2022_34_99;lehtimäen;1
1328;34/2022;2022_34_99;luvataan;1
1328;34/2022;2022_34_99;lähteekö;1
1328;34/2022;2022_34_99;lähteneet;1
1328;34/2022;2022_34_99;maatalousministeriksi;1
1328;34/2022;2022_34_99;mahdollisimman;1
1328;34/2022;2022_34_99;miksi;1
1328;34/2022;2022_34_99;ministeri;1
1328;34/2022;2022_34_99;mitä;1
1328;34/2022;2022_34_99;mutta;1
1328;34/2022;2022_34_99;muun;1
1328;34/2022;2022_34_99;muuta;1
1328;34/2022;2022_34_99;myös;1
1328;34/2022;2022_34_99;nimityksestä;1
1328;34/2022;2022_34_99;nyt;3
1328;34/2022;2022_34_99;näihin;1
1328;34/2022;2022_34_99;oli;1
1328;34/2022;2022_34_99;olympiakomiteasta;2
1328;34/2022;2022_34_99;on;2
1328;34/2022;2022_34_99;onkin;1
1328;34/2022;2022_34_99;onnittelut;1
1328;34/2022;2022_34_99;ovat;1
1328;34/2022;2022_34_99;painaa;1
1328;34/2022;2022_34_99;paitsioon;1
1328;34/2022;2022_34_99;panna;1
1328;34/2022;2022_34_99;pienellä;1
1328;34/2022;2022_34_99;pitäisi;1
1328;34/2022;2022_34_99;pitää;1
1328;34/2022;2022_34_99;porukalla;1
1328;34/2022;2022_34_99;puheenjohtaja;1
1328;34/2022;2022_34_99;puheenjohtajat;1
1328;34/2022;2022_34_99;puhemies;1
1328;34/2022;2022_34_99;puoli;1
1328;34/2022;2022_34_99;puututtu;2
1328;34/2022;2022_34_99;päinvastoin;1
1328;34/2022;2022_34_99;päättää;1
1328;34/2022;2022_34_99;rahoitus;1
1328;34/2022;2022_34_99;riippumaton;1
1328;34/2022;2022_34_99;selvityksen;1
1328;34/2022;2022_34_99;selvityksiä;1
1328;34/2022;2022_34_99;selvitys;1
1328;34/2022;2022_34_99;sitten;1
1328;34/2022;2022_34_99;talman;1
1328;34/2022;2022_34_99;tapauksesta;1
1328;34/2022;2022_34_99;tapaukset;1
1328;34/2022;2022_34_99;tapaus;1
1328;34/2022;2022_34_99;tehty;1
1328;34/2022;2022_34_99;teillä;1
1328;34/2022;2022_34_99;toimitusjohtaja;1
1328;34/2022;2022_34_99;toisesta;1
1328;34/2022;2022_34_99;tuli;1
1328;34/2022;2022_34_99;tulivat;1
1328;34/2022;2022_34_99;tämä;1
1328;34/2022;2022_34_99;tänään;1
1328;34/2022;2022_34_99;ulkopuolisia;1
1328;34/2022;2022_34_99;urheilujärjestön;1
1328;34/2022;2022_34_99;urheiluministeri;1
1328;34/2022;2022_34_99;uutiset;1
1328;34/2022;2022_34_99;vaikka;1
1328;34/2022;2022_34_99;valtion;1
1328;34/2022;2022_34_99;viikon;1
1328;34/2022;2022_34_99;viime;1
1328;34/2022;2022_34_99;villaisella;1
1328;34/2022;2022_34_99;vuotta;1
1328;34/2022;2022_34_99;yritettiin;1
1328;34/2022;2022_34_99;ärade;1
1328;34/2023;2023_34_27;arvoisa;1
1328;34/2023;2023_34_27;budjetteihin;1
1328;34/2023;2023_34_27;eilen;1
1328;34/2023;2023_34_27;että;3
1328;34/2023;2023_34_27;hallitusta;1
1328;34/2023;2023_34_27;hetkellä;1
1328;34/2023;2023_34_27;hoitajaa;1
1328;34/2023;2023_34_27;ihmistä;1
1328;34/2023;2023_34_27;ja;5
1328;34/2023;2023_34_27;joudutaan;1
1328;34/2023;2023_34_27;kaikki;1
1328;34/2023;2023_34_27;kenen;1
1328;34/2023;2023_34_27;kiitos;1
1328;34/2023;2023_34_27;korjaussarja;1
1328;34/2023;2023_34_27;leikataan;2
1328;34/2023;2023_34_27;mahdollista;1
1328;34/2023;2023_34_27;marinin;1
1328;34/2023;2023_34_27;miljardi;2
1328;34/2023;2023_34_27;miten;1
1328;34/2023;2023_34_27;niin;1
1328;34/2023;2023_34_27;nyt;1
1328;34/2023;2023_34_27;olevan;1
1328;34/2023;2023_34_27;oliko;1
1328;34/2023;2023_34_27;on;2
1328;34/2023;2023_34_27;orpo;2
1328;34/2023;2023_34_27;panemaan;1
1328;34/2023;2023_34_27;pois;1
1328;34/2023;2023_34_27;puhemies;1
1328;34/2023;2023_34_27;puuttuu;1
1328;34/2023;2023_34_27;pääministeri;2
1328;34/2023;2023_34_27;päästään;1
1328;34/2023;2023_34_27;rahaa;2
1328;34/2023;2023_34_27;salissa;1
1328;34/2023;2023_34_27;sieltä;1
1328;34/2023;2023_34_27;siirretään;1
1328;34/2023;2023_34_27;siitä;1
1328;34/2023;2023_34_27;sote;1
1328;34/2023;2023_34_27;sotea;1
1328;34/2023;2023_34_27;sotesta;1
1328;34/2023;2023_34_27;syytitte;1
1328;34/2023;2023_34_27;syyttelevät;1
1328;34/2023;2023_34_27;tehtiin;1
1328;34/2023;2023_34_27;teidän;1
1328;34/2023;2023_34_27;toisiaan;1
1328;34/2023;2023_34_27;tuntuu;1
1328;34/2023;2023_34_27;tällä;1
1328;34/2023;2023_34_27;tämä;3
1328;34/2023;2023_34_27;tässä;1
1328;34/2023;2023_34_27;vammaislakia;1
1328;34/2023;2023_34_27;vielä;1
1328;34/2023;2023_34_27;vika;1
1328;34/2023;2023_34_27;vuotta;1
1328;34/2023;2023_34_27;yli;1
1328;34/2024;2024_34_67;ajatella;1
1328;34/2024;2024_34_67;arvoisa;1
1328;34/2024;2024_34_67;arvonlisäveroon;1
1328;34/2024;2024_34_67;asiaan;1
1328;34/2024;2024_34_67;ei;1
1328;34/2024;2024_34_67;eli;1
1328;34/2024;2024_34_67;eläkeläiset;2
1328;34/2024;2024_34_67;eläkeläisiä;1
1328;34/2024;2024_34_67;esimerkiksi;1
1328;34/2024;2024_34_67;että;2
1328;34/2024;2024_34_67;he;2
1328;34/2024;2024_34_67;heidän;1
1328;34/2024;2024_34_67;heidät;1
1328;34/2024;2024_34_67;hetkellä;1
1328;34/2024;2024_34_67;iso;1
1328;34/2024;2024_34_67;ja;5
1328;34/2024;2024_34_67;jotta;1
1328;34/2024;2024_34_67;joutuvat;1
1328;34/2024;2024_34_67;kannata;1
1328;34/2024;2024_34_67;kiitos;1
1328;34/2024;2024_34_67;koska;1
1328;34/2024;2024_34_67;kuitenkin;1
1328;34/2024;2024_34_67;kulutukseen;1
1328;34/2024;2024_34_67;kun;1
1328;34/2024;2024_34_67;maksamaan;1
1328;34/2024;2024_34_67;me;2
1328;34/2024;2024_34_67;meillä;1
1328;34/2024;2024_34_67;menevät;2
1328;34/2024;2024_34_67;mennä;2
1328;34/2024;2024_34_67;ministeri;1
1328;34/2024;2024_34_67;mitä;1
1328;34/2024;2024_34_67;moneen;1
1328;34/2024;2024_34_67;muuhun;1
1328;34/2024;2024_34_67;nousee;1
1328;34/2024;2024_34_67;olemaan;1
1328;34/2024;2024_34_67;on;3
1328;34/2024;2024_34_67;paljon;1
1328;34/2024;2024_34_67;puhemies;1
1328;34/2024;2024_34_67;purra;1
1328;34/2024;2024_34_67;rahat;1
1328;34/2024;2024_34_67;saada;1
1328;34/2024;2024_34_67;saisimme;1
1328;34/2024;2024_34_67;se;1
1328;34/2024;2024_34_67;siitä;1
1328;34/2024;2024_34_67;sote-alalla;1
1328;34/2024;2024_34_67;suomessa;1
1328;34/2024;2024_34_67;talman;1
1328;34/2024;2024_34_67;tiedämme;1
1328;34/2024;2024_34_67;tienaavat;1
1328;34/2024;2024_34_67;tulee;1
1328;34/2024;2024_34_67;tulevaisuudessa;1
1328;34/2024;2024_34_67;tuloja;1
1328;34/2024;2024_34_67;työvoimapula;3
1328;34/2024;2024_34_67;tällä;1
1328;34/2024;2024_34_67;töihin;4
1328;34/2024;2024_34_67;valtava;1
1328;34/2024;2024_34_67;veroa;1
1328;34/2024;2024_34_67;veroprosentti;1
1328;34/2024;2024_34_67;verovapaita;1
1328;34/2024;2024_34_67;vielä;1
1328;34/2024;2024_34_67;voisitteko;1
1328;34/2024;2024_34_67;voisivat;1
1328;34/2024;2024_34_67;ärade;1
1328;36/2024;2024_36_19;aamu;1
1328;36/2024;2024_36_19;aiemmin;1
1328;36/2024;2024_36_19;aina;2
1328;36/2024;2024_36_19;ajan;1
1328;36/2024;2024_36_19;alaikäisten;1
1328;36/2024;2024_36_19;alhaalla;1
1328;36/2024;2024_36_19;alku;1
1328;36/2024;2024_36_19;alle;2
1328;36/2024;2024_36_19;arvoisa;1
1328;36/2024;2024_36_19;asian;1
1328;36/2024;2024_36_19;ehdotan;1
1328;36/2024;2024_36_19;ehdotankin;1
1328;36/2024;2024_36_19;ehkäisyyn;1
1328;36/2024;2024_36_19;ehtinyt;1
1328;36/2024;2024_36_19;ei;9
1328;36/2024;2024_36_19;eikä;1
1328;36/2024;2024_36_19;empatiaa;2
1328;36/2024;2024_36_19;ennen;2
1328;36/2024;2024_36_19;epäiltyjen;1
1328;36/2024;2024_36_19;eri;1
1328;36/2024;2024_36_19;esiopetussuunnitelmaan;1
1328;36/2024;2024_36_19;että;6
1328;36/2024;2024_36_19;hakee;2
1328;36/2024;2024_36_19;halausta;1
1328;36/2024;2024_36_19;hallitus;2
1328;36/2024;2024_36_19;halua;1
1328;36/2024;2024_36_19;haluaa;1
1328;36/2024;2024_36_19;haluaisin;1
1328;36/2024;2024_36_19;heidän;1
1328;36/2024;2024_36_19;henkilöitä;1
1328;36/2024;2024_36_19;huomiota;3
1328;36/2024;2024_36_19;hyvä;1
1328;36/2024;2024_36_19;hänellä;1
1328;36/2024;2024_36_19;ihmiset;1
1328;36/2024;2024_36_19;ihmisetkin;1
1328;36/2024;2024_36_19;ja;10
1328;36/2024;2024_36_19;jatkan;1
1328;36/2024;2024_36_19;jatkuva;1
1328;36/2024;2024_36_19;jos;2
1328;36/2024;2024_36_19;jotka;1
1328;36/2024;2024_36_19;jotta;1
1328;36/2024;2024_36_19;joutuu;2
1328;36/2024;2024_36_19;jättää;1
1328;36/2024;2024_36_19;kaikkea;1
1328;36/2024;2024_36_19;kaikkensa;1
1328;36/2024;2024_36_19;kasvanut;1
1328;36/2024;2024_36_19;kasvu;1
1328;36/2024;2024_36_19;katso;1
1328;36/2024;2024_36_19;kauemmin;1
1328;36/2024;2024_36_19;kaveritaitojen;1
1328;36/2024;2024_36_19;keinoja;1
1328;36/2024;2024_36_19;kertonut;1
1328;36/2024;2024_36_19;kesken;2
1328;36/2024;2024_36_19;keskittyviä;1
1328;36/2024;2024_36_19;keskittyä;1
1328;36/2024;2024_36_19;keskustelevat;1
1328;36/2024;2024_36_19;keskuudessa;1
1328;36/2024;2024_36_19;kestävän;1
1328;36/2024;2024_36_19;kiitos;2
1328;36/2024;2024_36_19;kiusaajien;2
1328;36/2024;2024_36_19;kiusaaminen;1
1328;36/2024;2024_36_19;kiusaamiseen;1
1328;36/2024;2024_36_19;kiusaamisen;2
1328;36/2024;2024_36_19;kiusattujen;1
1328;36/2024;2024_36_19;kodeissaan;1
1328;36/2024;2024_36_19;kodin;2
1328;36/2024;2024_36_19;kohteena;1
1328;36/2024;2024_36_19;kohtelevat;1
1328;36/2024;2024_36_19;kokemuksista;1
1328;36/2024;2024_36_19;kokemuksistani;1
1328;36/2024;2024_36_19;koko;1
1328;36/2024;2024_36_19;kolminkertaistunut;1
1328;36/2024;2024_36_19;koska;1
1328;36/2024;2024_36_19;kotona;3
1328;36/2024;2024_36_19;kouluihin;1
1328;36/2024;2024_36_19;kouluikään;1
1328;36/2024;2024_36_19;kouluja;1
1328;36/2024;2024_36_19;kouluun;1
1328;36/2024;2024_36_19;kouluväkivallan;1
1328;36/2024;2024_36_19;kovempia;1
1328;36/2024;2024_36_19;kuin;1
1328;36/2024;2024_36_19;kuinka;2
1328;36/2024;2024_36_19;kun;4
1328;36/2024;2024_36_19;kunnioitusta;2
1328;36/2024;2024_36_19;kurinpitoon;1
1328;36/2024;2024_36_19;kuulla;1
1328;36/2024;2024_36_19;kuuntelemista;2
1328;36/2024;2024_36_19;käsissä;1
1328;36/2024;2024_36_19;käytettävä;1
1328;36/2024;2024_36_19;käytöksessä;1
1328;36/2024;2024_36_19;käytöstään;1
1328;36/2024;2024_36_19;lapsen;1
1328;36/2024;2024_36_19;lapsi;6
1328;36/2024;2024_36_19;lapsiaan;1
1328;36/2024;2024_36_19;laskuun;1
1328;36/2024;2024_36_19;lasta;1
1328;36/2024;2024_36_19;lasten;2
1328;36/2024;2024_36_19;liittyviä;1
1328;36/2024;2024_36_19;lisäksi;1
1328;36/2024;2024_36_19;lisäämme;1
1328;36/2024;2024_36_19;luvut;1
1328;36/2024;2024_36_19;löydän;1
1328;36/2024;2024_36_19;meidän;1
1328;36/2024;2024_36_19;menemään;1
1328;36/2024;2024_36_19;mennessä;1
1328;36/2024;2024_36_19;mennä;1
1328;36/2024;2024_36_19;merkittävästi;1
1328;36/2024;2024_36_19;mielellään;1
1328;36/2024;2024_36_19;mikään;1
1328;36/2024;2024_36_19;millaista;1
1328;36/2024;2024_36_19;minä;1
1328;36/2024;2024_36_19;missä;1
1328;36/2024;2024_36_19;mitään;1
1328;36/2024;2024_36_19;moni;1
1328;36/2024;2024_36_19;muihin;2
1328;36/2024;2024_36_19;muistuttaa;1
1328;36/2024;2024_36_19;mutta;2
1328;36/2024;2024_36_19;muutoksia;1
1328;36/2024;2024_36_19;muuttaa;1
1328;36/2024;2024_36_19;myönteistä;1
1328;36/2024;2024_36_19;myös;1
1328;36/2024;2024_36_19;myöskään;2
1328;36/2024;2024_36_19;määrä;1
1328;36/2024;2024_36_19;määrää;1
1328;36/2024;2024_36_19;niin;1
1328;36/2024;2024_36_19;niitä;1
1328;36/2024;2024_36_19;noin;1
1328;36/2024;2024_36_19;nukkumaan;1
1328;36/2024;2024_36_19;nuo;1
1328;36/2024;2024_36_19;nuorten;1
1328;36/2024;2024_36_19;nyt;1
1328;36/2024;2024_36_19;nämä;1
1328;36/2024;2024_36_19;ole;3
1328;36/2024;2024_36_19;oleminen;1
1328;36/2024;2024_36_19;olemme;1
1328;36/2024;2024_36_19;olen;1
1328;36/2024;2024_36_19;oli;1
1328;36/2024;2024_36_19;olin;1
1328;36/2024;2024_36_19;olisivat;1
1328;36/2024;2024_36_19;olla;1
1328;36/2024;2024_36_19;ollut;1
1328;36/2024;2024_36_19;oloaan;2
1328;36/2024;2024_36_19;oma;1
1328;36/2024;2024_36_19;omaa;1
1328;36/2024;2024_36_19;oman;1
1328;36/2024;2024_36_19;omista;1
1328;36/2024;2024_36_19;on;14
1328;36/2024;2024_36_19;ongelmaa;1
1328;36/2024;2024_36_19;ongelman;1
1328;36/2024;2024_36_19;opetuksen;1
1328;36/2024;2024_36_19;opetussuunnitelmaan;1
1328;36/2024;2024_36_19;opetussuunnitelmassa;1
1328;36/2024;2024_36_19;oppisi;1
1328;36/2024;2024_36_19;osaa;2
1328;36/2024;2024_36_19;osattomuus;1
1328;36/2024;2024_36_19;osoittaa;2
1328;36/2024;2024_36_19;otetaan;1
1328;36/2024;2024_36_19;ovat;1
1328;36/2024;2024_36_19;pahaa;2
1328;36/2024;2024_36_19;paikkakuntaa;1
1328;36/2024;2024_36_19;pakollisuutta;1
1328;36/2024;2024_36_19;pakosti;1
1328;36/2024;2024_36_19;paremmin;1
1328;36/2024;2024_36_19;parempaa;1
1328;36/2024;2024_36_19;pelkästään;1
1328;36/2024;2024_36_19;pelottaa;2
1328;36/2024;2024_36_19;perheen;2
1328;36/2024;2024_36_19;peruskoulun;1
1328;36/2024;2024_36_19;poliitikkojen;2
1328;36/2024;2024_36_19;postinumeroa;1
1328;36/2024;2024_36_19;puhemies;1
1328;36/2024;2024_36_19;puhutte;1
1328;36/2024;2024_36_19;puhuu;1
1328;36/2024;2024_36_19;purkamalla;2
1328;36/2024;2024_36_19;päivänä;1
1328;36/2024;2024_36_19;raastavaa;1
1328;36/2024;2024_36_19;rangaistuksia;1
1328;36/2024;2024_36_19;riitä;1
1328;36/2024;2024_36_19;rikoksen;1
1328;36/2024;2024_36_19;rikosten;1
1328;36/2024;2024_36_19;saada;1
1328;36/2024;2024_36_19;saadaan;1
1328;36/2024;2024_36_19;saatava;2
1328;36/2024;2024_36_19;se;6
1328;36/2024;2024_36_19;sen;2
1328;36/2024;2024_36_19;siinä;1
1328;36/2024;2024_36_19;siitä;1
1328;36/2024;2024_36_19;sillä;1
1328;36/2024;2024_36_19;silti;1
1328;36/2024;2024_36_19;sitä;3
1328;36/2024;2024_36_19;sukupolvien;1
1328;36/2024;2024_36_19;sukupolville;1
1328;36/2024;2024_36_19;suomessa;2
1328;36/2024;2024_36_19;suurin;1
1328;36/2024;2024_36_19;taas;1
1328;36/2024;2024_36_19;tahojen;1
1328;36/2024;2024_36_19;tai;1
1328;36/2024;2024_36_19;talman;1
1328;36/2024;2024_36_19;tasapainoisen;1
1328;36/2024;2024_36_19;tasapainoisia;1
1328;36/2024;2024_36_19;te;1
1328;36/2024;2024_36_19;tehtiin;1
1328;36/2024;2024_36_19;tehtävä;1
1328;36/2024;2024_36_19;tekemiksi;1
1328;36/2024;2024_36_19;tiedän;2
1328;36/2024;2024_36_19;tukea;1
1328;36/2024;2024_36_19;tulee;2
1328;36/2024;2024_36_19;tulevien;1
1328;36/2024;2024_36_19;tuleville;1
1328;36/2024;2024_36_19;tunne;1
1328;36/2024;2024_36_19;tunnusmerkkejä;1
1328;36/2024;2024_36_19;tuntemaan;1
1328;36/2024;2024_36_19;tuntuu;1
1328;36/2024;2024_36_19;turhauttaa;2
1328;36/2024;2024_36_19;tällaisista;1
1328;36/2024;2024_36_19;tällaisten;2
1328;36/2024;2024_36_19;tämä;1
1328;36/2024;2024_36_19;tänä;1
1328;36/2024;2024_36_19;tänään;1
1328;36/2024;2024_36_19;tärkeän;1
1328;36/2024;2024_36_19;täyttäisi;1
1328;36/2024;2024_36_19;uhriksi;1
1328;36/2024;2024_36_19;ulkopuolella;2
1328;36/2024;2024_36_19;useampiakin;1
1328;36/2024;2024_36_19;uskoa;1
1328;36/2024;2024_36_19;uudestaan;1
1328;36/2024;2024_36_19;vaikea;3
1328;36/2024;2024_36_19;vaikkei;1
1328;36/2024;2024_36_19;vallassa;1
1328;36/2024;2024_36_19;valtiontalouden;1
1328;36/2024;2024_36_19;vanhempana;1
1328;36/2024;2024_36_19;vanhempien;2
1328;36/2024;2024_36_19;viikoittain;1
1328;36/2024;2024_36_19;virkahenkilöt;1
1328;36/2024;2024_36_19;voi;1
1328;36/2024;2024_36_19;voisi;1
1328;36/2024;2024_36_19;vuodesta;1
1328;36/2024;2024_36_19;vuonna;1
1328;36/2024;2024_36_19;vuotiaiden;2
1328;36/2024;2024_36_19;vähän;1
1328;36/2024;2024_36_19;väkivaltaa;1
1328;36/2024;2024_36_19;väkivaltarikollisuus;1
1328;36/2024;2024_36_19;yhtäkään;1
1328;36/2024;2024_36_19;yksinäisyys;2
1328;36/2024;2024_36_19;ärade;1
1328;36/2024;2024_36_19;äärellä;1
1328;37/2021;2021_37_67;ajan;1
1328;37/2021;2021_37_67;arvoisa;1
1328;37/2021;2021_37_67;asia;1
1328;37/2021;2021_37_67;että;1
1328;37/2021;2021_37_67;eulta;1
1328;37/2021;2021_37_67;exit-suunnitelmassa;1
1328;37/2021;2021_37_67;hatusta;1
1328;37/2021;2021_37_67;ihan;1
1328;37/2021;2021_37_67;ja;2
1328;37/2021;2021_37_67;jo;1
1328;37/2021;2021_37_67;joitain;2
1328;37/2021;2021_37_67;joka;1
1328;37/2021;2021_37_67;joku;1
1328;37/2021;2021_37_67;julkistettu;1
1328;37/2021;2021_37_67;kesäheinäkuussa;1
1328;37/2021;2021_37_67;koko;2
1328;37/2021;2021_37_67;kuinka;1
1328;37/2021;2021_37_67;kun;1
1328;37/2021;2021_37_67;lukee;1
1328;37/2021;2021_37_67;luvut;1
1328;37/2021;2021_37_67;mihin;1
1328;37/2021;2021_37_67;miksei;1
1328;37/2021;2021_37_67;monta;1
1328;37/2021;2021_37_67;niin;1
1328;37/2021;2021_37_67;nämä;1
1328;37/2021;2021_37_67;ole;1
1328;37/2021;2021_37_67;olemassa;1
1328;37/2021;2021_37_67;olisi;1
1328;37/2021;2021_37_67;onko;3
1328;37/2021;2021_37_67;perustuvat;1
1328;37/2021;2021_37_67;prosenttia;1
1328;37/2021;2021_37_67;prosenttiluku;1
1328;37/2021;2021_37_67;puhemies;1
1328;37/2021;2021_37_67;rokotetta;1
1328;37/2021;2021_37_67;rokotettu;1
1328;37/2021;2021_37_67;rokotevalmistajilta;1
1328;37/2021;2021_37_67;se;1
1328;37/2021;2021_37_67;semmoista;1
1328;37/2021;2021_37_67;siitä;1
1328;37/2021;2021_37_67;suunnitelma;1
1328;37/2021;2021_37_67;suunnitelmaa;1
1328;37/2021;2021_37_67;tai;1
1328;37/2021;2021_37_67;taulukoita;2
1328;37/2021;2021_37_67;tulee;1
1328;37/2021;2021_37_67;tullut;1
1328;37/2021;2021_37_67;tämä;1
1328;37/2021;2021_37_67;tästä;1
1328;37/2021;2021_37_67;vai;1
1328;37/2021;2021_37_67;vaihtelee;1
1328;37/2021;2021_37_67;vedetty;1
1328;37/2021;2021_37_67;viikko;1
1328;37/2024;2024_37_63;alkoi;1
1328;37/2024;2024_37_63;arvoisa;1
1328;37/2024;2024_37_63;banaanivaltioon;1
1328;37/2024;2024_37_63;budjetista;1
1328;37/2024;2024_37_63;diabeteksen;1
1328;37/2024;2024_37_63;ei;2
1328;37/2024;2024_37_63;enää;1
1328;37/2024;2024_37_63;ettei;2
1328;37/2024;2024_37_63;että;4
1328;37/2024;2024_37_63;haatainen;1
1328;37/2024;2024_37_63;helsingin;1
1328;37/2024;2024_37_63;hän;1
1328;37/2024;2024_37_63;ja;3
1328;37/2024;2024_37_63;johonkin;1
1328;37/2024;2024_37_63;joudutaan;1
1328;37/2024;2024_37_63;juttu;1
1328;37/2024;2024_37_63;kansantauteihin;1
1328;37/2024;2024_37_63;kansantautien;1
1328;37/2024;2024_37_63;kertoi;1
1328;37/2024;2024_37_63;kolesterolin;1
1328;37/2024;2024_37_63;korkean;1
1328;37/2024;2024_37_63;kosketa;1
1328;37/2024;2024_37_63;kuitenkin;1
1328;37/2024;2024_37_63;kun;1
1328;37/2024;2024_37_63;leikkaamassa;1
1328;37/2024;2024_37_63;liukumassa;1
1328;37/2024;2024_37_63;luopumaan;1
1328;37/2024;2024_37_63;mahdollista;1
1328;37/2024;2024_37_63;mehän;1
1328;37/2024;2024_37_63;mietin;1
1328;37/2024;2024_37_63;miten;1
1328;37/2024;2024_37_63;mitään;1
1328;37/2024;2024_37_63;muiden;1
1328;37/2024;2024_37_63;naurua;1
1328;37/2024;2024_37_63;olette;1
1328;37/2024;2024_37_63;oli;1
1328;37/2024;2024_37_63;ollaan;1
1328;37/2024;2024_37_63;on;1
1328;37/2024;2024_37_63;pandemioita;1
1328;37/2024;2024_37_63;perola;2
1328;37/2024;2024_37_63;pitää;1
1328;37/2024;2024_37_63;prosenttia;1
1328;37/2024;2024_37_63;puhemies;1
1328;37/2024;2024_37_63;ryhmästä;1
1328;37/2024;2024_37_63;sanoi;1
1328;37/2024;2024_37_63;sanomissa;1
1328;37/2024;2024_37_63;siitä;1
1328;37/2024;2024_37_63;talman;1
1328;37/2024;2024_37_63;thln;1
1328;37/2024;2024_37_63;thlssä;1
1328;37/2024;2024_37_63;thlstä;1
1328;37/2024;2024_37_63;tiedä;1
1328;37/2024;2024_37_63;toivoa;1
1328;37/2024;2024_37_63;toivotaan;1
1328;37/2024;2024_37_63;tule;2
1328;37/2024;2024_37_63;tutkimuksesta;1
1328;37/2024;2024_37_63;tutkimusprofessori;1
1328;37/2024;2024_37_63;tutkitaanko;1
1328;37/2024;2024_37_63;tuula;1
1328;37/2024;2024_37_63;tämä;2
1328;37/2024;2024_37_63;tänään;1
1328;37/2024;2024_37_63;vasemmiston;1
1328;37/2024;2024_37_63;ärade;1
1328;38/2019;2019_38_53;ajan;1
1328;38/2019;2019_38_53;arvoisa;1
1328;38/2019;2019_38_53;asiat;1
1328;38/2019;2019_38_53;edistyneet;1
1328;38/2019;2019_38_53;edistytään;1
1328;38/2019;2019_38_53;ei;1
1328;38/2019;2019_38_53;eikä;1
1328;38/2019;2019_38_53;eilen;1
1328;38/2019;2019_38_53;että;1
1328;38/2019;2019_38_53;hallitukselta;1
1328;38/2019;2019_38_53;hetkellä;1
1328;38/2019;2019_38_53;höttöä;1
1328;38/2019;2019_38_53;ilmastonmuutoksesta;1
1328;38/2019;2019_38_53;ja;1
1328;38/2019;2019_38_53;kaikissa;1
1328;38/2019;2019_38_53;katsomaan;1
1328;38/2019;2019_38_53;keskusteltu;1
1328;38/2019;2019_38_53;koko;1
1328;38/2019;2019_38_53;konkreettisia;1
1328;38/2019;2019_38_53;kysynyt;1
1328;38/2019;2019_38_53;millä;1
1328;38/2019;2019_38_53;minkäännäköisiä;1
1328;38/2019;2019_38_53;miten;2
1328;38/2019;2019_38_53;mittareita;2
1328;38/2019;2019_38_53;mitä;1
1328;38/2019;2019_38_53;mitään;1
1328;38/2019;2019_38_53;new;1
1328;38/2019;2019_38_53;nyt;1
1328;38/2019;2019_38_53;näissä;1
1328;38/2019;2019_38_53;ole;1
1328;38/2019;2019_38_53;olisin;1
1328;38/2019;2019_38_53;on;2
1328;38/2019;2019_38_53;onko;1
1328;38/2019;2019_38_53;ovat;1
1328;38/2019;2019_38_53;paljon;1
1328;38/2019;2019_38_53;projekteissa;1
1328;38/2019;2019_38_53;puhemies;1
1328;38/2019;2019_38_53;puhutaan;1
1328;38/2019;2019_38_53;puhuttiin;1
1328;38/2019;2019_38_53;rouva;1
1328;38/2019;2019_38_53;se;1
1328;38/2019;2019_38_53;semmoista;1
1328;38/2019;2019_38_53;siitä;1
1328;38/2019;2019_38_53;te;1
1328;38/2019;2019_38_53;tehdään;1
1328;38/2019;2019_38_53;teidän;1
1328;38/2019;2019_38_53;teillä;1
1328;38/2019;2019_38_53;tiedetä;1
1328;38/2019;2019_38_53;tulette;1
1328;38/2019;2019_38_53;tulevaisuudessa;1
1328;38/2019;2019_38_53;tällä;1
1328;38/2019;2019_38_53;vain;1
1328;38/2019;2019_38_53;yorkissa;1
1328;38/2022;2022_38_88;aiheuttamia;1
1328;38/2022;2022_38_88;ainakaan;1
1328;38/2022;2022_38_88;ainakin;1
1328;38/2022;2022_38_88;allokoida;1
1328;38/2022;2022_38_88;alueille;1
1328;38/2022;2022_38_88;alusta;1
1328;38/2022;2022_38_88;arvoisa;2
1328;38/2022;2022_38_88;ei;3
1328;38/2022;2022_38_88;ensi;1
1328;38/2022;2022_38_88;ettei;1
1328;38/2022;2022_38_88;euroa;1
1328;38/2022;2022_38_88;hallituksen;1
1328;38/2022;2022_38_88;he;1
1328;38/2022;2022_38_88;henkilökuntaa;1
1328;38/2022;2022_38_88;hoitajien;3
1328;38/2022;2022_38_88;hoitojonoja;1
1328;38/2022;2022_38_88;hoitoonpääsyä;1
1328;38/2022;2022_38_88;hyvinvointialueiden;1
1328;38/2022;2022_38_88;hyvinvointialueille;1
1328;38/2022;2022_38_88;ihmisten;2
1328;38/2022;2022_38_88;irtisanomaan;1
1328;38/2022;2022_38_88;ja;2
1328;38/2022;2022_38_88;joko;1
1328;38/2022;2022_38_88;joutuvat;1
1328;38/2022;2022_38_88;kehysriihessä;1
1328;38/2022;2022_38_88;kertoo;1
1328;38/2022;2022_38_88;koronan;1
1328;38/2022;2022_38_88;koska;1
1328;38/2022;2022_38_88;kuitenkin;1
1328;38/2022;2022_38_88;kuntien;1
1328;38/2022;2022_38_88;lakko;2
1328;38/2022;2022_38_88;lomauttamaan;1
1328;38/2022;2022_38_88;loppumaan;1
1328;38/2022;2022_38_88;löytyvät;1
1328;38/2022;2022_38_88;maksaa;1
1328;38/2022;2022_38_88;mikäli;1
1328;38/2022;2022_38_88;mistä;1
1328;38/2022;2022_38_88;niihin;1
1328;38/2022;2022_38_88;nopeuta;1
1328;38/2022;2022_38_88;ole;1
1328;38/2022;2022_38_88;olisi;1
1328;38/2022;2022_38_88;on;2
1328;38/2022;2022_38_88;pahentaa;1
1328;38/2022;2022_38_88;palkankorotukset;1
1328;38/2022;2022_38_88;palkankorotuksiin;2
1328;38/2022;2022_38_88;palkkaharmonisaatioon;2
1328;38/2022;2022_38_88;pitänyt;1
1328;38/2022;2022_38_88;puhemies;1
1328;38/2022;2022_38_88;pystyä;1
1328;38/2022;2022_38_88;rahaa;1
1328;38/2022;2022_38_88;rahat;1
1328;38/2022;2022_38_88;saarikko;1
1328;38/2022;2022_38_88;saatava;1
1328;38/2022;2022_38_88;se;2
1328;38/2022;2022_38_88;sote-alan;1
1328;38/2022;2022_38_88;suoraan;1
1328;38/2022;2022_38_88;tai;3
1328;38/2022;2022_38_88;talman;1
1328;38/2022;2022_38_88;talouspolitiikasta;1
1328;38/2022;2022_38_88;terveys;1
1328;38/2022;2022_38_88;tämä;2
1328;38/2022;2022_38_88;tämän;1
1328;38/2022;2022_38_88;tänä;1
1328;38/2022;2022_38_88;tärkeää;1
1328;38/2022;2022_38_88;valtio;1
1328;38/2022;2022_38_88;valtionosuuksina;1
1328;38/2022;2022_38_88;valtiovarainministeri;1
1328;38/2022;2022_38_88;varattu;1
1328;38/2022;2022_38_88;varauduttu;1
1328;38/2022;2022_38_88;vuoden;1
1328;38/2022;2022_38_88;vuonna;1
1328;38/2022;2022_38_88;välttämään;1
1328;38/2022;2022_38_88;yhtään;1
1328;38/2022;2022_38_88;ärade;1
1328;38/2023;2023_38_96;aina;1
1328;38/2023;2023_38_96;ajan;1
1328;38/2023;2023_38_96;annika;2
1328;38/2023;2023_38_96;arvoisa;1
1328;38/2023;2023_38_96;asia;1
1328;38/2023;2023_38_96;automaattisesti;1
1328;38/2023;2023_38_96;ei;3
1328;38/2023;2023_38_96;eihän;1
1328;38/2023;2023_38_96;eikä;1
1328;38/2023;2023_38_96;eivät;1
1328;38/2023;2023_38_96;en;1
1328;38/2023;2023_38_96;enemmän;1
1328;38/2023;2023_38_96;ensin;1
1328;38/2023;2023_38_96;esimerkiksi;1
1328;38/2023;2023_38_96;että;5
1328;38/2023;2023_38_96;euroa;1
1328;38/2023;2023_38_96;hallitus;2
1328;38/2023;2023_38_96;halua;2
1328;38/2023;2023_38_96;hoitojonot;1
1328;38/2023;2023_38_96;hoitoon;1
1328;38/2023;2023_38_96;hän;1
1328;38/2023;2023_38_96;ihan;1
1328;38/2023;2023_38_96;ihmeellinen;1
1328;38/2023;2023_38_96;ihmiset;1
1328;38/2023;2023_38_96;ihmisiä;1
1328;38/2023;2023_38_96;ja;6
1328;38/2023;2023_38_96;johtaja;1
1328;38/2023;2023_38_96;johtajat;1
1328;38/2023;2023_38_96;joku;1
1328;38/2023;2023_38_96;jonnekin;1
1328;38/2023;2023_38_96;jos;1
1328;38/2023;2023_38_96;josta;1
1328;38/2023;2023_38_96;jota;1
1328;38/2023;2023_38_96;jotain;1
1328;38/2023;2023_38_96;jäljelle;1
1328;38/2023;2023_38_96;järkeä;1
1328;38/2023;2023_38_96;jää;1
1328;38/2023;2023_38_96;koko;1
1328;38/2023;2023_38_96;koputtaa;1
1328;38/2023;2023_38_96;kuin;3
1328;38/2023;2023_38_96;kukaan;1
1328;38/2023;2023_38_96;kun;1
1328;38/2023;2023_38_96;kurviselle;1
1328;38/2023;2023_38_96;kuusi;1
1328;38/2023;2023_38_96;kuussa;1
1328;38/2023;2023_38_96;kyllästyvät;1
1328;38/2023;2023_38_96;kysytään;1
1328;38/2023;2023_38_96;meinaatteko;1
1328;38/2023;2023_38_96;minulta;1
1328;38/2023;2023_38_96;minut;1
1328;38/2023;2023_38_96;missään;1
1328;38/2023;2023_38_96;mitä;1
1328;38/2023;2023_38_96;mitään;1
1328;38/2023;2023_38_96;mutta;2
1328;38/2023;2023_38_96;muualla;1
1328;38/2023;2023_38_96;naurua;1
1328;38/2023;2023_38_96;niillä;1
1328;38/2023;2023_38_96;niin;1
1328;38/2023;2023_38_96;niitä;1
1328;38/2023;2023_38_96;nousee;1
1328;38/2023;2023_38_96;näin;1
1328;38/2023;2023_38_96;oikeasti;1
1328;38/2023;2023_38_96;ole;2
1328;38/2023;2023_38_96;on;6
1328;38/2023;2023_38_96;ovat;1
1328;38/2023;2023_38_96;paljon;1
1328;38/2023;2023_38_96;palkka;1
1328;38/2023;2023_38_96;palkkaa;1
1328;38/2023;2023_38_96;penkille;1
1328;38/2023;2023_38_96;pitkiä;1
1328;38/2023;2023_38_96;pitää;1
1328;38/2023;2023_38_96;puhemies;2
1328;38/2023;2023_38_96;puhuttu;1
1328;38/2023;2023_38_96;pykälä;1
1328;38/2023;2023_38_96;pystyy;1
1328;38/2023;2023_38_96;pääministeri;1
1328;38/2023;2023_38_96;pääse;1
1328;38/2023;2023_38_96;saa;1
1328;38/2023;2023_38_96;saada;1
1328;38/2023;2023_38_96;saarikko;2
1328;38/2023;2023_38_96;saavat;1
1328;38/2023;2023_38_96;sairaanhoitopiirien;1
1328;38/2023;2023_38_96;saman;1
1328;38/2023;2023_38_96;sanoa;1
1328;38/2023;2023_38_96;satakunnassa;1
1328;38/2023;2023_38_96;se;2
1328;38/2023;2023_38_96;siellä;1
1328;38/2023;2023_38_96;siihen;1
1328;38/2023;2023_38_96;siis;1
1328;38/2023;2023_38_96;sinne;1
1328;38/2023;2023_38_96;sote-alueilla;1
1328;38/2023;2023_38_96;sotesta;1
1328;38/2023;2023_38_96;suljetaan;2
1328;38/2023;2023_38_96;suututtaa;1
1328;38/2023;2023_38_96;syntisten;1
1328;38/2023;2023_38_96;talman;1
1328;38/2023;2023_38_96;te;1
1328;38/2023;2023_38_96;tehdä;1
1328;38/2023;2023_38_96;tekee;1
1328;38/2023;2023_38_96;terveyskeskuksia;1
1328;38/2023;2023_38_96;terveyskeskusta;1
1328;38/2023;2023_38_96;tiedän;1
1328;38/2023;2023_38_96;todettu;1
1328;38/2023;2023_38_96;toimisi;1
1328;38/2023;2023_38_96;toinen;1
1328;38/2023;2023_38_96;toiseksi;1
1328;38/2023;2023_38_96;toisen;1
1328;38/2023;2023_38_96;tähän;1
1328;38/2023;2023_38_96;tälle;1
1328;38/2023;2023_38_96;tämmöinen;1
1328;38/2023;2023_38_96;tämä;1
1328;38/2023;2023_38_96;tänään;1
1328;38/2023;2023_38_96;tässä;1
1328;38/2023;2023_38_96;vaikuttamaan;1
1328;38/2023;2023_38_96;vastata;1
1328;38/2023;2023_38_96;vastuussa;1
1328;38/2023;2023_38_96;verran;1
1328;38/2023;2023_38_96;vielä;1
1328;38/2023;2023_38_96;yksi;2
1328;38/2023;2023_38_96;yrittää;1
1328;38/2023;2023_38_96;yritysmaailmassa;1
1328;38/2023;2023_38_96;ärade;1
1328;39/2023;2023_39_17;aika;2
1328;39/2023;2023_39_17;aikaa;1
1328;39/2023;2023_39_17;aikaan;2
1328;39/2023;2023_39_17;aikaiseksi;1
1328;39/2023;2023_39_17;aikanaan;1
1328;39/2023;2023_39_17;aivan;1
1328;39/2023;2023_39_17;ajatus;1
1328;39/2023;2023_39_17;alennetaan;1
1328;39/2023;2023_39_17;alentaa;1
1328;39/2023;2023_39_17;alentaneet;1
1328;39/2023;2023_39_17;alkaa;1
1328;39/2023;2023_39_17;alkaneet;1
1328;39/2023;2023_39_17;alkavat;1
1328;39/2023;2023_39_17;alta;1
1328;39/2023;2023_39_17;ansio;1
1328;39/2023;2023_39_17;arvoisa;6
1328;39/2023;2023_39_17;asiamme;1
1328;39/2023;2023_39_17;asiat;1
1328;39/2023;2023_39_17;asioita;1
1328;39/2023;2023_39_17;aurinkoa;1
1328;39/2023;2023_39_17;auta;1
1328;39/2023;2023_39_17;ay-liike;1
1328;39/2023;2023_39_17;budjetin;1
1328;39/2023;2023_39_17;budjetti;1
1328;39/2023;2023_39_17;demarit;1
1328;39/2023;2023_39_17;digitalisaatioon;1
1328;39/2023;2023_39_17;ehdi;1
1328;39/2023;2023_39_17;ehkä;1
1328;39/2023;2023_39_17;ei;9
1328;39/2023;2023_39_17;eikä;1
1328;39/2023;2023_39_17;eivät;1
1328;39/2023;2023_39_17;elinkeinoomme;1
1328;39/2023;2023_39_17;elokuun;1
1328;39/2023;2023_39_17;emme;1
1328;39/2023;2023_39_17;enemmän;1
1328;39/2023;2023_39_17;energiaa;1
1328;39/2023;2023_39_17;energiamurrokseen;1
1328;39/2023;2023_39_17;energiamurrosta;1
1328;39/2023;2023_39_17;energian;1
1328;39/2023;2023_39_17;ennen;1
1328;39/2023;2023_39_17;ennustaa;1
1328;39/2023;2023_39_17;ennustavat;1
1328;39/2023;2023_39_17;ennusteet;1
1328;39/2023;2023_39_17;ensi;3
1328;39/2023;2023_39_17;ensimmäinen;1
1328;39/2023;2023_39_17;erittäin;2
1328;39/2023;2023_39_17;erityistalousalueita;1
1328;39/2023;2023_39_17;esimerkiksi;1
1328;39/2023;2023_39_17;eteenpäin;1
1328;39/2023;2023_39_17;että;12
1328;39/2023;2023_39_17;euroa;4
1328;39/2023;2023_39_17;eurolla;1
1328;39/2023;2023_39_17;finanssikriisissä;1
1328;39/2023;2023_39_17;hallituksen;1
1328;39/2023;2023_39_17;hallitus;4
1328;39/2023;2023_39_17;hallitusvastuussa;1
1328;39/2023;2023_39_17;halpaa;1
1328;39/2023;2023_39_17;haluamme;1
1328;39/2023;2023_39_17;he;1
1328;39/2023;2023_39_17;heillä;1
1328;39/2023;2023_39_17;heittää;1
1328;39/2023;2023_39_17;herättää;1
1328;39/2023;2023_39_17;heräämme;1
1328;39/2023;2023_39_17;hoito;1
1328;39/2023;2023_39_17;hoivaa;1
1328;39/2023;2023_39_17;hokea;2
1328;39/2023;2023_39_17;houkuteltua;1
1328;39/2023;2023_39_17;huolissani;1
1328;39/2023;2023_39_17;huoltovarmuudesta;1
1328;39/2023;2023_39_17;huonosti;1
1328;39/2023;2023_39_17;hyvin;2
1328;39/2023;2023_39_17;ihan;1
1328;39/2023;2023_39_17;ihmiset;1
1328;39/2023;2023_39_17;ihmisille;1
1328;39/2023;2023_39_17;ihmisiä;1
1328;39/2023;2023_39_17;ihmistä;1
1328;39/2023;2023_39_17;ikävät;1
1328;39/2023;2023_39_17;ilmastosta;1
1328;39/2023;2023_39_17;investoi;1
1328;39/2023;2023_39_17;investoimaan;1
1328;39/2023;2023_39_17;investointeja;3
1328;39/2023;2023_39_17;investointien;1
1328;39/2023;2023_39_17;irlanti;1
1328;39/2023;2023_39_17;isoja;1
1328;39/2023;2023_39_17;itsemme;1
1328;39/2023;2023_39_17;itsenäisyys;1
1328;39/2023;2023_39_17;itsestään;1
1328;39/2023;2023_39_17;ja;32
1328;39/2023;2023_39_17;jalkaansa;1
1328;39/2023;2023_39_17;jalostusarvoa;2
1328;39/2023;2023_39_17;jatkaisi;1
1328;39/2023;2023_39_17;jatkuvasti;1
1328;39/2023;2023_39_17;jo;2
1328;39/2023;2023_39_17;johtuu;1
1328;39/2023;2023_39_17;jokainen;1
1328;39/2023;2023_39_17;jokaiselle;1
1328;39/2023;2023_39_17;jolla;1
1328;39/2023;2023_39_17;jonne;1
1328;39/2023;2023_39_17;jopa;1
1328;39/2023;2023_39_17;jos;2
1328;39/2023;2023_39_17;jostakin;1
1328;39/2023;2023_39_17;jotain;1
1328;39/2023;2023_39_17;jotakin;1
1328;39/2023;2023_39_17;julkinen;1
1328;39/2023;2023_39_17;julkisessa;1
1328;39/2023;2023_39_17;julkista;1
1328;39/2023;2023_39_17;junarataan;1
1328;39/2023;2023_39_17;juuri;1
1328;39/2023;2023_39_17;järjestelmän;1
1328;39/2023;2023_39_17;kahta;1
1328;39/2023;2023_39_17;kaiken;1
1328;39/2023;2023_39_17;kaikki;3
1328;39/2023;2023_39_17;kaikkien;1
1328;39/2023;2023_39_17;kaipaavia;1
1328;39/2023;2023_39_17;kannustaa;2
1328;39/2023;2023_39_17;kansainväliseen;1
1328;39/2023;2023_39_17;kansalaiset;1
1328;39/2023;2023_39_17;kansalla;1
1328;39/2023;2023_39_17;karuja;1
1328;39/2023;2023_39_17;kasva;1
1328;39/2023;2023_39_17;kasvaa;2
1328;39/2023;2023_39_17;kasvanut;1
1328;39/2023;2023_39_17;kasvua;2
1328;39/2023;2023_39_17;kasvuajattelu;1
1328;39/2023;2023_39_17;kasvusta;1
1328;39/2023;2023_39_17;kasvuun;4
1328;39/2023;2023_39_17;kauan;1
1328;39/2023;2023_39_17;kautta;1
1328;39/2023;2023_39_17;kehitystä;1
1328;39/2023;2023_39_17;kertovat;1
1328;39/2023;2023_39_17;keskisuuret;1
1328;39/2023;2023_39_17;keskisuurta;1
1328;39/2023;2023_39_17;kestävästä;1
1328;39/2023;2023_39_17;kiihtyy;1
1328;39/2023;2023_39_17;kiinni;1
1328;39/2023;2023_39_17;kiitos;2
1328;39/2023;2023_39_17;kilpailuetu;1
1328;39/2023;2023_39_17;kilpailukykyyn;1
1328;39/2023;2023_39_17;kohta;1
1328;39/2023;2023_39_17;koko;2
1328;39/2023;2023_39_17;kokoomus;2
1328;39/2023;2023_39_17;kolmen;1
1328;39/2023;2023_39_17;konkursseista;1
1328;39/2023;2023_39_17;konkurssi;1
1328;39/2023;2023_39_17;konkurssia;1
1328;39/2023;2023_39_17;korjaussarjasta;2
1328;39/2023;2023_39_17;koska;2
1328;39/2023;2023_39_17;kreikalla;1
1328;39/2023;2023_39_17;kreikan;1
1328;39/2023;2023_39_17;kuin;5
1328;39/2023;2023_39_17;kuinka;1
1328;39/2023;2023_39_17;kun;3
1328;39/2023;2023_39_17;kunniapaikalle;1
1328;39/2023;2023_39_17;kuntoon;2
1328;39/2023;2023_39_17;kuoliaaksi;1
1328;39/2023;2023_39_17;kuten;1
1328;39/2023;2023_39_17;kuuluu;1
1328;39/2023;2023_39_17;kyse;1
1328;39/2023;2023_39_17;kysymyksiä;1
1328;39/2023;2023_39_17;kysymään;2
1328;39/2023;2023_39_17;kärsivät;1
1328;39/2023;2023_39_17;käsittämätöntä;1
1328;39/2023;2023_39_17;käynnistämisessä;1
1328;39/2023;2023_39_17;käyttöön;1
1328;39/2023;2023_39_17;laitettiin;1
1328;39/2023;2023_39_17;laittamaan;1
1328;39/2023;2023_39_17;lamassa;1
1328;39/2023;2023_39_17;lannoitteiden;1
1328;39/2023;2023_39_17;leikkausjonoissa;1
1328;39/2023;2023_39_17;lisäksi;1
1328;39/2023;2023_39_17;lisätty;1
1328;39/2023;2023_39_17;lisätään;1
1328;39/2023;2023_39_17;lisää;2
1328;39/2023;2023_39_17;loitolla;1
1328;39/2023;2023_39_17;loppuun;1
1328;39/2023;2023_39_17;lujilla;1
1328;39/2023;2023_39_17;lukuun;1
1328;39/2023;2023_39_17;luottamus;1
1328;39/2023;2023_39_17;luvut;1
1328;39/2023;2023_39_17;lyö;1
1328;39/2023;2023_39_17;lähdetään;1
1328;39/2023;2023_39_17;lähi-idän;1
1328;39/2023;2023_39_17;löytyy;1
1328;39/2023;2023_39_17;löytää;1
1328;39/2023;2023_39_17;maahanmuutosta;1
1328;39/2023;2023_39_17;maataloudessa;1
1328;39/2023;2023_39_17;maksettavaa;2
1328;39/2023;2023_39_17;meidän;3
1328;39/2023;2023_39_17;meidänkin;1
1328;39/2023;2023_39_17;meillä;2
1328;39/2023;2023_39_17;menee;2
1328;39/2023;2023_39_17;mennessä;1
1328;39/2023;2023_39_17;mennä;1
1328;39/2023;2023_39_17;menoja;1
1328;39/2023;2023_39_17;menolla;1
1328;39/2023;2023_39_17;mihin;1
1328;39/2023;2023_39_17;mikä;1
1328;39/2023;2023_39_17;miljardi;1
1328;39/2023;2023_39_17;miljardia;3
1328;39/2023;2023_39_17;miljardilla;1
1328;39/2023;2023_39_17;millä;1
1328;39/2023;2023_39_17;minuuttia;1
1328;39/2023;2023_39_17;mistä;1
1328;39/2023;2023_39_17;miten;1
1328;39/2023;2023_39_17;mitä;2
1328;39/2023;2023_39_17;mitään;3
1328;39/2023;2023_39_17;molemmat;1
1328;39/2023;2023_39_17;muassa;1
1328;39/2023;2023_39_17;mukana;1
1328;39/2023;2023_39_17;murroksen;1
1328;39/2023;2023_39_17;mutta;1
1328;39/2023;2023_39_17;muun;1
1328;39/2023;2023_39_17;muuta;1
1328;39/2023;2023_39_17;muuttunut;1
1328;39/2023;2023_39_17;myymällä;1
1328;39/2023;2023_39_17;myymään;1
1328;39/2023;2023_39_17;myös;3
1328;39/2023;2023_39_17;naurata;1
1328;39/2023;2023_39_17;naureskeltiin;1
1328;39/2023;2023_39_17;neljällä;1
1328;39/2023;2023_39_17;neljässä;1
1328;39/2023;2023_39_17;niiden;1
1328;39/2023;2023_39_17;niin;4
1328;39/2023;2023_39_17;niitä;2
1328;39/2023;2023_39_17;nollaa;1
1328;39/2023;2023_39_17;nopeammin;1
1328;39/2023;2023_39_17;nordea;1
1328;39/2023;2023_39_17;nostaa;2
1328;39/2023;2023_39_17;nostavia;1
1328;39/2023;2023_39_17;nouse;1
1328;39/2023;2023_39_17;nyt;8
1328;39/2023;2023_39_17;nämä;1
1328;39/2023;2023_39_17;oikeasti;3
1328;39/2023;2023_39_17;oikein;2
1328;39/2023;2023_39_17;oikeudenmukaisuudesta;1
1328;39/2023;2023_39_17;ole;4
1328;39/2023;2023_39_17;olemme;2
1328;39/2023;2023_39_17;olen;1
1328;39/2023;2023_39_17;oletus;1
1328;39/2023;2023_39_17;olisi;2
1328;39/2023;2023_39_17;olla;1
1328;39/2023;2023_39_17;ollut;1
1328;39/2023;2023_39_17;omaa;1
1328;39/2023;2023_39_17;omaisuutta;1
1328;39/2023;2023_39_17;omat;1
1328;39/2023;2023_39_17;on;20
1328;39/2023;2023_39_17;op;1
1328;39/2023;2023_39_17;orpo;1
1328;39/2023;2023_39_17;orpon;2
1328;39/2023;2023_39_17;osinkoverotuksessa;1
1328;39/2023;2023_39_17;otetaan;2
1328;39/2023;2023_39_17;ottamatta;1
1328;39/2023;2023_39_17;ottanut;1
1328;39/2023;2023_39_17;ovat;3
1328;39/2023;2023_39_17;pakko;1
1328;39/2023;2023_39_17;paljon;2
1328;39/2023;2023_39_17;palkkaamaan;1
1328;39/2023;2023_39_17;pankit;1
1328;39/2023;2023_39_17;panna;2
1328;39/2023;2023_39_17;pannaan;1
1328;39/2023;2023_39_17;panokset;1
1328;39/2023;2023_39_17;perustamalla;1
1328;39/2023;2023_39_17;perustuu;1
1328;39/2023;2023_39_17;pidettävä;1
1328;39/2023;2023_39_17;pienellä;1
1328;39/2023;2023_39_17;pienet;1
1328;39/2023;2023_39_17;pistää;2
1328;39/2023;2023_39_17;pitäisi;3
1328;39/2023;2023_39_17;pitää;10
1328;39/2023;2023_39_17;poliittisen;1
1328;39/2023;2023_39_17;portugalilla;1
1328;39/2023;2023_39_17;portugalin;1
1328;39/2023;2023_39_17;prosentin;1
1328;39/2023;2023_39_17;prosenttiin;1
1328;39/2023;2023_39_17;puheet;1
1328;39/2023;2023_39_17;puhemies;6
1328;39/2023;2023_39_17;puhtaan;1
1328;39/2023;2023_39_17;puhua;1
1328;39/2023;2023_39_17;puhui;1
1328;39/2023;2023_39_17;puhutaan;1
1328;39/2023;2023_39_17;puhuttu;1
1328;39/2023;2023_39_17;puhuu;1
1328;39/2023;2023_39_17;puolet;1
1328;39/2023;2023_39_17;pystyvää;1
1328;39/2023;2023_39_17;pääministeri;2
1328;39/2023;2023_39_17;pääomatulojen;1
1328;39/2023;2023_39_17;pääsee;1
1328;39/2023;2023_39_17;päätökset;1
1328;39/2023;2023_39_17;päätöksillä;1
1328;39/2023;2023_39_17;raja;1
1328;39/2023;2023_39_17;ratamiljardit;1
1328;39/2023;2023_39_17;rikki;2
1328;39/2023;2023_39_17;romukoppaan;1
1328;39/2023;2023_39_17;ruotsissa;1
1328;39/2023;2023_39_17;saa;1
1328;39/2023;2023_39_17;saada;1
1328;39/2023;2023_39_17;saadaan;1
1328;39/2023;2023_39_17;saavat;2
1328;39/2023;2023_39_17;sahaavat;1
1328;39/2023;2023_39_17;sairaita;1
1328;39/2023;2023_39_17;saksalaiselle;1
1328;39/2023;2023_39_17;sama;2
1328;39/2023;2023_39_17;samaan;1
1328;39/2023;2023_39_17;samalla;1
1328;39/2023;2023_39_17;saman;1
1328;39/2023;2023_39_17;sanoa;1
1328;39/2023;2023_39_17;satamat;1
1328;39/2023;2023_39_17;se;5
1328;39/2023;2023_39_17;seis;1
1328;39/2023;2023_39_17;sekavaa;1
1328;39/2023;2023_39_17;sen;1
1328;39/2023;2023_39_17;seurata;1
1328;39/2023;2023_39_17;siihen;2
1328;39/2023;2023_39_17;siirtymästä;1
1328;39/2023;2023_39_17;siitä;2
1328;39/2023;2023_39_17;sijoittaa;1
1328;39/2023;2023_39_17;silloin;1
1328;39/2023;2023_39_17;sinne;1
1328;39/2023;2023_39_17;sitten;2
1328;39/2023;2023_39_17;sitä;1
1328;39/2023;2023_39_17;sote;1
1328;39/2023;2023_39_17;soten;1
1328;39/2023;2023_39_17;suomalaiset;2
1328;39/2023;2023_39_17;suomalaisia;1
1328;39/2023;2023_39_17;suomalaisten;1
1328;39/2023;2023_39_17;suomea;1
1328;39/2023;2023_39_17;suomeksi;1
1328;39/2023;2023_39_17;suomella;1
1328;39/2023;2023_39_17;suomen;1
1328;39/2023;2023_39_17;suomessa;2
1328;39/2023;2023_39_17;suomesta;1
1328;39/2023;2023_39_17;suomi;3
1328;39/2023;2023_39_17;suunnasta;1
1328;39/2023;2023_39_17;suurta;1
1328;39/2023;2023_39_17;suurvalta;1
1328;39/2023;2023_39_17;sääntelemässä;1
1328;39/2023;2023_39_17;säästöjä;1
1328;39/2023;2023_39_17;ta;1
1328;39/2023;2023_39_17;tahti;1
1328;39/2023;2023_39_17;tai;4
1328;39/2023;2023_39_17;talman;5
1328;39/2023;2023_39_17;taloudellinen;1
1328;39/2023;2023_39_17;talouden;1
1328;39/2023;2023_39_17;taloudessa;1
1328;39/2023;2023_39_17;talouksille;1
1328;39/2023;2023_39_17;talous;4
1328;39/2023;2023_39_17;talouskasvun;1
1328;39/2023;2023_39_17;talouskasvuun;1
1328;39/2023;2023_39_17;talouspuolueena;1
1328;39/2023;2023_39_17;tapahtumia;1
1328;39/2023;2023_39_17;tarkoittaa;1
1328;39/2023;2023_39_17;tarvitse;1
1328;39/2023;2023_39_17;tarvitsemme;1
1328;39/2023;2023_39_17;tarvittaisiin;1
1328;39/2023;2023_39_17;tarvittavien;1
1328;39/2023;2023_39_17;tasan;1
1328;39/2023;2023_39_17;tasapainoon;1
1328;39/2023;2023_39_17;tasapainotetaan;1
1328;39/2023;2023_39_17;tasapainotusta;1
1328;39/2023;2023_39_17;tasolle;1
1328;39/2023;2023_39_17;tehdä;1
1328;39/2023;2023_39_17;tehdään;1
1328;39/2023;2023_39_17;tekee;2
1328;39/2023;2023_39_17;tekoälyyn;1
1328;39/2023;2023_39_17;teollisuudelle;1
1328;39/2023;2023_39_17;teollisuutemme;1
1328;39/2023;2023_39_17;tilaa;1
1328;39/2023;2023_39_17;tilanteessa;1
1328;39/2023;2023_39_17;tilastot;1
1328;39/2023;2023_39_17;tippaakaan;1
1328;39/2023;2023_39_17;toimivuuteen;1
1328;39/2023;2023_39_17;toiveiden;1
1328;39/2023;2023_39_17;tuhannen;1
1328;39/2023;2023_39_17;tuhlausta;1
1328;39/2023;2023_39_17;tulla;1
1328;39/2023;2023_39_17;tunne;1
1328;39/2023;2023_39_17;tuntuu;1
1328;39/2023;2023_39_17;tuotannon;1
1328;39/2023;2023_39_17;tuottavaa;1
1328;39/2023;2023_39_17;tuottavampia;1
1328;39/2023;2023_39_17;tuotteidemme;1
1328;39/2023;2023_39_17;turun;1
1328;39/2023;2023_39_17;turvallisuus;1
1328;39/2023;2023_39_17;tuulta;1
1328;39/2023;2023_39_17;tynnyriin;1
1328;39/2023;2023_39_17;työ;1
1328;39/2023;2023_39_17;työelämää;1
1328;39/2023;2023_39_17;työntekijät;1
1328;39/2023;2023_39_17;työpaikat;1
1328;39/2023;2023_39_17;työpaikkoja;1
1328;39/2023;2023_39_17;työperäisestä;1
1328;39/2023;2023_39_17;tähdätä;2
1328;39/2023;2023_39_17;tällainen;1
1328;39/2023;2023_39_17;tällaista;1
1328;39/2023;2023_39_17;tällä;1
1328;39/2023;2023_39_17;tänä;1
1328;39/2023;2023_39_17;tärkeää;2
1328;39/2023;2023_39_17;tässä;1
1328;39/2023;2023_39_17;tästä;2
1328;39/2023;2023_39_17;tätä;1
1328;39/2023;2023_39_17;täydellisen;1
1328;39/2023;2023_39_17;töihin;2
1328;39/2023;2023_39_17;töitä;1
1328;39/2023;2023_39_17;ulkoinen;1
1328;39/2023;2023_39_17;uskoa;1
1328;39/2023;2023_39_17;uudistaa;1
1328;39/2023;2023_39_17;uusia;1
1328;39/2023;2023_39_17;uusimmat;1
1328;39/2023;2023_39_17;vaaleja;1
1328;39/2023;2023_39_17;vaarassa;1
1328;39/2023;2023_39_17;vaikea;1
1328;39/2023;2023_39_17;vaikka;4
1328;39/2023;2023_39_17;vain;2
1328;39/2023;2023_39_17;valtion;1
1328;39/2023;2023_39_17;valtiovarainministeri;1
1328;39/2023;2023_39_17;valtiovarainministeriö;1
1328;39/2023;2023_39_17;valvomassa;1
1328;39/2023;2023_39_17;vanhuksia;1
1328;39/2023;2023_39_17;varaa;1
1328;39/2023;2023_39_17;varmasti;1
1328;39/2023;2023_39_17;varten;1
1328;39/2023;2023_39_17;vastakkainasettelun;1
1328;39/2023;2023_39_17;vastuunkannon;1
1328;39/2023;2023_39_17;vauhdittaa;1
1328;39/2023;2023_39_17;vaurastuvat;1
1328;39/2023;2023_39_17;vedä;1
1328;39/2023;2023_39_17;veivät;1
1328;39/2023;2023_39_17;velkaa;1
1328;39/2023;2023_39_17;velkaralli;2
1328;39/2023;2023_39_17;veroa;3
1328;39/2023;2023_39_17;veroja;1
1328;39/2023;2023_39_17;verotusta;1
1328;39/2023;2023_39_17;verran;1
1328;39/2023;2023_39_17;vettä;1
1328;39/2023;2023_39_17;viedä;1
1328;39/2023;2023_39_17;viedään;1
1328;39/2023;2023_39_17;viennin;1
1328;39/2023;2023_39_17;vienti;1
1328;39/2023;2023_39_17;vientiin;1
1328;39/2023;2023_39_17;vihreästä;1
1328;39/2023;2023_39_17;vireille;1
1328;39/2023;2023_39_17;viruvia;1
1328;39/2023;2023_39_17;voi;3
1328;39/2023;2023_39_17;voidaan;1
1328;39/2023;2023_39_17;voisimme;1
1328;39/2023;2023_39_17;voitoista;1
1328;39/2023;2023_39_17;voitosta;1
1328;39/2023;2023_39_17;voivat;1
1328;39/2023;2023_39_17;vuodelle;2
1328;39/2023;2023_39_17;vuoden;1
1328;39/2023;2023_39_17;vuodessa;2
1328;39/2023;2023_39_17;vuodesta;1
1328;39/2023;2023_39_17;vuonna;2
1328;39/2023;2023_39_17;vuoteen;1
1328;39/2023;2023_39_17;vuotta;2
1328;39/2023;2023_39_17;vähemmän;1
1328;39/2023;2023_39_17;väärään;1
1328;39/2023;2023_39_17;yhdenvertaisuudesta;1
1328;39/2023;2023_39_17;yhdessä;1
1328;39/2023;2023_39_17;yhteiskunta;1
1328;39/2023;2023_39_17;yhtenäisyydestä;1
1328;39/2023;2023_39_17;yhtä;2
1328;39/2023;2023_39_17;yhtäjaksoisesti;1
1328;39/2023;2023_39_17;ylijäämäisen;1
1328;39/2023;2023_39_17;ymmärtää;1
1328;39/2023;2023_39_17;yritetään;1
1328;39/2023;2023_39_17;yrittäminen;1
1328;39/2023;2023_39_17;yrittää;2
1328;39/2023;2023_39_17;yritykset;1
1328;39/2023;2023_39_17;yrityksiä;2
1328;39/2023;2023_39_17;yritys;2
1328;39/2023;2023_39_17;yritysten;2
1328;39/2023;2023_39_17;yritystä;1
1328;39/2023;2023_39_17;ärade;5
1328;4/2020;2020_4_12;aika;1
1328;4/2020;2020_4_12;aikaan;1
1328;4/2020;2020_4_12;aikaiseksi;2
1328;4/2020;2020_4_12;aina;1
1328;4/2020;2020_4_12;aiotaan;1
1328;4/2020;2020_4_12;ajatella;1
1328;4/2020;2020_4_12;ajattelevan;1
1328;4/2020;2020_4_12;ajattelevat;1
1328;4/2020;2020_4_12;alku;1
1328;4/2020;2020_4_12;annettiin;1
1328;4/2020;2020_4_12;arvoisa;3
1328;4/2020;2020_4_12;arvostaisivat;1
1328;4/2020;2020_4_12;asioita;3
1328;4/2020;2020_4_12;asunnonomistajien;1
1328;4/2020;2020_4_12;asuntojen;1
1328;4/2020;2020_4_12;asutettuna;1
1328;4/2020;2020_4_12;auttaa;1
1328;4/2020;2020_4_12;auttaisi;2
1328;4/2020;2020_4_12;d-viisumi;1
1328;4/2020;2020_4_12;edelleen;1
1328;4/2020;2020_4_12;edes;1
1328;4/2020;2020_4_12;ehdottanut;1
1328;4/2020;2020_4_12;ei;12
1328;4/2020;2020_4_12;eivät;6
1328;4/2020;2020_4_12;entisestään;1
1328;4/2020;2020_4_12;estäisi;1
1328;4/2020;2020_4_12;etsiä;1
1328;4/2020;2020_4_12;että;14
1328;4/2020;2020_4_12;etu;1
1328;4/2020;2020_4_12;hallituksella;1
1328;4/2020;2020_4_12;hallituksen;1
1328;4/2020;2020_4_12;hallitus;2
1328;4/2020;2020_4_12;hallitusohjelma;1
1328;4/2020;2020_4_12;hallituspuolueet;2
1328;4/2020;2020_4_12;he;1
1328;4/2020;2020_4_12;heti;1
1328;4/2020;2020_4_12;hintojen;1
1328;4/2020;2020_4_12;hoidossa;2
1328;4/2020;2020_4_12;homma;1
1328;4/2020;2020_4_12;hyvä;3
1328;4/2020;2020_4_12;ihmeellinen;1
1328;4/2020;2020_4_12;illuusiota;1
1328;4/2020;2020_4_12;ilmastokokous;1
1328;4/2020;2020_4_12;ilmastonmuutosta;1
1328;4/2020;2020_4_12;ilmastosta;1
1328;4/2020;2020_4_12;ilmastoteoista;1
1328;4/2020;2020_4_12;immonen;1
1328;4/2020;2020_4_12;innon;1
1328;4/2020;2020_4_12;investoida;1
1328;4/2020;2020_4_12;investoimaan;1
1328;4/2020;2020_4_12;investoivat;1
1328;4/2020;2020_4_12;isoja;1
1328;4/2020;2020_4_12;isoon;1
1328;4/2020;2020_4_12;istuvat;1
1328;4/2020;2020_4_12;itse;1
1328;4/2020;2020_4_12;itsensä;1
1328;4/2020;2020_4_12;itäjunat;1
1328;4/2020;2020_4_12;ja;15
1328;4/2020;2020_4_12;johtuu;1
1328;4/2020;2020_4_12;joitain;1
1328;4/2020;2020_4_12;jonka;1
1328;4/2020;2020_4_12;jos;4
1328;4/2020;2020_4_12;jotain;1
1328;4/2020;2020_4_12;jotka;1
1328;4/2020;2020_4_12;junat;1
1328;4/2020;2020_4_12;juttu;1
1328;4/2020;2020_4_12;järjen;1
1328;4/2020;2020_4_12;kaikki;1
1328;4/2020;2020_4_12;kannata;1
1328;4/2020;2020_4_12;kannattaisi;1
1328;4/2020;2020_4_12;kannattajat;1
1328;4/2020;2020_4_12;kannattajien;1
1328;4/2020;2020_4_12;kannatus;2
1328;4/2020;2020_4_12;kannustaisimme;1
1328;4/2020;2020_4_12;kauempaa;1
1328;4/2020;2020_4_12;kauniisti;1
1328;4/2020;2020_4_12;kaupunkien;1
1328;4/2020;2020_4_12;keskisuuret;1
1328;4/2020;2020_4_12;kipeitä;1
1328;4/2020;2020_4_12;kohtaamisessa;1
1328;4/2020;2020_4_12;konkreettisia;1
1328;4/2020;2020_4_12;konkreettisilla;1
1328;4/2020;2020_4_12;konkretiaa;1
1328;4/2020;2020_4_12;korottamalla;1
1328;4/2020;2020_4_12;koska;4
1328;4/2020;2020_4_12;kotitalouksia;1
1328;4/2020;2020_4_12;kovat;1
1328;4/2020;2020_4_12;kuin;1
1328;4/2020;2020_4_12;kun;2
1328;4/2020;2020_4_12;kuulkaa;1
1328;4/2020;2020_4_12;kuva;1
1328;4/2020;2020_4_12;kyllä;1
1328;4/2020;2020_4_12;käsien;1
1328;4/2020;2020_4_12;käsitys;1
1328;4/2020;2020_4_12;käyttöön;1
1328;4/2020;2020_4_12;lakot;1
1328;4/2020;2020_4_12;laskee;2
1328;4/2020;2020_4_12;laskuun;1
1328;4/2020;2020_4_12;liike;1
1328;4/2020;2020_4_12;liikenteen;1
1328;4/2020;2020_4_12;lisäksi;1
1328;4/2020;2020_4_12;lisättyä;1
1328;4/2020;2020_4_12;lopettaa;1
1328;4/2020;2020_4_12;lopunkin;1
1328;4/2020;2020_4_12;luo;1
1328;4/2020;2020_4_12;luota;1
1328;4/2020;2020_4_12;luoteta;1
1328;4/2020;2020_4_12;luottamusta;1
1328;4/2020;2020_4_12;luulevat;1
1328;4/2020;2020_4_12;lähteneet;1
1328;4/2020;2020_4_12;lääke;1
1328;4/2020;2020_4_12;maahanmuuttoa;1
1328;4/2020;2020_4_12;maailmalta;1
1328;4/2020;2020_4_12;mahdollisuudet;1
1328;4/2020;2020_4_12;maksaa;1
1328;4/2020;2020_4_12;meidän;1
1328;4/2020;2020_4_12;meillä;1
1328;4/2020;2020_4_12;menestyä;1
1328;4/2020;2020_4_12;mieti;1
1328;4/2020;2020_4_12;miettiä;1
1328;4/2020;2020_4_12;miksi;2
1328;4/2020;2020_4_12;mikä;1
1328;4/2020;2020_4_12;mitä;2
1328;4/2020;2020_4_12;mitään;2
1328;4/2020;2020_4_12;moneen;1
1328;4/2020;2020_4_12;monet;1
1328;4/2020;2020_4_12;monien;1
1328;4/2020;2020_4_12;muistaa;1
1328;4/2020;2020_4_12;mutta;3
1328;4/2020;2020_4_12;muuttavat;1
1328;4/2020;2020_4_12;myös;3
1328;4/2020;2020_4_12;ne;5
1328;4/2020;2020_4_12;niiden;3
1328;4/2020;2020_4_12;niin;1
1328;4/2020;2020_4_12;nimenomaan;1
1328;4/2020;2020_4_12;nopeasti;2
1328;4/2020;2020_4_12;nyt;6
1328;4/2020;2020_4_12;näitä;2
1328;4/2020;2020_4_12;oikeasti;1
1328;4/2020;2020_4_12;ole;1
1328;4/2020;2020_4_12;olemassa;1
1328;4/2020;2020_4_12;olisi;3
1328;4/2020;2020_4_12;olla;1
1328;4/2020;2020_4_12;olli;1
1328;4/2020;2020_4_12;on;12
1328;4/2020;2020_4_12;ongelmaan;1
1328;4/2020;2020_4_12;ongelmia;1
1328;4/2020;2020_4_12;osaamista;1
1328;4/2020;2020_4_12;osan;1
1328;4/2020;2020_4_12;osin;1
1328;4/2020;2020_4_12;ovat;1
1328;4/2020;2020_4_12;paikallista;1
1328;4/2020;2020_4_12;pakko;2
1328;4/2020;2020_4_12;palkita;2
1328;4/2020;2020_4_12;palkkatuki;1
1328;4/2020;2020_4_12;palkoista;1
1328;4/2020;2020_4_12;parasta;1
1328;4/2020;2020_4_12;parempi;2
1328;4/2020;2020_4_12;pelkäävät;1
1328;4/2020;2020_4_12;perässä;1
1328;4/2020;2020_4_12;pidettiin;1
1328;4/2020;2020_4_12;pienet;1
1328;4/2020;2020_4_12;pitäisi;2
1328;4/2020;2020_4_12;pitää;5
1328;4/2020;2020_4_12;pois;1
1328;4/2020;2020_4_12;poistamisesta;1
1328;4/2020;2020_4_12;polttoaineveroa;1
1328;4/2020;2020_4_12;puhemies;3
1328;4/2020;2020_4_12;puhuu;1
1328;4/2020;2020_4_12;puolueen;1
1328;4/2020;2020_4_12;puolueet;1
1328;4/2020;2020_4_12;päällä;1
1328;4/2020;2020_4_12;päästövähennyksistä;1
1328;4/2020;2020_4_12;päätetty;1
1328;4/2020;2020_4_12;päätetään;1
1328;4/2020;2020_4_12;päättämällä;1
1328;4/2020;2020_4_12;päättävät;1
1328;4/2020;2020_4_12;päätöksillä;1
1328;4/2020;2020_4_12;päätöksiä;4
1328;4/2020;2020_4_12;rahaa;1
1328;4/2020;2020_4_12;rakenna;1
1328;4/2020;2020_4_12;rakentaa;1
1328;4/2020;2020_4_12;ratkaise;1
1328;4/2020;2020_4_12;ratkaiseva;1
1328;4/2020;2020_4_12;saa;3
1328;4/2020;2020_4_12;saada;3
1328;4/2020;2020_4_12;saatu;1
1328;4/2020;2020_4_12;sama;1
1328;4/2020;2020_4_12;samaan;1
1328;4/2020;2020_4_12;samalla;2
1328;4/2020;2020_4_12;se;12
1328;4/2020;2020_4_12;sekä;1
1328;4/2020;2020_4_12;sellainen;1
1328;4/2020;2020_4_12;siitä;1
1328;4/2020;2020_4_12;siksi;1
1328;4/2020;2020_4_12;silti;1
1328;4/2020;2020_4_12;siltä;1
1328;4/2020;2020_4_12;sitten;1
1328;4/2020;2020_4_12;sitä;2
1328;4/2020;2020_4_12;sopia;1
1328;4/2020;2020_4_12;sopimista;1
1328;4/2020;2020_4_12;suomalaiset;1
1328;4/2020;2020_4_12;suomea;1
1328;4/2020;2020_4_12;suomella;1
1328;4/2020;2020_4_12;suomelle;1
1328;4/2020;2020_4_12;suomessa;2
1328;4/2020;2020_4_12;suomesta;1
1328;4/2020;2020_4_12;suunniteltu;1
1328;4/2020;2020_4_12;syö;1
1328;4/2020;2020_4_12;sähköautot;1
1328;4/2020;2020_4_12;säilyttämään;1
1328;4/2020;2020_4_12;taas;1
1328;4/2020;2020_4_12;taistelussa;1
1328;4/2020;2020_4_12;talman;3
1328;4/2020;2020_4_12;talouden;1
1328;4/2020;2020_4_12;tapahdu;1
1328;4/2020;2020_4_12;tapahtumaan;1
1328;4/2020;2020_4_12;tapahtuu;2
1328;4/2020;2020_4_12;tarkoita;1
1328;4/2020;2020_4_12;tarpeellisia;1
1328;4/2020;2020_4_12;tarvitse;1
1328;4/2020;2020_4_12;tasapainosta;1
1328;4/2020;2020_4_12;tavoite;1
1328;4/2020;2020_4_12;tavoitteet;3
1328;4/2020;2020_4_12;tee;1
1328;4/2020;2020_4_12;tehdä;3
1328;4/2020;2020_4_12;tehtiin;1
1328;4/2020;2020_4_12;tehtäväksi;1
1328;4/2020;2020_4_12;teitä;1
1328;4/2020;2020_4_12;tiet;1
1328;4/2020;2020_4_12;todellisille;1
1328;4/2020;2020_4_12;toisen;1
1328;4/2020;2020_4_12;toisiinsa;1
1328;4/2020;2020_4_12;toistensa;1
1328;4/2020;2020_4_12;toiveet;1
1328;4/2020;2020_4_12;toteudu;1
1328;4/2020;2020_4_12;toteuttavat;1
1328;4/2020;2020_4_12;tukeminen;1
1328;4/2020;2020_4_12;tulee;1
1328;4/2020;2020_4_12;tulevaisuuden;1
1328;4/2020;2020_4_12;tulevaisuudesta;1
1328;4/2020;2020_4_12;tulevaisuuteen;1
1328;4/2020;2020_4_12;tunnin;1
1328;4/2020;2020_4_12;turpeenpoltto;1
1328;4/2020;2020_4_12;työajasta;1
1328;4/2020;2020_4_12;työllisyyden;1
1328;4/2020;2020_4_12;työllisyystoimille;1
1328;4/2020;2020_4_12;työmatkoja;1
1328;4/2020;2020_4_12;työn;1
1328;4/2020;2020_4_12;työntekijän;1
1328;4/2020;2020_4_12;työntekijöiden;1
1328;4/2020;2020_4_12;työntekijöitä;1
1328;4/2020;2020_4_12;työpaikkojen;1
1328;4/2020;2020_4_12;työperäistä;1
1328;4/2020;2020_4_12;työttömyyden;1
1328;4/2020;2020_4_12;työttömältä;1
1328;4/2020;2020_4_12;tämmöistä;1
1328;4/2020;2020_4_12;tässä;1
1328;4/2020;2020_4_12;täällä;2
1328;4/2020;2020_4_12;töitä;1
1328;4/2020;2020_4_12;uskon;1
1328;4/2020;2020_4_12;uskottiin;1
1328;4/2020;2020_4_12;vaan;1
1328;4/2020;2020_4_12;vaikeuttaa;1
1328;4/2020;2020_4_12;vaikka;1
1328;4/2020;2020_4_12;vain;1
1328;4/2020;2020_4_12;vapaammin;1
1328;4/2020;2020_4_12;vapauttaa;1
1328;4/2020;2020_4_12;varmistavat;1
1328;4/2020;2020_4_12;vastaan;1
1328;4/2020;2020_4_12;velkarahalla;1
1328;4/2020;2020_4_12;vie;1
1328;4/2020;2020_4_12;viljellään;1
1328;4/2020;2020_4_12;voisivat;1
1328;4/2020;2020_4_12;välillä;1
1328;4/2020;2020_4_12;yhteisöveroa;1
1328;4/2020;2020_4_12;yritykset;2
1328;4/2020;2020_4_12;yrityksiä;1
1328;4/2020;2020_4_12;ärade;3
1328;4/2020;2020_4_12;ääntä;1
1328;4/2024;2024_4_17;aikaan;1
1328;4/2024;2024_4_17;aikoina;1
1328;4/2024;2024_4_17;aina;1
1328;4/2024;2024_4_17;ainoa;1
1328;4/2024;2024_4_17;alexander;1
1328;4/2024;2024_4_17;apua;1
1328;4/2024;2024_4_17;arvoisa;5
1328;4/2024;2024_4_17;asti;1
1328;4/2024;2024_4_17;astuu;1
1328;4/2024;2024_4_17;avataan;1
1328;4/2024;2024_4_17;ei;8
1328;4/2024;2024_4_17;en;1
1328;4/2024;2024_4_17;enemmän;2
1328;4/2024;2024_4_17;ennen;2
1328;4/2024;2024_4_17;ensi;1
1328;4/2024;2024_4_17;ensiksi;1
1328;4/2024;2024_4_17;eroa;1
1328;4/2024;2024_4_17;etsiä;1
1328;4/2024;2024_4_17;että;8
1328;4/2024;2024_4_17;hallituksella;1
1328;4/2024;2024_4_17;hallituksessa;1
1328;4/2024;2024_4_17;hallitus;5
1328;4/2024;2024_4_17;hallituskaudella;1
1328;4/2024;2024_4_17;haluan;1
1328;4/2024;2024_4_17;haluatte;1
1328;4/2024;2024_4_17;hetkellä;1
1328;4/2024;2024_4_17;hoitajien;1
1328;4/2024;2024_4_17;hoito;1
1328;4/2024;2024_4_17;hoivaa;1
1328;4/2024;2024_4_17;hoivapaikkoja;1
1328;4/2024;2024_4_17;hommia;1
1328;4/2024;2024_4_17;hyvin;1
1328;4/2024;2024_4_17;hyvinä;1
1328;4/2024;2024_4_17;hän;1
1328;4/2024;2024_4_17;ihmiset;1
1328;4/2024;2024_4_17;ihmisiä;1
1328;4/2024;2024_4_17;inhimillinen;1
1328;4/2024;2024_4_17;ja;13
1328;4/2024;2024_4_17;jakautunut;1
1328;4/2024;2024_4_17;jakovaraa;1
1328;4/2024;2024_4_17;jatkatte;1
1328;4/2024;2024_4_17;jos;1
1328;4/2024;2024_4_17;julkistan;1
1328;4/2024;2024_4_17;junaratoja;1
1328;4/2024;2024_4_17;kahtia;1
1328;4/2024;2024_4_17;kai;1
1328;4/2024;2024_4_17;kaikkien;1
1328;4/2024;2024_4_17;kaipaavia;1
1328;4/2024;2024_4_17;kannattaa;1
1328;4/2024;2024_4_17;kasvaa;1
1328;4/2024;2024_4_17;kasvu;1
1328;4/2024;2024_4_17;kasvua;1
1328;4/2024;2024_4_17;kasvusta;1
1328;4/2024;2024_4_17;kasvuun;1
1328;4/2024;2024_4_17;katastrofi;1
1328;4/2024;2024_4_17;kerron;1
1328;4/2024;2024_4_17;kertomaan;1
1328;4/2024;2024_4_17;kiitos;1
1328;4/2024;2024_4_17;koko;1
1328;4/2024;2024_4_17;korjaussarjasta;1
1328;4/2024;2024_4_17;kuin;2
1328;4/2024;2024_4_17;kuittaa;1
1328;4/2024;2024_4_17;kun;3
1328;4/2024;2024_4_17;kuntoon;1
1328;4/2024;2024_4_17;kurjistaa;1
1328;4/2024;2024_4_17;kuuluisaa;1
1328;4/2024;2024_4_17;kärsii;1
1328;4/2024;2024_4_17;laitatte;1
1328;4/2024;2024_4_17;lakkojen;1
1328;4/2024;2024_4_17;lomautetaan;1
1328;4/2024;2024_4_17;luotolla;1
1328;4/2024;2024_4_17;lupasitte;1
1328;4/2024;2024_4_17;lupauksenne;2
1328;4/2024;2024_4_17;maa;1
1328;4/2024;2024_4_17;mahdollisuutta;1
1328;4/2024;2024_4_17;maksetaan;1
1328;4/2024;2024_4_17;meidän;1
1328;4/2024;2024_4_17;meillä;1
1328;4/2024;2024_4_17;menee;1
1328;4/2024;2024_4_17;menemään;1
1328;4/2024;2024_4_17;mihinkään;1
1328;4/2024;2024_4_17;millä;1
1328;4/2024;2024_4_17;minuutissa;1
1328;4/2024;2024_4_17;miten;1
1328;4/2024;2024_4_17;mitä;1
1328;4/2024;2024_4_17;mitään;2
1328;4/2024;2024_4_17;mutta;3
1328;4/2024;2024_4_17;muuta;1
1328;4/2024;2024_4_17;myös;2
1328;4/2024;2024_4_17;naurua;1
1328;4/2024;2024_4_17;niin;3
1328;4/2024;2024_4_17;niinistö;1
1328;4/2024;2024_4_17;niitä;1
1328;4/2024;2024_4_17;nopeita;1
1328;4/2024;2024_4_17;nyt;6
1328;4/2024;2024_4_17;näin;1
1328;4/2024;2024_4_17;oikea;1
1328;4/2024;2024_4_17;oikein;1
1328;4/2024;2024_4_17;ole;5
1328;4/2024;2024_4_17;olemassa;1
1328;4/2024;2024_4_17;olen;1
1328;4/2024;2024_4_17;olette;4
1328;4/2024;2024_4_17;olla;1
1328;4/2024;2024_4_17;on;16
1328;4/2024;2024_4_17;ongelmamme;1
1328;4/2024;2024_4_17;onko;1
1328;4/2024;2024_4_17;onnitella;1
1328;4/2024;2024_4_17;orpo;2
1328;4/2024;2024_4_17;paikkoja;1
1328;4/2024;2024_4_17;palkkoja;1
1328;4/2024;2024_4_17;panna;1
1328;4/2024;2024_4_17;parempaan;1
1328;4/2024;2024_4_17;parissa;1
1328;4/2024;2024_4_17;pelkästään;1
1328;4/2024;2024_4_17;pettäneet;1
1328;4/2024;2024_4_17;pettänyt;1
1328;4/2024;2024_4_17;pitäisi;1
1328;4/2024;2024_4_17;pitää;4
1328;4/2024;2024_4_17;presidentti;1
1328;4/2024;2024_4_17;presidenttiä;1
1328;4/2024;2024_4_17;puhemies;4
1328;4/2024;2024_4_17;puhuitte;1
1328;4/2024;2024_4_17;purralla;1
1328;4/2024;2024_4_17;pysty;2
1328;4/2024;2024_4_17;pyytää;1
1328;4/2024;2024_4_17;päinvastainen;1
1328;4/2024;2024_4_17;päinvastoin;1
1328;4/2024;2024_4_17;pääministeri;2
1328;4/2024;2024_4_17;päätökset;1
1328;4/2024;2024_4_17;päätöksiä;1
1328;4/2024;2024_4_17;radikaaleja;1
1328;4/2024;2024_4_17;rahat;1
1328;4/2024;2024_4_17;rakentamalla;1
1328;4/2024;2024_4_17;saada;2
1328;4/2024;2024_4_17;saaneet;1
1328;4/2024;2024_4_17;saappaisiin;1
1328;4/2024;2024_4_17;sairaita;1
1328;4/2024;2024_4_17;samalla;1
1328;4/2024;2024_4_17;sanoi;1
1328;4/2024;2024_4_17;sauli;1
1328;4/2024;2024_4_17;se;4
1328;4/2024;2024_4_17;sen;2
1328;4/2024;2024_4_17;siihen;1
1328;4/2024;2024_4_17;siirrytty;1
1328;4/2024;2024_4_17;sijaan;1
1328;4/2024;2024_4_17;sitä;2
1328;4/2024;2024_4_17;soten;1
1328;4/2024;2024_4_17;sotessa;1
1328;4/2024;2024_4_17;sotesta;1
1328;4/2024;2024_4_17;stubbia;1
1328;4/2024;2024_4_17;sulkemassa;1
1328;4/2024;2024_4_17;suomen;1
1328;4/2024;2024_4_17;suunta;1
1328;4/2024;2024_4_17;suurin;1
1328;4/2024;2024_4_17;synny;1
1328;4/2024;2024_4_17;synnyttää;1
1328;4/2024;2024_4_17;syöksykierteessä;2
1328;4/2024;2024_4_17;säästää;2
1328;4/2024;2024_4_17;säästöillä;1
1328;4/2024;2024_4_17;takia;1
1328;4/2024;2024_4_17;talman;4
1328;4/2024;2024_4_17;talouden;3
1328;4/2024;2024_4_17;talous;5
1328;4/2024;2024_4_17;talouskasvua;1
1328;4/2024;2024_4_17;talouskasvuohjelman;1
1328;4/2024;2024_4_17;tarvitaan;1
1328;4/2024;2024_4_17;tarvitsee;1
1328;4/2024;2024_4_17;tarvitsijoita;1
1328;4/2024;2024_4_17;tasavallan;2
1328;4/2024;2024_4_17;tavalla;2
1328;4/2024;2024_4_17;te;1
1328;4/2024;2024_4_17;tehdään;1
1328;4/2024;2024_4_17;tehty;1
1328;4/2024;2024_4_17;tehtävä;1
1328;4/2024;2024_4_17;teidän;1
1328;4/2024;2024_4_17;teille;1
1328;4/2024;2024_4_17;tietoakaan;1
1328;4/2024;2024_4_17;tilannekuva;1
1328;4/2024;2024_4_17;tk-investoinneista;1
1328;4/2024;2024_4_17;tosiaankin;1
1328;4/2024;2024_4_17;totta;1
1328;4/2024;2024_4_17;tottunut;1
1328;4/2024;2024_4_17;tukea;1
1328;4/2024;2024_4_17;tulee;1
1328;4/2024;2024_4_17;tulossa;1
1328;4/2024;2024_4_17;työpaikkoja;1
1328;4/2024;2024_4_17;työryhmiin;1
1328;4/2024;2024_4_17;työvoimapula;1
1328;4/2024;2024_4_17;tähän;1
1328;4/2024;2024_4_17;tällä;2
1328;4/2024;2024_4_17;tämä;1
1328;4/2024;2024_4_17;tässä;1
1328;4/2024;2024_4_17;tätä;1
1328;4/2024;2024_4_17;täysin;4
1328;4/2024;2024_4_17;töihin;1
1328;4/2024;2024_4_17;usko;1
1328;4/2024;2024_4_17;uusia;2
1328;4/2024;2024_4_17;uutta;1
1328;4/2024;2024_4_17;vaaleja;2
1328;4/2024;2024_4_17;vaikeisiin;1
1328;4/2024;2024_4_17;vaikka;1
1328;4/2024;2024_4_17;vain;2
1328;4/2024;2024_4_17;valta;1
1328;4/2024;2024_4_17;valtiovarainministeri;1
1328;4/2024;2024_4_17;vanhuksia;1
1328;4/2024;2024_4_17;varmaa;1
1328;4/2024;2024_4_17;velat;1
1328;4/2024;2024_4_17;velkaperusteiseen;1
1328;4/2024;2024_4_17;viikolla;1
1328;4/2024;2024_4_17;voi;1
1328;4/2024;2024_4_17;vähemmän;1
1328;4/2024;2024_4_17;väitätte;1
1328;4/2024;2024_4_17;välihuutoja;1
1328;4/2024;2024_4_17;yhä;1
1328;4/2024;2024_4_17;ylisuurilla;1
1328;4/2024;2024_4_17;ylläpitoon;1
1328;4/2024;2024_4_17;yt-neuvotteluissa;1
1328;4/2024;2024_4_17;ärade;4
1328;40/2019;2019_40_15;aidosti;1
1328;40/2019;2019_40_15;aikaa;1
1328;40/2019;2019_40_15;aikaisempina;1
1328;40/2019;2019_40_15;aina;1
1328;40/2019;2019_40_15;aito;1
1328;40/2019;2019_40_15;alkavat;1
1328;40/2019;2019_40_15;alku;1
1328;40/2019;2019_40_15;allekirjoitti;1
1328;40/2019;2019_40_15;anneli;1
1328;40/2019;2019_40_15;arvoisa;3
1328;40/2019;2019_40_15;asetettu;1
1328;40/2019;2019_40_15;asia;2
1328;40/2019;2019_40_15;asioiden;1
1328;40/2019;2019_40_15;asunnon;1
1328;40/2019;2019_40_15;auki;1
1328;40/2019;2019_40_15;auttaisi;1
1328;40/2019;2019_40_15;auttamiseen;1
1328;40/2019;2019_40_15;auttavat;1
1328;40/2019;2019_40_15;avulla;1
1328;40/2019;2019_40_15;avustavat;1
1328;40/2019;2019_40_15;avustaville;1
1328;40/2019;2019_40_15;bruttokansantuotteesta;1
1328;40/2019;2019_40_15;edistyneempien;1
1328;40/2019;2019_40_15;eduskunnasta;1
1328;40/2019;2019_40_15;ehdi;1
1328;40/2019;2019_40_15;ehdottanut;1
1328;40/2019;2019_40_15;ei;7
1328;40/2019;2019_40_15;eivät;3
1328;40/2019;2019_40_15;ely-keskusten;1
1328;40/2019;2019_40_15;emme;1
1328;40/2019;2019_40_15;en;1
1328;40/2019;2019_40_15;enemmän;1
1328;40/2019;2019_40_15;ennen;1
1328;40/2019;2019_40_15;ensin;1
1328;40/2019;2019_40_15;ensinnäkin;1
1328;40/2019;2019_40_15;ensisijaista;1
1328;40/2019;2019_40_15;enää;1
1328;40/2019;2019_40_15;erityisavustajille;1
1328;40/2019;2019_40_15;ero;1
1328;40/2019;2019_40_15;esimerkiksi;4
1328;40/2019;2019_40_15;esittämilläni;1
1328;40/2019;2019_40_15;että;4
1328;40/2019;2019_40_15;haetaan;1
1328;40/2019;2019_40_15;hallinnollinen;1
1328;40/2019;2019_40_15;hallinnollisten;1
1328;40/2019;2019_40_15;hallinto;1
1328;40/2019;2019_40_15;hallituksen;1
1328;40/2019;2019_40_15;hallitus;5
1328;40/2019;2019_40_15;hallitusta;1
1328;40/2019;2019_40_15;he;1
1328;40/2019;2019_40_15;heille;1
1328;40/2019;2019_40_15;helpottaa;1
1328;40/2019;2019_40_15;huimat;1
1328;40/2019;2019_40_15;hukkaan;1
1328;40/2019;2019_40_15;huomaa;1
1328;40/2019;2019_40_15;hyviksi;1
1328;40/2019;2019_40_15;hyvin;2
1328;40/2019;2019_40_15;hyvä;1
1328;40/2019;2019_40_15;hyötyä;2
1328;40/2019;2019_40_15;hänellä;1
1328;40/2019;2019_40_15;ideat;1
1328;40/2019;2019_40_15;ihminen;1
1328;40/2019;2019_40_15;ihmiset;1
1328;40/2019;2019_40_15;ihmisille;1
1328;40/2019;2019_40_15;ihmistä;1
1328;40/2019;2019_40_15;investoinnit;1
1328;40/2019;2019_40_15;investointeihin;1
1328;40/2019;2019_40_15;investointeja;2
1328;40/2019;2019_40_15;investointien;1
1328;40/2019;2019_40_15;iso;3
1328;40/2019;2019_40_15;itse;1
1328;40/2019;2019_40_15;ja;14
1328;40/2019;2019_40_15;joita;1
1328;40/2019;2019_40_15;joko;1
1328;40/2019;2019_40_15;jolla;1
1328;40/2019;2019_40_15;jonkin;1
1328;40/2019;2019_40_15;jos;2
1328;40/2019;2019_40_15;jota;1
1328;40/2019;2019_40_15;jotka;3
1328;40/2019;2019_40_15;julkinen;1
1328;40/2019;2019_40_15;julkisella;1
1328;40/2019;2019_40_15;jälkeen;1
1328;40/2019;2019_40_15;järeämmin;1
1328;40/2019;2019_40_15;järeämpiä;2
1328;40/2019;2019_40_15;järjestyksessä;1
1328;40/2019;2019_40_15;jäsenistä;1
1328;40/2019;2019_40_15;jää;1
1328;40/2019;2019_40_15;kahdeksan;1
1328;40/2019;2019_40_15;kaipaa;1
1328;40/2019;2019_40_15;kannatan;1
1328;40/2019;2019_40_15;kannattaa;3
1328;40/2019;2019_40_15;kantani;1
1328;40/2019;2019_40_15;karsintaa;1
1328;40/2019;2019_40_15;kauan;1
1328;40/2019;2019_40_15;kaulassa;1
1328;40/2019;2019_40_15;kehittää;1
1328;40/2019;2019_40_15;keinoilla;1
1328;40/2019;2019_40_15;keinoja;3
1328;40/2019;2019_40_15;kenties;1
1328;40/2019;2019_40_15;kerrallaan;1
1328;40/2019;2019_40_15;kertoivat;1
1328;40/2019;2019_40_15;keskimäärin;1
1328;40/2019;2019_40_15;kevennys;1
1328;40/2019;2019_40_15;kiljunen;1
1328;40/2019;2019_40_15;kirittää;1
1328;40/2019;2019_40_15;koeajalla;1
1328;40/2019;2019_40_15;kohdentaa;1
1328;40/2019;2019_40_15;kokeileville;1
1328;40/2019;2019_40_15;kokemuksiin;1
1328;40/2019;2019_40_15;kokoomuksen;1
1328;40/2019;2019_40_15;kolmas;1
1328;40/2019;2019_40_15;koneiden;1
1328;40/2019;2019_40_15;koputtaa;1
1328;40/2019;2019_40_15;koska;3
1328;40/2019;2019_40_15;kosmeettista;1
1328;40/2019;2019_40_15;koulutettuja;1
1328;40/2019;2019_40_15;koulutustaustalla;1
1328;40/2019;2019_40_15;kuin;5
1328;40/2019;2019_40_15;kukaan;1
1328;40/2019;2019_40_15;kunnista;1
1328;40/2019;2019_40_15;kuntoon;1
1328;40/2019;2019_40_15;kuopioon;1
1328;40/2019;2019_40_15;kuukautta;1
1328;40/2019;2019_40_15;kyllä;1
1328;40/2019;2019_40_15;kymmenilletuhansille;1
1328;40/2019;2019_40_15;kyseessä;1
1328;40/2019;2019_40_15;käsille;1
1328;40/2019;2019_40_15;käytettiin;1
1328;40/2019;2019_40_15;käyttäjiksi;1
1328;40/2019;2019_40_15;käyttää;1
1328;40/2019;2019_40_15;käyttöön;1
1328;40/2019;2019_40_15;kääntyneet;1
1328;40/2019;2019_40_15;laatua;1
1328;40/2019;2019_40_15;laittaa;1
1328;40/2019;2019_40_15;laittaminen;1
1328;40/2019;2019_40_15;laskentatavasta;1
1328;40/2019;2019_40_15;liike;3
1328;40/2019;2019_40_15;lisäksi;1
1328;40/2019;2019_40_15;lisää;1
1328;40/2019;2019_40_15;lisäämiseksi;1
1328;40/2019;2019_40_15;luotan;1
1328;40/2019;2019_40_15;luvut;1
1328;40/2019;2019_40_15;lähdetään;1
1328;40/2019;2019_40_15;lähinnä;1
1328;40/2019;2019_40_15;löytyvät;1
1328;40/2019;2019_40_15;maailmassa;1
1328;40/2019;2019_40_15;maksaa;1
1328;40/2019;2019_40_15;maksimiajan;1
1328;40/2019;2019_40_15;menee;2
1328;40/2019;2019_40_15;menevän;1
1328;40/2019;2019_40_15;mennä;1
1328;40/2019;2019_40_15;merkitys;1
1328;40/2019;2019_40_15;mielipiteensä;1
1328;40/2019;2019_40_15;mieltä;1
1328;40/2019;2019_40_15;miettiä;1
1328;40/2019;2019_40_15;mikäli;1
1328;40/2019;2019_40_15;millaista;1
1328;40/2019;2019_40_15;millä;1
1328;40/2019;2019_40_15;minä;1
1328;40/2019;2019_40_15;mitä;1
1328;40/2019;2019_40_15;mitättömästi;1
1328;40/2019;2019_40_15;muihin;1
1328;40/2019;2019_40_15;mukaan;1
1328;40/2019;2019_40_15;mutta;5
1328;40/2019;2019_40_15;muuta;1
1328;40/2019;2019_40_15;muuttorahan;1
1328;40/2019;2019_40_15;muuttorahana;1
1328;40/2019;2019_40_15;muuttuvassa;1
1328;40/2019;2019_40_15;myös;4
1328;40/2019;2019_40_15;naurettavan;1
1328;40/2019;2019_40_15;ne;2
1328;40/2019;2019_40_15;nettiparlamenttimme;1
1328;40/2019;2019_40_15;niiden;3
1328;40/2019;2019_40_15;niin;5
1328;40/2019;2019_40_15;niissä;1
1328;40/2019;2019_40_15;niistä;1
1328;40/2019;2019_40_15;nyt;4
1328;40/2019;2019_40_15;näillä;1
1328;40/2019;2019_40_15;näitä;1
1328;40/2019;2019_40_15;ole;2
1328;40/2019;2019_40_15;oli;1
1328;40/2019;2019_40_15;olisi;6
1328;40/2019;2019_40_15;olla;2
1328;40/2019;2019_40_15;ollaan;1
1328;40/2019;2019_40_15;ollut;1
1328;40/2019;2019_40_15;oma;1
1328;40/2019;2019_40_15;omaisille;1
1328;40/2019;2019_40_15;on;18
1328;40/2019;2019_40_15;ongelma;1
1328;40/2019;2019_40_15;ongelmia;1
1328;40/2019;2019_40_15;onneksi;1
1328;40/2019;2019_40_15;osa;1
1328;40/2019;2019_40_15;osallistumisesta;1
1328;40/2019;2019_40_15;osalta;1
1328;40/2019;2019_40_15;ottaa;1
1328;40/2019;2019_40_15;ovat;2
1328;40/2019;2019_40_15;paikkakunnalla;1
1328;40/2019;2019_40_15;paljon;1
1328;40/2019;2019_40_15;palkannut;1
1328;40/2019;2019_40_15;palkka-alelappu;1
1328;40/2019;2019_40_15;palkkaamisesta;1
1328;40/2019;2019_40_15;palkkarahatkin;1
1328;40/2019;2019_40_15;palkkatuelle;1
1328;40/2019;2019_40_15;palkkatuen;2
1328;40/2019;2019_40_15;palkkatuesta;1
1328;40/2019;2019_40_15;palkkatuettu;1
1328;40/2019;2019_40_15;palkkatuki;2
1328;40/2019;2019_40_15;palveluihin;1
1328;40/2019;2019_40_15;parannettua;1
1328;40/2019;2019_40_15;parantaa;1
1328;40/2019;2019_40_15;parantamiseen;1
1328;40/2019;2019_40_15;parhaiten;1
1328;40/2019;2019_40_15;perehdyttää;1
1328;40/2019;2019_40_15;perehdytyksellä;1
1328;40/2019;2019_40_15;perhe-elämän;1
1328;40/2019;2019_40_15;perustelen;1
1328;40/2019;2019_40_15;perustuu;1
1328;40/2019;2019_40_15;pienellä;1
1328;40/2019;2019_40_15;piikkiin;1
1328;40/2019;2019_40_15;pitäisi;1
1328;40/2019;2019_40_15;pitämiseen;1
1328;40/2019;2019_40_15;pitää;5
1328;40/2019;2019_40_15;pohjoismaihin;1
1328;40/2019;2019_40_15;prosentin;1
1328;40/2019;2019_40_15;prosenttia;3
1328;40/2019;2019_40_15;prosenttikorotukset;1
1328;40/2019;2019_40_15;puhemies;4
1328;40/2019;2019_40_15;puolella;2
1328;40/2019;2019_40_15;putsattu;1
1328;40/2019;2019_40_15;pysyvästi;1
1328;40/2019;2019_40_15;pysyvää;1
1328;40/2019;2019_40_15;päinvastaisiksi;1
1328;40/2019;2019_40_15;pääse;1
1328;40/2019;2019_40_15;pääsee;1
1328;40/2019;2019_40_15;rahaa;4
1328;40/2019;2019_40_15;rankkaa;1
1328;40/2019;2019_40_15;ratkaise;1
1328;40/2019;2019_40_15;raumalla;1
1328;40/2019;2019_40_15;riippuen;1
1328;40/2019;2019_40_15;riittävän;2
1328;40/2019;2019_40_15;riittävästi;1
1328;40/2019;2019_40_15;rohkeampiin;1
1328;40/2019;2019_40_15;ruotsissa;1
1328;40/2019;2019_40_15;saa;1
1328;40/2019;2019_40_15;saada;1
1328;40/2019;2019_40_15;saamaan;1
1328;40/2019;2019_40_15;saisi;1
1328;40/2019;2019_40_15;sari;1
1328;40/2019;2019_40_15;sarkomaa;1
1328;40/2019;2019_40_15;sata;1
1328;40/2019;2019_40_15;satojen;1
1328;40/2019;2019_40_15;se;2
1328;40/2019;2019_40_15;sekin;1
1328;40/2019;2019_40_15;selkeän;1
1328;40/2019;2019_40_15;selvittämiseen;1
1328;40/2019;2019_40_15;sen;3
1328;40/2019;2019_40_15;senkin;1
1328;40/2019;2019_40_15;seuraavasti;1
1328;40/2019;2019_40_15;sidottaisiin;1
1328;40/2019;2019_40_15;siihen;1
1328;40/2019;2019_40_15;siitä;1
1328;40/2019;2019_40_15;sijaan;1
1328;40/2019;2019_40_15;siksi;2
1328;40/2019;2019_40_15;silloinkin;1
1328;40/2019;2019_40_15;sitten;1
1328;40/2019;2019_40_15;sitä;2
1328;40/2019;2019_40_15;sopivaa;1
1328;40/2019;2019_40_15;sopivat;1
1328;40/2019;2019_40_15;suomen;1
1328;40/2019;2019_40_15;suomessa;1
1328;40/2019;2019_40_15;suomi;1
1328;40/2019;2019_40_15;suoraa;1
1328;40/2019;2019_40_15;suoraan;1
1328;40/2019;2019_40_15;suuri;1
1328;40/2019;2019_40_15;suuryrityksissä;1
1328;40/2019;2019_40_15;taas;1
1328;40/2019;2019_40_15;tai;4
1328;40/2019;2019_40_15;tanskassa;1
1328;40/2019;2019_40_15;tarve;2
1328;40/2019;2019_40_15;tarvitaan;1
1328;40/2019;2019_40_15;tarvitse;1
1328;40/2019;2019_40_15;tarvitsevat;1
1328;40/2019;2019_40_15;tarvitsisi;1
1328;40/2019;2019_40_15;tehdä;1
1328;40/2019;2019_40_15;tehokkaita;1
1328;40/2019;2019_40_15;tehottomampi;1
1328;40/2019;2019_40_15;tehottomasta;1
1328;40/2019;2019_40_15;tehtäviinsä;2
1328;40/2019;2019_40_15;tehtävät;1
1328;40/2019;2019_40_15;tekemässä;1
1328;40/2019;2019_40_15;teknisesti;1
1328;40/2019;2019_40_15;temin;1
1328;40/2019;2019_40_15;tietää;1
1328;40/2019;2019_40_15;tilalle;1
1328;40/2019;2019_40_15;tilannetta;1
1328;40/2019;2019_40_15;todella;2
1328;40/2019;2019_40_15;todennäköisesti;1
1328;40/2019;2019_40_15;todettu;1
1328;40/2019;2019_40_15;toimenpiteisiin;1
1328;40/2019;2019_40_15;toimia;1
1328;40/2019;2019_40_15;toimintaa;1
1328;40/2019;2019_40_15;toisaalta;1
1328;40/2019;2019_40_15;toiseksi;1
1328;40/2019;2019_40_15;toivon;1
1328;40/2019;2019_40_15;tuki;1
1328;40/2019;2019_40_15;tulee;2
1328;40/2019;2019_40_15;tuloksiin;1
1328;40/2019;2019_40_15;tuosta;1
1328;40/2019;2019_40_15;tuplapoistot;1
1328;40/2019;2019_40_15;turussa;1
1328;40/2019;2019_40_15;tuskin;1
1328;40/2019;2019_40_15;tutkimusten;1
1328;40/2019;2019_40_15;työ;1
1328;40/2019;2019_40_15;työajasta;1
1328;40/2019;2019_40_15;työhön;1
1328;40/2019;2019_40_15;työllisty;1
1328;40/2019;2019_40_15;työllistävän;1
1328;40/2019;2019_40_15;työllisyyden;2
1328;40/2019;2019_40_15;työmarkkinoiden;1
1328;40/2019;2019_40_15;työn;1
1328;40/2019;2019_40_15;työnhakijaa;1
1328;40/2019;2019_40_15;työnhaussa;1
1328;40/2019;2019_40_15;työntekijä;1
1328;40/2019;2019_40_15;työntekijälle;2
1328;40/2019;2019_40_15;työntekijät;2
1328;40/2019;2019_40_15;työntekijöiden;3
1328;40/2019;2019_40_15;työntekijöille;1
1328;40/2019;2019_40_15;työpaikkaa;2
1328;40/2019;2019_40_15;työt;1
1328;40/2019;2019_40_15;työttömien;1
1328;40/2019;2019_40_15;työtä;1
1328;40/2019;2019_40_15;työvoimaa;2
1328;40/2019;2019_40_15;työvoimapalvelu;1
1328;40/2019;2019_40_15;työvoimapalveluiden;4
1328;40/2019;2019_40_15;työvoimapalveluihin;1
1328;40/2019;2019_40_15;tällainen;1
1328;40/2019;2019_40_15;tälle;1
1328;40/2019;2019_40_15;tämä;2
1328;40/2019;2019_40_15;tämän;1
1328;40/2019;2019_40_15;tärkeä;2
1328;40/2019;2019_40_15;täsmätoimista;1
1328;40/2019;2019_40_15;tätä;1
1328;40/2019;2019_40_15;täydennyskoulutusta;1
1328;40/2019;2019_40_15;töissä;1
1328;40/2019;2019_40_15;uhreille;1
1328;40/2019;2019_40_15;uskomme;1
1328;40/2019;2019_40_15;uudella;1
1328;40/2019;2019_40_15;uuden;1
1328;40/2019;2019_40_15;uudessakaupungissa;1
1328;40/2019;2019_40_15;uusi;1
1328;40/2019;2019_40_15;uusien;1
1328;40/2019;2019_40_15;uusille;1
1328;40/2019;2019_40_15;vaalikaudelle;1
1328;40/2019;2019_40_15;vaikka;3
1328;40/2019;2019_40_15;vaikuttaa;1
1328;40/2019;2019_40_15;valinnut;1
1328;40/2019;2019_40_15;valtaosa;1
1328;40/2019;2019_40_15;valtion;1
1328;40/2019;2019_40_15;vasta;1
1328;40/2019;2019_40_15;vei;1
1328;40/2019;2019_40_15;veroa;1
1328;40/2019;2019_40_15;verotus;1
1328;40/2019;2019_40_15;verrattuna;1
1328;40/2019;2019_40_15;vielä;2
1328;40/2019;2019_40_15;vieläkin;1
1328;40/2019;2019_40_15;viidakko;1
1328;40/2019;2019_40_15;virkailijoita;1
1328;40/2019;2019_40_15;voi;1
1328;40/2019;2019_40_15;voimia;1
1328;40/2019;2019_40_15;voimin;1
1328;40/2019;2019_40_15;voinut;1
1328;40/2019;2019_40_15;voisi;1
1328;40/2019;2019_40_15;voisivat;1
1328;40/2019;2019_40_15;voitosta;1
1328;40/2019;2019_40_15;voittojen;1
1328;40/2019;2019_40_15;voitu;1
1328;40/2019;2019_40_15;vuokra;1
1328;40/2019;2019_40_15;vuoksi;2
1328;40/2019;2019_40_15;vuonna;1
1328;40/2019;2019_40_15;vuosien;1
1328;40/2019;2019_40_15;vuosina;1
1328;40/2019;2019_40_15;vähemmän;1
1328;40/2019;2019_40_15;vähän;2
1328;40/2019;2019_40_15;välikysymykseen;1
1328;40/2019;2019_40_15;välikysymyksen;1
1328;40/2019;2019_40_15;välikysymystä;1
1328;40/2019;2019_40_15;yhdessä;1
1328;40/2019;2019_40_15;yhteensovittamisessa;1
1328;40/2019;2019_40_15;yhtäkään;1
1328;40/2019;2019_40_15;yksi;1
1328;40/2019;2019_40_15;yksityisellä;1
1328;40/2019;2019_40_15;yleensä;2
1328;40/2019;2019_40_15;ylläpitoluonteiset;1
1328;40/2019;2019_40_15;yritykselle;1
1328;40/2019;2019_40_15;yrityksen;1
1328;40/2019;2019_40_15;yritykset;1
1328;40/2019;2019_40_15;yrityksille;1
1328;40/2019;2019_40_15;yrityksissä;1
1328;40/2019;2019_40_15;yritysten;2
1328;40/2022;2022_40_19;-vuotiaiden;1
1328;40/2022;2022_40_19;aa;1
1328;40/2022;2022_40_19;aikana;1
1328;40/2022;2022_40_19;aikoina;1
1328;40/2022;2022_40_19;aktivointimallit;1
1328;40/2022;2022_40_19;alhaisempi;1
1328;40/2022;2022_40_19;alijäämä;1
1328;40/2022;2022_40_19;aloittavien;1
1328;40/2022;2022_40_19;alueiden;1
1328;40/2022;2022_40_19;alusta;1
1328;40/2022;2022_40_19;ansainneet;1
1328;40/2022;2022_40_19;armoille;1
1328;40/2022;2022_40_19;arvoisa;5
1328;40/2022;2022_40_19;asioita;1
1328;40/2022;2022_40_19;auta;1
1328;40/2022;2022_40_19;bensan;1
1328;40/2022;2022_40_19;bktssä;1
1328;40/2022;2022_40_19;budjetista;1
1328;40/2022;2022_40_19;budjetti;1
1328;40/2022;2022_40_19;budjettien;1
1328;40/2022;2022_40_19;budjettiin;1
1328;40/2022;2022_40_19;dieselin;1
1328;40/2022;2022_40_19;edellisenä;1
1328;40/2022;2022_40_19;ei;7
1328;40/2022;2022_40_19;eikä;2
1328;40/2022;2022_40_19;eivät;2
1328;40/2022;2022_40_19;eli;1
1328;40/2022;2022_40_19;elintaso;1
1328;40/2022;2022_40_19;emme;1
1328;40/2022;2022_40_19;enemmän;2
1328;40/2022;2022_40_19;energian;1
1328;40/2022;2022_40_19;enintään;1
1328;40/2022;2022_40_19;ennen;1
1328;40/2022;2022_40_19;ensi;2
1328;40/2022;2022_40_19;esimerkiksi;1
1328;40/2022;2022_40_19;eteenpäin;1
1328;40/2022;2022_40_19;että;9
1328;40/2022;2022_40_19;eu;1
1328;40/2022;2022_40_19;euroa;4
1328;40/2022;2022_40_19;euroja;1
1328;40/2022;2022_40_19;euroopassa;1
1328;40/2022;2022_40_19;hallituksen;2
1328;40/2022;2022_40_19;hallitus;7
1328;40/2022;2022_40_19;henkilöstön;1
1328;40/2022;2022_40_19;henkseleitä;1
1328;40/2022;2022_40_19;hinnat;2
1328;40/2022;2022_40_19;hintaan;1
1328;40/2022;2022_40_19;hoitajien;1
1328;40/2022;2022_40_19;huippuvuotena;1
1328;40/2022;2022_40_19;huolestuttavinta;1
1328;40/2022;2022_40_19;hyvinvointialueiden;1
1328;40/2022;2022_40_19;ikäryhmän;1
1328;40/2022;2022_40_19;ilkka;1
1328;40/2022;2022_40_19;inflaatio;2
1328;40/2022;2022_40_19;inflaation;1
1328;40/2022;2022_40_19;investointeja;1
1328;40/2022;2022_40_19;itsenäisyyden;1
1328;40/2022;2022_40_19;itsenäisyys;1
1328;40/2022;2022_40_19;ja;21
1328;40/2022;2022_40_19;jatkunut;1
1328;40/2022;2022_40_19;jatkuu;1
1328;40/2022;2022_40_19;jatkuva;1
1328;40/2022;2022_40_19;jatkuvasti;1
1328;40/2022;2022_40_19;jo;1
1328;40/2022;2022_40_19;johdosta;1
1328;40/2022;2022_40_19;johtunut;1
1328;40/2022;2022_40_19;joita;1
1328;40/2022;2022_40_19;jolloin;1
1328;40/2022;2022_40_19;jopa;1
1328;40/2022;2022_40_19;joustavuutta;1
1328;40/2022;2022_40_19;joutua;1
1328;40/2022;2022_40_19;julkisen;4
1328;40/2022;2022_40_19;jälkeen;1
1328;40/2022;2022_40_19;järkeä;1
1328;40/2022;2022_40_19;jääminen;1
1328;40/2022;2022_40_19;jäänyt;1
1328;40/2022;2022_40_19;kaiken;1
1328;40/2022;2022_40_19;kaikkeen;1
1328;40/2022;2022_40_19;kaksi;2
1328;40/2022;2022_40_19;kanervan;1
1328;40/2022;2022_40_19;kannattavampaa;1
1328;40/2022;2022_40_19;kansalaisten;1
1328;40/2022;2022_40_19;kasvu;1
1328;40/2022;2022_40_19;kasvua;1
1328;40/2022;2022_40_19;kasvupyrähdyksen;1
1328;40/2022;2022_40_19;kasvussa;1
1328;40/2022;2022_40_19;katto;1
1328;40/2022;2022_40_19;kehitysrahoista;1
1328;40/2022;2022_40_19;kehyksistä;1
1328;40/2022;2022_40_19;kenenkään;1
1328;40/2022;2022_40_19;kestämätön;1
1328;40/2022;2022_40_19;kestävyys;1
1328;40/2022;2022_40_19;kipukohdista;1
1328;40/2022;2022_40_19;koko;1
1328;40/2022;2022_40_19;korkomenot;1
1328;40/2022;2022_40_19;koronaa;1
1328;40/2022;2022_40_19;koronan;1
1328;40/2022;2022_40_19;koronasta;1
1328;40/2022;2022_40_19;korot;1
1328;40/2022;2022_40_19;koska;2
1328;40/2022;2022_40_19;kotiin;1
1328;40/2022;2022_40_19;kouluttaa;1
1328;40/2022;2022_40_19;koulutukseen;1
1328;40/2022;2022_40_19;koulutusjärjestelmämme;1
1328;40/2022;2022_40_19;kovemmassa;1
1328;40/2022;2022_40_19;kovin;1
1328;40/2022;2022_40_19;kuin;3
1328;40/2022;2022_40_19;kuitenkin;2
1328;40/2022;2022_40_19;kun;2
1328;40/2022;2022_40_19;kustannuksella;1
1328;40/2022;2022_40_19;kyse;1
1328;40/2022;2022_40_19;kärsivät;1
1328;40/2022;2022_40_19;käytetään;1
1328;40/2022;2022_40_19;laitettava;1
1328;40/2022;2022_40_19;laittamaan;1
1328;40/2022;2022_40_19;lastentarhanopettajat;1
1328;40/2022;2022_40_19;laukkaamaan;1
1328;40/2022;2022_40_19;leikataan;1
1328;40/2022;2022_40_19;leikkaamaan;2
1328;40/2022;2022_40_19;liian;1
1328;40/2022;2022_40_19;liike;1
1328;40/2022;2022_40_19;lisäksi;2
1328;40/2022;2022_40_19;lisärahat;1
1328;40/2022;2022_40_19;lisää;2
1328;40/2022;2022_40_19;lisääntyneet;2
1328;40/2022;2022_40_19;litrahinnalta;1
1328;40/2022;2022_40_19;luopumaan;1
1328;40/2022;2022_40_19;luvut;1
1328;40/2022;2022_40_19;löytyvät;1
1328;40/2022;2022_40_19;löytyä;1
1328;40/2022;2022_40_19;maailmanlaajuinen;1
1328;40/2022;2022_40_19;maistereita;1
1328;40/2022;2022_40_19;meidän;1
1328;40/2022;2022_40_19;menoista;1
1328;40/2022;2022_40_19;merkittävä;1
1328;40/2022;2022_40_19;miksei;1
1328;40/2022;2022_40_19;miljardeja;1
1328;40/2022;2022_40_19;miljardia;1
1328;40/2022;2022_40_19;miljardien;1
1328;40/2022;2022_40_19;miljoonaa;1
1328;40/2022;2022_40_19;miten;1
1328;40/2022;2022_40_19;mitenkään;1
1328;40/2022;2022_40_19;mitä;1
1328;40/2022;2022_40_19;mitään;1
1328;40/2022;2022_40_19;muista;1
1328;40/2022;2022_40_19;muita;2
1328;40/2022;2022_40_19;mukaan;1
1328;40/2022;2022_40_19;mutta;2
1328;40/2022;2022_40_19;muualla;1
1328;40/2022;2022_40_19;muuhun;1
1328;40/2022;2022_40_19;muunkaan;1
1328;40/2022;2022_40_19;muuten;1
1328;40/2022;2022_40_19;muutoksesta;1
1328;40/2022;2022_40_19;myös;2
1328;40/2022;2022_40_19;määräaikaisesti;1
1328;40/2022;2022_40_19;neljä;1
1328;40/2022;2022_40_19;niin;1
1328;40/2022;2022_40_19;no;1
1328;40/2022;2022_40_19;nostettava;1
1328;40/2022;2022_40_19;nousee;1
1328;40/2022;2022_40_19;nousemaan;1
1328;40/2022;2022_40_19;nousevat;2
1328;40/2022;2022_40_19;nousussa;1
1328;40/2022;2022_40_19;nyt;2
1328;40/2022;2022_40_19;näinä;1
1328;40/2022;2022_40_19;nämä;1
1328;40/2022;2022_40_19;näytti;1
1328;40/2022;2022_40_19;ole;4
1328;40/2022;2022_40_19;olemaan;1
1328;40/2022;2022_40_19;oli;1
1328;40/2022;2022_40_19;olla;2
1328;40/2022;2022_40_19;oma;1
1328;40/2022;2022_40_19;on;16
1328;40/2022;2022_40_19;ongelma;1
1328;40/2022;2022_40_19;opettajat;1
1328;40/2022;2022_40_19;oppivelvollisuuden;1
1328;40/2022;2022_40_19;osa;1
1328;40/2022;2022_40_19;osa-aikaiset;1
1328;40/2022;2022_40_19;osaa;1
1328;40/2022;2022_40_19;ostovoima;1
1328;40/2022;2022_40_19;otetaan;2
1328;40/2022;2022_40_19;ottaa;4
1328;40/2022;2022_40_19;ottamalla;1
1328;40/2022;2022_40_19;ovat;6
1328;40/2022;2022_40_19;pakolaisten;1
1328;40/2022;2022_40_19;palkankorotuksensa;1
1328;40/2022;2022_40_19;palkankorotuksiin;1
1328;40/2022;2022_40_19;palkat;1
1328;40/2022;2022_40_19;palkkaharmonisaatioon;2
1328;40/2022;2022_40_19;palkkaneuvotteluja;1
1328;40/2022;2022_40_19;palkkarahat;1
1328;40/2022;2022_40_19;palveluista;1
1328;40/2022;2022_40_19;pannut;1
1328;40/2022;2022_40_19;parantuneet;1
1328;40/2022;2022_40_19;paukutellut;1
1328;40/2022;2022_40_19;pelaa;1
1328;40/2022;2022_40_19;pelastamiseen;1
1328;40/2022;2022_40_19;peliä;1
1328;40/2022;2022_40_19;pelkästään;1
1328;40/2022;2022_40_19;pidentäminen;1
1328;40/2022;2022_40_19;pidä;1
1328;40/2022;2022_40_19;piti;1
1328;40/2022;2022_40_19;pitkäaikaistyöttömiksi;1
1328;40/2022;2022_40_19;pitkään;2
1328;40/2022;2022_40_19;pitäisi;1
1328;40/2022;2022_40_19;pitää;5
1328;40/2022;2022_40_19;poismenon;1
1328;40/2022;2022_40_19;polttoaineiden;2
1328;40/2022;2022_40_19;prosentin;1
1328;40/2022;2022_40_19;prosenttia;1
1328;40/2022;2022_40_19;prosenttiin;2
1328;40/2022;2022_40_19;prosenttiyksikköä;1
1328;40/2022;2022_40_19;puhemies;5
1328;40/2022;2022_40_19;puhtaasti;1
1328;40/2022;2022_40_19;puolustusmenoihin;1
1328;40/2022;2022_40_19;puolustusta;1
1328;40/2022;2022_40_19;pyrkii;1
1328;40/2022;2022_40_19;pysty;1
1328;40/2022;2022_40_19;pystynyt;1
1328;40/2022;2022_40_19;pystyy;1
1328;40/2022;2022_40_19;pystyä;1
1328;40/2022;2022_40_19;päivä;1
1328;40/2022;2022_40_19;päivää;1
1328;40/2022;2022_40_19;päätöksiin;1
1328;40/2022;2022_40_19;rahat;2
1328;40/2022;2022_40_19;riittävästi;1
1328;40/2022;2022_40_19;ruoan;1
1328;40/2022;2022_40_19;sama;1
1328;40/2022;2022_40_19;samanlainen;1
1328;40/2022;2022_40_19;se;3
1328;40/2022;2022_40_19;seitsemän;1
1328;40/2022;2022_40_19;sellainen;2
1328;40/2022;2022_40_19;selviä;1
1328;40/2022;2022_40_19;selvää;2
1328;40/2022;2022_40_19;seuraavan;1
1328;40/2022;2022_40_19;siitä;1
1328;40/2022;2022_40_19;sitten;1
1328;40/2022;2022_40_19;sodan;1
1328;40/2022;2022_40_19;sosiaali;1
1328;40/2022;2022_40_19;sota;1
1328;40/2022;2022_40_19;sotaa;1
1328;40/2022;2022_40_19;sote-alan;1
1328;40/2022;2022_40_19;sote-alueiden;1
1328;40/2022;2022_40_19;sote-henkilökunta;1
1328;40/2022;2022_40_19;sote-palveluja;1
1328;40/2022;2022_40_19;sovituista;1
1328;40/2022;2022_40_19;suomalaisten;1
1328;40/2022;2022_40_19;suomella;1
1328;40/2022;2022_40_19;suomi;1
1328;40/2022;2022_40_19;suoraan;1
1328;40/2022;2022_40_19;synny;1
1328;40/2022;2022_40_19;säästöjä;1
1328;40/2022;2022_40_19;tahto;1
1328;40/2022;2022_40_19;tai;2
1328;40/2022;2022_40_19;takia;1
1328;40/2022;2022_40_19;talman;5
1328;40/2022;2022_40_19;taloudellinen;1
1328;40/2022;2022_40_19;talouden;4
1328;40/2022;2022_40_19;taloutemme;1
1328;40/2022;2022_40_19;tarvitaan;1
1328;40/2022;2022_40_19;tarvittavat;1
1328;40/2022;2022_40_19;tarvittavia;1
1328;40/2022;2022_40_19;tehdyt;1
1328;40/2022;2022_40_19;tehdään;1
1328;40/2022;2022_40_19;tekeminen;1
1328;40/2022;2022_40_19;tekemään;2
1328;40/2022;2022_40_19;toi;1
1328;40/2022;2022_40_19;toimeen;1
1328;40/2022;2022_40_19;tulee;1
1328;40/2022;2022_40_19;tulevaan;1
1328;40/2022;2022_40_19;tulevaisuudessa;2
1328;40/2022;2022_40_19;tulevat;3
1328;40/2022;2022_40_19;tuleviin;1
1328;40/2022;2022_40_19;tulla;2
1328;40/2022;2022_40_19;tuontiöljystä;1
1328;40/2022;2022_40_19;tuovat;1
1328;40/2022;2022_40_19;turvallisuuden;1
1328;40/2022;2022_40_19;turvata;1
1328;40/2022;2022_40_19;työelämän;1
1328;40/2022;2022_40_19;työllisyyden;1
1328;40/2022;2022_40_19;työllisyysaste;2
1328;40/2022;2022_40_19;työllisyysluvuilla;1
1328;40/2022;2022_40_19;työllä;1
1328;40/2022;2022_40_19;työmarkkinakysymyksenä;1
1328;40/2022;2022_40_19;työmarkkinoilla;1
1328;40/2022;2022_40_19;työn;1
1328;40/2022;2022_40_19;työpaikkoja;1
1328;40/2022;2022_40_19;työt;1
1328;40/2022;2022_40_19;työttömyysturvaa;1
1328;40/2022;2022_40_19;työtunnit;1
1328;40/2022;2022_40_19;työviikko;1
1328;40/2022;2022_40_19;työvoimatoimistojen;1
1328;40/2022;2022_40_19;tämä;3
1328;40/2022;2022_40_19;tänä;1
1328;40/2022;2022_40_19;tärkeimmän;1
1328;40/2022;2022_40_19;tärkeysjärjestykseen;1
1328;40/2022;2022_40_19;tärkeää;1
1328;40/2022;2022_40_19;tässä;1
1328;40/2022;2022_40_19;töitä;1
1328;40/2022;2022_40_19;ukrainalaisten;1
1328;40/2022;2022_40_19;ukrainan;2
1328;40/2022;2022_40_19;usko;1
1328;40/2022;2022_40_19;uudistaa;1
1328;40/2022;2022_40_19;uudistuksia;1
1328;40/2022;2022_40_19;uusia;1
1328;40/2022;2022_40_19;vaarallista;1
1328;40/2022;2022_40_19;vain;2
1328;40/2022;2022_40_19;valintoja;1
1328;40/2022;2022_40_19;valtio;1
1328;40/2022;2022_40_19;valtion;2
1328;40/2022;2022_40_19;valtiontalouden;1
1328;40/2022;2022_40_19;valtiovarainministeriön;1
1328;40/2022;2022_40_19;varannut;1
1328;40/2022;2022_40_19;varattua;1
1328;40/2022;2022_40_19;varmaan;1
1328;40/2022;2022_40_19;vastaan;1
1328;40/2022;2022_40_19;vastaanottaminen;1
1328;40/2022;2022_40_19;vastaanottamiseen;1
1328;40/2022;2022_40_19;velkaa;4
1328;40/2022;2022_40_19;velkaelvytys;2
1328;40/2022;2022_40_19;velkojien;1
1328;40/2022;2022_40_19;venäjän;1
1328;40/2022;2022_40_19;veronalennuksilla;1
1328;40/2022;2022_40_19;vielä;2
1328;40/2022;2022_40_19;viides;1
1328;40/2022;2022_40_19;viiteen;1
1328;40/2022;2022_40_19;voi;3
1328;40/2022;2022_40_19;vuoden;1
1328;40/2022;2022_40_19;vuodessa;1
1328;40/2022;2022_40_19;vuonna;1
1328;40/2022;2022_40_19;vuonnakin;1
1328;40/2022;2022_40_19;vuosia;1
1328;40/2022;2022_40_19;välittänyt;1
1328;40/2022;2022_40_19;yhden;1
1328;40/2022;2022_40_19;yhtälö;1
1328;40/2022;2022_40_19;yhtään;1
1328;40/2022;2022_40_19;yli;1
1328;40/2022;2022_40_19;ylipäätään;1
1328;40/2022;2022_40_19;yrittäjien;1
1328;40/2022;2022_40_19;yritysten;1
1328;40/2022;2022_40_19;ärade;5
1328;40/2024;2024_40_19;aiheuttaa;2
1328;40/2024;2024_40_19;aiheuttavat;2
1328;40/2024;2024_40_19;aivan;1
1328;40/2024;2024_40_19;ajamassa;1
1328;40/2024;2024_40_19;ajan;1
1328;40/2024;2024_40_19;ajanvaraus;1
1328;40/2024;2024_40_19;ajassa;1
1328;40/2024;2024_40_19;alijäämä;2
1328;40/2024;2024_40_19;alijäämän;1
1328;40/2024;2024_40_19;alueelle;1
1328;40/2024;2024_40_19;alueen;1
1328;40/2024;2024_40_19;alueet;1
1328;40/2024;2024_40_19;alueilla;4
1328;40/2024;2024_40_19;alueilleen;1
1328;40/2024;2024_40_19;ammattilaisten;1
1328;40/2024;2024_40_19;annetaan;1
1328;40/2024;2024_40_19;apteekista;1
1328;40/2024;2024_40_19;apteekkiin;1
1328;40/2024;2024_40_19;arjessa;2
1328;40/2024;2024_40_19;arvoa;1
1328;40/2024;2024_40_19;arvoisa;2
1328;40/2024;2024_40_19;arvosta;1
1328;40/2024;2024_40_19;askeleita;1
1328;40/2024;2024_40_19;asti;1
1328;40/2024;2024_40_19;asukkaan;1
1328;40/2024;2024_40_19;asukkaille;2
1328;40/2024;2024_40_19;asuvia;1
1328;40/2024;2024_40_19;auta;1
1328;40/2024;2024_40_19;budjettiriihessä;1
1328;40/2024;2024_40_19;chat-vastaanotto;1
1328;40/2024;2024_40_19;digitalisaatiokaan;1
1328;40/2024;2024_40_19;edes;1
1328;40/2024;2024_40_19;ei;4
1328;40/2024;2024_40_19;eihän;2
1328;40/2024;2024_40_19;eikä;1
1328;40/2024;2024_40_19;eilen;1
1328;40/2024;2024_40_19;eivät;3
1328;40/2024;2024_40_19;elinkeinoelämälle;1
1328;40/2024;2024_40_19;elämän;1
1328;40/2024;2024_40_19;emme;3
1328;40/2024;2024_40_19;en;2
1328;40/2024;2024_40_19;ensiapu;1
1328;40/2024;2024_40_19;epäluottamusäänestystä;1
1328;40/2024;2024_40_19;erittäin;1
1328;40/2024;2024_40_19;esimerkiksi;1
1328;40/2024;2024_40_19;esititte;1
1328;40/2024;2024_40_19;esitänkin;1
1328;40/2024;2024_40_19;ettekö;1
1328;40/2024;2024_40_19;että;9
1328;40/2024;2024_40_19;euroissa;1
1328;40/2024;2024_40_19;euron;1
1328;40/2024;2024_40_19;haasteita;1
1328;40/2024;2024_40_19;hakemaan;2
1328;40/2024;2024_40_19;hakenut;1
1328;40/2024;2024_40_19;hallitukselta;1
1328;40/2024;2024_40_19;hallitus;4
1328;40/2024;2024_40_19;halua;1
1328;40/2024;2024_40_19;hammas;1
1328;40/2024;2024_40_19;hammashoitoa;1
1328;40/2024;2024_40_19;hampaanne;1
1328;40/2024;2024_40_19;hampaaseen;1
1328;40/2024;2024_40_19;he;1
1328;40/2024;2024_40_19;heidän;1
1328;40/2024;2024_40_19;heikentää;1
1328;40/2024;2024_40_19;hengen;1
1328;40/2024;2024_40_19;henkeä;1
1328;40/2024;2024_40_19;henkilöstövaje;1
1328;40/2024;2024_40_19;henkilöä;1
1328;40/2024;2024_40_19;hetkeä;1
1328;40/2024;2024_40_19;hetki;1
1328;40/2024;2024_40_19;hoitamaan;2
1328;40/2024;2024_40_19;hoitoa;3
1328;40/2024;2024_40_19;hoitojonot;1
1328;40/2024;2024_40_19;hoitotakuu;1
1328;40/2024;2024_40_19;hoitotakuuaikoja;1
1328;40/2024;2024_40_19;hukassa;1
1328;40/2024;2024_40_19;huono;1
1328;40/2024;2024_40_19;hyppy;1
1328;40/2024;2024_40_19;hyvinvointimittareita;1
1328;40/2024;2024_40_19;hänelle;1
1328;40/2024;2024_40_19;hävetä;1
1328;40/2024;2024_40_19;häviää;1
1328;40/2024;2024_40_19;ihminen;1
1328;40/2024;2024_40_19;ihmisellä;1
1328;40/2024;2024_40_19;ihmisen;1
1328;40/2024;2024_40_19;ihmiset;2
1328;40/2024;2024_40_19;ihmisille;3
1328;40/2024;2024_40_19;ihmisiä;2
1328;40/2024;2024_40_19;ikäihmisiä;1
1328;40/2024;2024_40_19;ilmoitettiin;1
1328;40/2024;2024_40_19;ilmoittivat;1
1328;40/2024;2024_40_19;infektio;1
1328;40/2024;2024_40_19;innovaatiot;1
1328;40/2024;2024_40_19;irtisanoa;1
1328;40/2024;2024_40_19;iso;1
1328;40/2024;2024_40_19;isä;1
1328;40/2024;2024_40_19;itse;1
1328;40/2024;2024_40_19;iäkkäitä;1
1328;40/2024;2024_40_19;ja;16
1328;40/2024;2024_40_19;joiden;1
1328;40/2024;2024_40_19;joillakin;1
1328;40/2024;2024_40_19;joille;1
1328;40/2024;2024_40_19;joissain;1
1328;40/2024;2024_40_19;joka;2
1328;40/2024;2024_40_19;jolla;1
1328;40/2024;2024_40_19;jolloin;1
1328;40/2024;2024_40_19;jonka;1
1328;40/2024;2024_40_19;jono;1
1328;40/2024;2024_40_19;jopa;1
1328;40/2024;2024_40_19;jos;2
1328;40/2024;2024_40_19;joten;1
1328;40/2024;2024_40_19;jotka;1
1328;40/2024;2024_40_19;joutua;1
1328;40/2024;2024_40_19;julkinen;2
1328;40/2024;2024_40_19;juuso;2
1328;40/2024;2024_40_19;juuson;1
1328;40/2024;2024_40_19;jälleen;1
1328;40/2024;2024_40_19;järkeä;1
1328;40/2024;2024_40_19;jätetään;1
1328;40/2024;2024_40_19;jättää;1
1328;40/2024;2024_40_19;kaaokseen;1
1328;40/2024;2024_40_19;kahdeksan;1
1328;40/2024;2024_40_19;kahden;1
1328;40/2024;2024_40_19;kai;1
1328;40/2024;2024_40_19;kaikki;2
1328;40/2024;2024_40_19;kaikkien;1
1328;40/2024;2024_40_19;kannata;1
1328;40/2024;2024_40_19;kannattaa;1
1328;40/2024;2024_40_19;kansallisella;1
1328;40/2024;2024_40_19;katri;1
1328;40/2024;2024_40_19;kauhealta;1
1328;40/2024;2024_40_19;kaupunkia;1
1328;40/2024;2024_40_19;kehittämiseen;1
1328;40/2024;2024_40_19;kelan;1
1328;40/2024;2024_40_19;kemissä;1
1328;40/2024;2024_40_19;keravalta;1
1328;40/2024;2024_40_19;kiuru;1
1328;40/2024;2024_40_19;kohdistuvat;1
1328;40/2024;2024_40_19;kokonaan;1
1328;40/2024;2024_40_19;kolmen;2
1328;40/2024;2024_40_19;korjaussarja;1
1328;40/2024;2024_40_19;korjaussarjoja;1
1328;40/2024;2024_40_19;korvaamaa;1
1328;40/2024;2024_40_19;koskaan;1
1328;40/2024;2024_40_19;kotiseudullaan;1
1328;40/2024;2024_40_19;kouvolassa;1
1328;40/2024;2024_40_19;kuin;2
1328;40/2024;2024_40_19;kulmuni;1
1328;40/2024;2024_40_19;kun;1
1328;40/2024;2024_40_19;kuukauden;2
1328;40/2024;2024_40_19;kuukauteen;1
1328;40/2024;2024_40_19;kuulin;1
1328;40/2024;2024_40_19;kuuteen;1
1328;40/2024;2024_40_19;kyllä;3
1328;40/2024;2024_40_19;kärsimyksiä;1
1328;40/2024;2024_40_19;kärsimystä;1
1328;40/2024;2024_40_19;käsittämätöntä;1
1328;40/2024;2024_40_19;käytännön;1
1328;40/2024;2024_40_19;käytännössä;1
1328;40/2024;2024_40_19;laitoksesta;1
1328;40/2024;2024_40_19;lakkautustoimenpiteet;1
1328;40/2024;2024_40_19;lapsia;1
1328;40/2024;2024_40_19;laskennallisen;1
1328;40/2024;2024_40_19;liikenne;1
1328;40/2024;2024_40_19;linjannut;1
1328;40/2024;2024_40_19;lohjennut;1
1328;40/2024;2024_40_19;lähes;2
1328;40/2024;2024_40_19;lääketieteen;1
1328;40/2024;2024_40_19;löytyy;1
1328;40/2024;2024_40_19;löytyykö;1
1328;40/2024;2024_40_19;maan;1
1328;40/2024;2024_40_19;mahdollisimman;1
1328;40/2024;2024_40_19;meillä;2
1328;40/2024;2024_40_19;menetyksen;1
1328;40/2024;2024_40_19;menetys;1
1328;40/2024;2024_40_19;menkää;1
1328;40/2024;2024_40_19;mennyt;1
1328;40/2024;2024_40_19;merkittäviä;1
1328;40/2024;2024_40_19;miettikää;1
1328;40/2024;2024_40_19;miettiä;1
1328;40/2024;2024_40_19;mihin;1
1328;40/2024;2024_40_19;miljardia;1
1328;40/2024;2024_40_19;miljardin;2
1328;40/2024;2024_40_19;miljoonaa;1
1328;40/2024;2024_40_19;millaisia;1
1328;40/2024;2024_40_19;miltä;1
1328;40/2024;2024_40_19;ministeri;1
1328;40/2024;2024_40_19;minulle;1
1328;40/2024;2024_40_19;missä;1
1328;40/2024;2024_40_19;mittaamaan;1
1328;40/2024;2024_40_19;mittaamassa;1
1328;40/2024;2024_40_19;mittaiseksi;1
1328;40/2024;2024_40_19;mitään;1
1328;40/2024;2024_40_19;mobiiliverkot;1
1328;40/2024;2024_40_19;mutta;2
1328;40/2024;2024_40_19;myös;2
1328;40/2024;2024_40_19;mä;1
1328;40/2024;2024_40_19;mätänemään;1
1328;40/2024;2024_40_19;määrän;1
1328;40/2024;2024_40_19;naama;1
1328;40/2024;2024_40_19;niin;1
1328;40/2024;2024_40_19;niitä;1
1328;40/2024;2024_40_19;no;1
1328;40/2024;2024_40_19;nojaan;1
1328;40/2024;2024_40_19;nopeasti;1
1328;40/2024;2024_40_19;nykyisellä;1
1328;40/2024;2024_40_19;nyt;4
1328;40/2024;2024_40_19;näillä;3
1328;40/2024;2024_40_19;näitä;1
1328;40/2024;2024_40_19;nämä;2
1328;40/2024;2024_40_19;odottamaan;1
1328;40/2024;2024_40_19;ole;1
1328;40/2024;2024_40_19;olette;1
1328;40/2024;2024_40_19;oli;2
1328;40/2024;2024_40_19;olleet;1
1328;40/2024;2024_40_19;oma;1
1328;40/2024;2024_40_19;omaiset;1
1328;40/2024;2024_40_19;oman;1
1328;40/2024;2024_40_19;omille;1
1328;40/2024;2024_40_19;on;19
1328;40/2024;2024_40_19;onhan;1
1328;40/2024;2024_40_19;onnensa;1
1328;40/2024;2024_40_19;ovat;3
1328;40/2024;2024_40_19;ovatko;1
1328;40/2024;2024_40_19;pahentaa;1
1328;40/2024;2024_40_19;paikalliselle;1
1328;40/2024;2024_40_19;paikassa;1
1328;40/2024;2024_40_19;paikoissa;1
1328;40/2024;2024_40_19;paljon;2
1328;40/2024;2024_40_19;palvellut;1
1328;40/2024;2024_40_19;panostuksia;1
1328;40/2024;2024_40_19;parasta;1
1328;40/2024;2024_40_19;pelastettaisiin;1
1328;40/2024;2024_40_19;peruspalveluita;1
1328;40/2024;2024_40_19;perusterveydenhuollon;1
1328;40/2024;2024_40_19;pidentää;1
1328;40/2024;2024_40_19;pitkiä;1
1328;40/2024;2024_40_19;pitkän;1
1328;40/2024;2024_40_19;pitäisi;2
1328;40/2024;2024_40_19;poissaolo;1
1328;40/2024;2024_40_19;potkupallo;1
1328;40/2024;2024_40_19;puhemies;2
1328;40/2024;2024_40_19;puhun;1
1328;40/2024;2024_40_19;puolueet;1
1328;40/2024;2024_40_19;puretaan;1
1328;40/2024;2024_40_19;pysty;2
1328;40/2024;2024_40_19;pystyneet;1
1328;40/2024;2024_40_19;päinvastoin;1
1328;40/2024;2024_40_19;päivystyspalveluita;1
1328;40/2024;2024_40_19;päivystyspiste;1
1328;40/2024;2024_40_19;päivystyspisteitä;1
1328;40/2024;2024_40_19;päivän;2
1328;40/2024;2024_40_19;pärjäämisen;1
1328;40/2024;2024_40_19;pärjäämistään;1
1328;40/2024;2024_40_19;päättänyt;1
1328;40/2024;2024_40_19;radikaalisti;1
1328;40/2024;2024_40_19;rakentaneet;1
1328;40/2024;2024_40_19;ranteessa;1
1328;40/2024;2024_40_19;resurssit;1
1328;40/2024;2024_40_19;riitä;1
1328;40/2024;2024_40_19;ruuhka-suomen;1
1328;40/2024;2024_40_19;saa;3
1328;40/2024;2024_40_19;saati;1
1328;40/2024;2024_40_19;sairaaloiden;1
1328;40/2024;2024_40_19;sairauspoissaolopäiviä;1
1328;40/2024;2024_40_19;sairauspoissaolopäivää;1
1328;40/2024;2024_40_19;savonlinnassa;1
1328;40/2024;2024_40_19;se;6
1328;40/2024;2024_40_19;sekä;1
1328;40/2024;2024_40_19;sen;1
1328;40/2024;2024_40_19;siirtyneet;1
1328;40/2024;2024_40_19;siis;1
1328;40/2024;2024_40_19;siksi;1
1328;40/2024;2024_40_19;sitten;1
1328;40/2024;2024_40_19;soitin;1
1328;40/2024;2024_40_19;soitti;1
1328;40/2024;2024_40_19;sosiaali;1
1328;40/2024;2024_40_19;sosiaalidemokraattien;1
1328;40/2024;2024_40_19;sote-palvelut;1
1328;40/2024;2024_40_19;sote-tietojärjestelmien;1
1328;40/2024;2024_40_19;sovelluksiin;1
1328;40/2024;2024_40_19;suljetaan;1
1328;40/2024;2024_40_19;suljettava;1
1328;40/2024;2024_40_19;sulkemalla;1
1328;40/2024;2024_40_19;suomalaisten;1
1328;40/2024;2024_40_19;suomessa;1
1328;40/2024;2024_40_19;supistetaan;1
1328;40/2024;2024_40_19;supistus;1
1328;40/2024;2024_40_19;suuhun;1
1328;40/2024;2024_40_19;suun;1
1328;40/2024;2024_40_19;suunnitelman;1
1328;40/2024;2024_40_19;syntynyt;1
1328;40/2024;2024_40_19;syntyy;1
1328;40/2024;2024_40_19;sähköinen;1
1328;40/2024;2024_40_19;särkevään;1
1328;40/2024;2024_40_19;taaksepäin;1
1328;40/2024;2024_40_19;tai;2
1328;40/2024;2024_40_19;talman;2
1328;40/2024;2024_40_19;tarina;1
1328;40/2024;2024_40_19;tarkoittaa;1
1328;40/2024;2024_40_19;tasolla;1
1328;40/2024;2024_40_19;te;2
1328;40/2024;2024_40_19;tehkää;1
1328;40/2024;2024_40_19;teidän;1
1328;40/2024;2024_40_19;teiltä;1
1328;40/2024;2024_40_19;tekisivät;1
1328;40/2024;2024_40_19;tekivät;1
1328;40/2024;2024_40_19;tekoälyn;1
1328;40/2024;2024_40_19;terveydenhuollon;2
1328;40/2024;2024_40_19;terveydenhuollossa;1
1328;40/2024;2024_40_19;terveydenhuolto;1
1328;40/2024;2024_40_19;terveydenhuoltoa;1
1328;40/2024;2024_40_19;terveyskeskuksia;1
1328;40/2024;2024_40_19;tilannetta;1
1328;40/2024;2024_40_19;todellisia;1
1328;40/2024;2024_40_19;toimenpiteet;1
1328;40/2024;2024_40_19;toimi;1
1328;40/2024;2024_40_19;toimilla;1
1328;40/2024;2024_40_19;toimintoja;1
1328;40/2024;2024_40_19;toimintojen;1
1328;40/2024;2024_40_19;toimiva;1
1328;40/2024;2024_40_19;toimivien;1
1328;40/2024;2024_40_19;toteudu;1
1328;40/2024;2024_40_19;tueksi;1
1328;40/2024;2024_40_19;tukea;1
1328;40/2024;2024_40_19;tulevaisuudessa;1
1328;40/2024;2024_40_19;tulkaa;1
1328;40/2024;2024_40_19;tuntuu;2
1328;40/2024;2024_40_19;tuomiseen;1
1328;40/2024;2024_40_19;työikäisen;1
1328;40/2024;2024_40_19;työikäisille;1
1328;40/2024;2024_40_19;tähän;1
1328;40/2024;2024_40_19;tämä;5
1328;40/2024;2024_40_19;tämän;1
1328;40/2024;2024_40_19;tärkeitä;1
1328;40/2024;2024_40_19;tässä;1
1328;40/2024;2024_40_19;tästä;2
1328;40/2024;2024_40_19;tätä;1
1328;40/2024;2024_40_19;täydelliseen;1
1328;40/2024;2024_40_19;täältä;1
1328;40/2024;2024_40_19;uhkaava;1
1328;40/2024;2024_40_19;useita;1
1328;40/2024;2024_40_19;uskoa;1
1328;40/2024;2024_40_19;uskottavuus;1
1328;40/2024;2024_40_19;vaalikausien;1
1328;40/2024;2024_40_19;vaan;1
1328;40/2024;2024_40_19;vaikutuksia;1
1328;40/2024;2024_40_19;vain;1
1328;40/2024;2024_40_19;valtavan;1
1328;40/2024;2024_40_19;vanhuksia;2
1328;40/2024;2024_40_19;vapaa-ajan;1
1328;40/2024;2024_40_19;vastuuministeri;1
1328;40/2024;2024_40_19;viikon;1
1328;40/2024;2024_40_19;voi;2
1328;40/2024;2024_40_19;voinut;1
1328;40/2024;2024_40_19;vuonna;2
1328;40/2024;2024_40_19;välikysymykseen;1
1328;40/2024;2024_40_19;välimatkoja;1
1328;40/2024;2024_40_19;yhden;1
1328;40/2024;2024_40_19;yhdenmukaistamiseen;1
1328;40/2024;2024_40_19;yhdessä;1
1328;40/2024;2024_40_19;yhdistettävä;1
1328;40/2024;2024_40_19;yhdyn;1
1328;40/2024;2024_40_19;yhteiskunnalle;1
1328;40/2024;2024_40_19;yksinkertaisesti;1
1328;40/2024;2024_40_19;yksinäisyyttä;1
1328;40/2024;2024_40_19;yksityinen;1
1328;40/2024;2024_40_19;yli;2
1328;40/2024;2024_40_19;ymmärtääkö;1
1328;40/2024;2024_40_19;ympärivuorokautinen;1
1328;40/2024;2024_40_19;ympärivuorokautisia;1
1328;40/2024;2024_40_19;äiti;1
1328;40/2024;2024_40_19;ärade;2
1328;41/2021;2021_41_96;annetaan;1
1328;41/2021;2021_41_96;antamaan;1
1328;41/2021;2021_41_96;arvoisa;1
1328;41/2021;2021_41_96;astrazenecaa;1
1328;41/2021;2021_41_96;ei;1
1328;41/2021;2021_41_96;eun;1
1328;41/2021;2021_41_96;euroopan;1
1328;41/2021;2021_41_96;haluamaan;1
1328;41/2021;2021_41_96;hyväksytään;1
1328;41/2021;2021_41_96;itse;1
1328;41/2021;2021_41_96;ja;1
1328;41/2021;2021_41_96;jo;1
1328;41/2021;2021_41_96;johnson;2
1328;41/2021;2021_41_96;jokainen;1
1328;41/2021;2021_41_96;joten;1
1328;41/2021;2021_41_96;kaikki;1
1328;41/2021;2021_41_96;kesäkuussa;1
1328;41/2021;2021_41_96;koska;1
1328;41/2021;2021_41_96;kuulu;1
1328;41/2021;2021_41_96;lausuntonsa;1
1328;41/2021;2021_41_96;lääkevirasto;1
1328;41/2021;2021_41_96;maa;1
1328;41/2021;2021_41_96;markkinoilta;1
1328;41/2021;2021_41_96;meinaako;1
1328;41/2021;2021_41_96;mikäli;1
1328;41/2021;2021_41_96;on;2
1328;41/2021;2021_41_96;otettu;1
1328;41/2021;2021_41_96;pois;1
1328;41/2021;2021_41_96;puhemies;1
1328;41/2021;2021_41_96;rokote;2
1328;41/2021;2021_41_96;rokotteesta;2
1328;41/2021;2021_41_96;rokotukset;1
1328;41/2021;2021_41_96;saa;1
1328;41/2021;2021_41_96;saksa;1
1328;41/2021;2021_41_96;sitä;1
1328;41/2021;2021_41_96;sputnik-rokotteesta;1
1328;41/2021;2021_41_96;suomi;1
1328;41/2021;2021_41_96;tehdä;2
1328;41/2021;2021_41_96;tehnyt;1
1328;41/2021;2021_41_96;todennäköisesti;1
1328;41/2021;2021_41_96;tulee;1
1328;41/2021;2021_41_96;tulevat;1
1328;41/2021;2021_41_96;tämä;1
1328;41/2021;2021_41_96;tästä;2
1328;41/2021;2021_41_96;vain;1
1328;41/2021;2021_41_96;varauksen;2
1328;41/2021;2021_41_96;varauksensa;1
1328;41/2021;2021_41_96;viivästyvät;1
1328;41/2021;2021_41_96;vuotiaalle;1
1328;41/2021;2021_41_96;yhteishankintaan;1
1328;41/2021;2021_41_96;yli;1
1328;41/2022;2022_41_24;ajattelu;1
1328;41/2022;2022_41_24;arvoisa;1
1328;41/2022;2022_41_24;eivät;1
1328;41/2022;2022_41_24;halua;1
1328;41/2022;2022_41_24;ja;2
1328;41/2022;2022_41_24;joillakin;1
1328;41/2022;2022_41_24;jotkut;1
1328;41/2022;2022_41_24;kauemmin;1
1328;41/2022;2022_41_24;kestää;1
1328;41/2022;2022_41_24;koskaan;1
1328;41/2022;2022_41_24;kun;1
1328;41/2022;2022_41_24;maailma;1
1328;41/2022;2022_41_24;menee;1
1328;41/2022;2022_41_24;mennä;1
1328;41/2022;2022_41_24;mielipide;1
1328;41/2022;2022_41_24;minulla;1
1328;41/2022;2022_41_24;murtuu;1
1328;41/2022;2022_41_24;myöntää;1
1328;41/2022;2022_41_24;nopeasti;1
1328;41/2022;2022_41_24;olleensa;1
1328;41/2022;2022_41_24;pohja;1
1328;41/2022;2022_41_24;puhemies;1
1328;41/2022;2022_41_24;se;2
1328;41/2022;2022_41_24;talman;1
1328;41/2022;2022_41_24;tapahtui;1
1328;41/2022;2022_41_24;toisilla;1
1328;41/2022;2022_41_24;turvallisuuden;1
1328;41/2022;2022_41_24;uusiksi;2
1328;41/2022;2022_41_24;voivat;1
1328;41/2022;2022_41_24;väärässä;1
1328;41/2022;2022_41_24;yhdessä;1
1328;41/2022;2022_41_24;yössä;1
1328;41/2022;2022_41_24;ärade;1
1328;41/2023;2023_41_719;arvioitu;1
1328;41/2023;2023_41_719;arvoisa;1
1328;41/2023;2023_41_719;asiasta;1
1328;41/2023;2023_41_719;että;2
1328;41/2023;2023_41_719;eussa;1
1328;41/2023;2023_41_719;hamasin;1
1328;41/2023;2023_41_719;hyökkäys;1
1328;41/2023;2023_41_719;israelia;1
1328;41/2023;2023_41_719;italiaan;1
1328;41/2023;2023_41_719;ja;3
1328;41/2023;2023_41_719;keskusteltu;1
1328;41/2023;2023_41_719;kesänä;1
1328;41/2023;2023_41_719;kolmesataatuhatta;1
1328;41/2023;2023_41_719;kreikkaan;1
1328;41/2023;2023_41_719;kysyisin;1
1328;41/2023;2023_41_719;laajenee;1
1328;41/2023;2023_41_719;lähtenyt;1
1328;41/2023;2023_41_719;lähtevän;1
1328;41/2023;2023_41_719;miljoona;1
1328;41/2023;2023_41_719;millä;1
1328;41/2023;2023_41_719;nyt;1
1328;41/2023;2023_41_719;nytten;1
1328;41/2023;2023_41_719;oli;1
1328;41/2023;2023_41_719;on;3
1328;41/2023;2023_41_719;onko;1
1328;41/2023;2023_41_719;pakolaisaalto;1
1328;41/2023;2023_41_719;pakolaisia;2
1328;41/2023;2023_41_719;pakolaista;2
1328;41/2023;2023_41_719;palestiinasta;1
1328;41/2023;2023_41_719;paljon;1
1328;41/2023;2023_41_719;puhemies;1
1328;41/2023;2023_41_719;sen;1
1328;41/2023;2023_41_719;sieltä;2
1328;41/2023;2023_41_719;siihen;1
1328;41/2023;2023_41_719;siitä;1
1328;41/2023;2023_41_719;sisäministeriltä;1
1328;41/2023;2023_41_719;sota;2
1328;41/2023;2023_41_719;suuri;1
1328;41/2023;2023_41_719;talman;1
1328;41/2023;2023_41_719;tavalla;1
1328;41/2023;2023_41_719;tulee;2
1328;41/2023;2023_41_719;tullut;1
1328;41/2023;2023_41_719;tähän;1
1328;41/2023;2023_41_719;tämä;1
1328;41/2023;2023_41_719;tästä;1
1328;41/2023;2023_41_719;vaikuttamaan;1
1328;41/2023;2023_41_719;varaudutaan;1
1328;41/2023;2023_41_719;vastaan;1
1328;41/2023;2023_41_719;verran;1
1328;41/2023;2023_41_719;viime;1
1328;41/2023;2023_41_719;ärade;1
1328;42/2022;2022_42_63;aikataululla;1
1328;42/2022;2022_42_63;ajaksi;1
1328;42/2022;2022_42_63;arvoisa;1
1328;42/2022;2022_42_63;asia;1
1328;42/2022;2022_42_63;asiasta;1
1328;42/2022;2022_42_63;energiayhtiö;1
1328;42/2022;2022_42_63;eniten;1
1328;42/2022;2022_42_63;esimerkiksi;1
1328;42/2022;2022_42_63;esitätte;1
1328;42/2022;2022_42_63;että;2
1328;42/2022;2022_42_63;euroa;1
1328;42/2022;2022_42_63;finnairin;1
1328;42/2022;2022_42_63;fortum;2
1328;42/2022;2022_42_63;fortumin;3
1328;42/2022;2022_42_63;fortumista;1
1328;42/2022;2022_42_63;haastattelussa;1
1328;42/2022;2022_42_63;hyökkäys;1
1328;42/2022;2022_42_63;ilmatila;1
1328;42/2022;2022_42_63;investoinnit;1
1328;42/2022;2022_42_63;investoinut;1
1328;42/2022;2022_42_63;ja;2
1328;42/2022;2022_42_63;johdon;1
1328;42/2022;2022_42_63;kai;1
1328;42/2022;2022_42_63;kanssa;2
1328;42/2022;2022_42_63;kaukoidän;1
1328;42/2022;2022_42_63;keskustellut;1
1328;42/2022;2022_42_63;koko;1
1328;42/2022;2022_42_63;kun;2
1328;42/2022;2022_42_63;lennoille;1
1328;42/2022;2022_42_63;lentoyhtiö;1
1328;42/2022;2022_42_63;mahdollisimman;1
1328;42/2022;2022_42_63;maihin;1
1328;42/2022;2022_42_63;marin;2
1328;42/2022;2022_42_63;meni;1
1328;42/2022;2022_42_63;miljardia;1
1328;42/2022;2022_42_63;millä;1
1328;42/2022;2022_42_63;miten;1
1328;42/2022;2022_42_63;mittaamattomaksi;1
1328;42/2022;2022_42_63;mutta;1
1328;42/2022;2022_42_63;muutti;1
1328;42/2022;2022_42_63;myös;1
1328;42/2022;2022_42_63;niin;1
1328;42/2022;2022_42_63;noin;1
1328;42/2022;2022_42_63;näitä;1
1328;42/2022;2022_42_63;olette;1
1328;42/2022;2022_42_63;oma;1
1328;42/2022;2022_42_63;omistaa;1
1328;42/2022;2022_42_63;on;2
1328;42/2022;2022_42_63;ovat;1
1328;42/2022;2022_42_63;pitää;1
1328;42/2022;2022_42_63;pois;2
1328;42/2022;2022_42_63;puhemies;1
1328;42/2022;2022_42_63;puolet;1
1328;42/2022;2022_42_63;pääministeri;2
1328;42/2022;2022_42_63;radikaalisti;1
1328;42/2022;2022_42_63;sanoitte;1
1328;42/2022;2022_42_63;strategia;1
1328;42/2022;2022_42_63;sulkeutui;1
1328;42/2022;2022_42_63;suomalaisyhtiöistä;1
1328;42/2022;2022_42_63;suomalaisyritysten;1
1328;42/2022;2022_42_63;talman;1
1328;42/2022;2022_42_63;tappioin;1
1328;42/2022;2022_42_63;tilannetta;1
1328;42/2022;2022_42_63;toimivien;1
1328;42/2022;2022_42_63;tulee;1
1328;42/2022;2022_42_63;tulla;1
1328;42/2022;2022_42_63;tytäryhtiö;1
1328;42/2022;2022_42_63;tämä;1
1328;42/2022;2022_42_63;ukrainaan;1
1328;42/2022;2022_42_63;uniperin;1
1328;42/2022;2022_42_63;uusiksi;1
1328;42/2022;2022_42_63;vaatimuksia;1
1328;42/2022;2022_42_63;valtio;1
1328;42/2022;2022_42_63;venäjälle;1
1328;42/2022;2022_42_63;venäjällä;1
1328;42/2022;2022_42_63;venäjältä;2
1328;42/2022;2022_42_63;venäjän;2
1328;42/2022;2022_42_63;vähin;1
1328;42/2022;2022_42_63;yhdessä;1
1328;42/2022;2022_42_63;ykkösaamun;1
1328;42/2022;2022_42_63;ylen;1
1328;42/2022;2022_42_63;yli;1
1328;42/2022;2022_42_63;ylivoimaisesti;1
1328;42/2022;2022_42_63;ymmärrän;1
1328;42/2022;2022_42_63;yrityksen;1
1328;42/2022;2022_42_63;ärade;1
1328;42/2024;2024_42_54;antakaa;1
1328;42/2024;2024_42_54;arvoisa;1
1328;42/2024;2024_42_54;ei;1
1328;42/2024;2024_42_54;eikö;1
1328;42/2024;2024_42_54;eivät;1
1328;42/2024;2024_42_54;en;1
1328;42/2024;2024_42_54;etteivät;1
1328;42/2024;2024_42_54;että;2
1328;42/2024;2024_42_54;hallitus;1
1328;42/2024;2024_42_54;haluaa;1
1328;42/2024;2024_42_54;haluavat;1
1328;42/2024;2024_42_54;he;2
1328;42/2024;2024_42_54;ilman;1
1328;42/2024;2024_42_54;ja;2
1328;42/2024;2024_42_54;järkeä;2
1328;42/2024;2024_42_54;katon;1
1328;42/2024;2024_42_54;koska;1
1328;42/2024;2024_42_54;kuin;1
1328;42/2024;2024_42_54;kuinka;2
1328;42/2024;2024_42_54;kuitenkin;1
1328;42/2024;2024_42_54;kun;1
1328;42/2024;2024_42_54;käydä;1
1328;42/2024;2024_42_54;menettävät;1
1328;42/2024;2024_42_54;menevät;1
1328;42/2024;2024_42_54;mitä;1
1328;42/2024;2024_42_54;mitään;1
1328;42/2024;2024_42_54;muitakin;1
1328;42/2024;2024_42_54;ne;5
1328;42/2024;2024_42_54;niiden;1
1328;42/2024;2024_42_54;niin;1
1328;42/2024;2024_42_54;ole;2
1328;42/2024;2024_42_54;on;2
1328;42/2024;2024_42_54;opiskelijan;1
1328;42/2024;2024_42_54;opiskelijoiden;1
1328;42/2024;2024_42_54;opiskelijoita;1
1328;42/2024;2024_42_54;ovat;1
1328;42/2024;2024_42_54;paljon;2
1328;42/2024;2024_42_54;parempi;1
1328;42/2024;2024_42_54;perussuomalaisten;1
1328;42/2024;2024_42_54;pidättekö;1
1328;42/2024;2024_42_54;pienene;1
1328;42/2024;2024_42_54;pitää;1
1328;42/2024;2024_42_54;puhemies;1
1328;42/2024;2024_42_54;ravintolassa;1
1328;42/2024;2024_42_54;ryhmästä;1
1328;42/2024;2024_42_54;ryyppäämässä;1
1328;42/2024;2024_42_54;saavat;2
1328;42/2024;2024_42_54;se;1
1328;42/2024;2024_42_54;siitä;1
1328;42/2024;2024_42_54;silloin;1
1328;42/2024;2024_42_54;talman;1
1328;42/2024;2024_42_54;tehdä;1
1328;42/2024;2024_42_54;tiedä;1
1328;42/2024;2024_42_54;tienata;1
1328;42/2024;2024_42_54;toimeentuloa;1
1328;42/2024;2024_42_54;tukiaan;1
1328;42/2024;2024_42_54;tyhminä;1
1328;42/2024;2024_42_54;tässä;2
1328;42/2024;2024_42_54;töihin;1
1328;42/2024;2024_42_54;töissä;2
1328;42/2024;2024_42_54;töitä;1
1328;42/2024;2024_42_54;vaihtoehtoja;1
1328;42/2024;2024_42_54;viikonloppuna;1
1328;42/2024;2024_42_54;voi;1
1328;42/2024;2024_42_54;vuokrat;1
1328;42/2024;2024_42_54;vähennetään;1
1328;42/2024;2024_42_54;ymmärtää;1
1328;42/2024;2024_42_54;ärade;1
1328;43/2019;2019_43_64;alipalkkaa;1
1328;43/2019;2019_43_64;alla;1
1328;43/2019;2019_43_64;anna;1
1328;43/2019;2019_43_64;arvoisa;1
1328;43/2019;2019_43_64;ei;1
1328;43/2019;2019_43_64;emme;2
1328;43/2019;2019_43_64;esimerkiksi;1
1328;43/2019;2019_43_64;ette;1
1328;43/2019;2019_43_64;ettei;1
1328;43/2019;2019_43_64;että;2
1328;43/2019;2019_43_64;harakalle;1
1328;43/2019;2019_43_64;harmaaseen;1
1328;43/2019;2019_43_64;harmaata;1
1328;43/2019;2019_43_64;heidät;1
1328;43/2019;2019_43_64;jonkun;1
1328;43/2019;2019_43_64;jos;2
1328;43/2019;2019_43_64;jotain;1
1328;43/2019;2019_43_64;kannata;1
1328;43/2019;2019_43_64;kannustaa;3
1328;43/2019;2019_43_64;korjauksessa;1
1328;43/2019;2019_43_64;kuin;1
1328;43/2019;2019_43_64;kun;1
1328;43/2019;2019_43_64;käydä;1
1328;43/2019;2019_43_64;liikkumaan;2
1328;43/2019;2019_43_64;maksetaan;1
1328;43/2019;2019_43_64;meidän;2
1328;43/2019;2019_43_64;meinaatteko;1
1328;43/2019;2019_43_64;ministeri;1
1328;43/2019;2019_43_64;miten;1
1328;43/2019;2019_43_64;muka;1
1328;43/2019;2019_43_64;muodossa;1
1328;43/2019;2019_43_64;muualla;1
1328;43/2019;2019_43_64;muuttorahalla;1
1328;43/2019;2019_43_64;myös;1
1328;43/2019;2019_43_64;naapurissa;1
1328;43/2019;2019_43_64;niin;2
1328;43/2019;2019_43_64;nyt;1
1328;43/2019;2019_43_64;olisi;1
1328;43/2019;2019_43_64;olympiastadionin;1
1328;43/2019;2019_43_64;on;1
1328;43/2019;2019_43_64;palkkatuki;1
1328;43/2019;2019_43_64;perustelin;1
1328;43/2019;2019_43_64;perässä;2
1328;43/2019;2019_43_64;pitäisi;1
1328;43/2019;2019_43_64;poistamaan;1
1328;43/2019;2019_43_64;porkkanaa;1
1328;43/2019;2019_43_64;puhemies;1
1328;43/2019;2019_43_64;pysty;2
1328;43/2019;2019_43_64;rahalla;1
1328;43/2019;2019_43_64;ratkaisu;1
1328;43/2019;2019_43_64;remonttia;1
1328;43/2019;2019_43_64;saada;1
1328;43/2019;2019_43_64;saadaan;1
1328;43/2019;2019_43_64;siirtorahan;1
1328;43/2019;2019_43_64;siirtyä;1
1328;43/2019;2019_43_64;siis;1
1328;43/2019;2019_43_64;silloin;1
1328;43/2019;2019_43_64;silmiemme;1
1328;43/2019;2019_43_64;suomalaiset;1
1328;43/2019;2019_43_64;suomalaisia;2
1328;43/2019;2019_43_64;suomalaisille;1
1328;43/2019;2019_43_64;suomessa;1
1328;43/2019;2019_43_64;talouteen;1
1328;43/2019;2019_43_64;taloutta;1
1328;43/2019;2019_43_64;tehdä;1
1328;43/2019;2019_43_64;tehtyä;1
1328;43/2019;2019_43_64;työllistettyä;1
1328;43/2019;2019_43_64;työn;2
1328;43/2019;2019_43_64;työnhakijoita;1
1328;43/2019;2019_43_64;työttömille;1
1328;43/2019;2019_43_64;työttömyyteen;1
1328;43/2019;2019_43_64;tässä;1
1328;43/2019;2019_43_64;ulkomaalaisille;1
1328;43/2019;2019_43_64;vaan;2
1328;43/2019;2019_43_64;vaikea;1
1328;43/2019;2019_43_64;vaikkapa;1
1328;43/2019;2019_43_64;valtion;1
1328;43/2019;2019_43_64;valvomaan;1
1328;43/2019;2019_43_64;voi;1
1328;43/2019;2019_43_64;välikysymyksen;1
1328;43/2019;2019_43_64;yhteydessä;1
1328;44/2020;2020_44_31;arvoisa;1
1328;44/2020;2020_44_31;auta;1
1328;44/2020;2020_44_31;auttaa;1
1328;44/2020;2020_44_31;edettävä;1
1328;44/2020;2020_44_31;ei;3
1328;44/2020;2020_44_31;että;2
1328;44/2020;2020_44_31;hakea;1
1328;44/2020;2020_44_31;henriksson;2
1328;44/2020;2020_44_31;hyvä;2
1328;44/2020;2020_44_31;ilmoitti;1
1328;44/2020;2020_44_31;ja;1
1328;44/2020;2020_44_31;jos;2
1328;44/2020;2020_44_31;jossa;1
1328;44/2020;2020_44_31;järjestelyllä;1
1328;44/2020;2020_44_31;jättää;1
1328;44/2020;2020_44_31;kassan;1
1328;44/2020;2020_44_31;konkurssiin;1
1328;44/2020;2020_44_31;konkurssilain;1
1328;44/2020;2020_44_31;konkurssilainsäädäntöä;1
1328;44/2020;2020_44_31;konkurssin;1
1328;44/2020;2020_44_31;kuluttua;1
1328;44/2020;2020_44_31;kuopan;1
1328;44/2020;2020_44_31;luvun;1
1328;44/2020;2020_44_31;lykkääminen;1
1328;44/2020;2020_44_31;mahdollista;1
1328;44/2020;2020_44_31;markkinoilla;1
1328;44/2020;2020_44_31;meillä;1
1328;44/2020;2020_44_31;menettely;1
1328;44/2020;2020_44_31;merkille;1
1328;44/2020;2020_44_31;ministeri;1
1328;44/2020;2020_44_31;monella;1
1328;44/2020;2020_44_31;muassa;1
1328;44/2020;2020_44_31;mutta;1
1328;44/2020;2020_44_31;muun;1
1328;44/2020;2020_44_31;muutetaan;1
1328;44/2020;2020_44_31;muutos;1
1328;44/2020;2020_44_31;määrittämättä;1
1328;44/2020;2020_44_31;niin;2
1328;44/2020;2020_44_31;näkyy;1
1328;44/2020;2020_44_31;oikeusministeri;1
1328;44/2020;2020_44_31;olipa;1
1328;44/2020;2020_44_31;on;5
1328;44/2020;2020_44_31;onko;1
1328;44/2020;2020_44_31;palvelu;1
1328;44/2020;2020_44_31;panna;1
1328;44/2020;2020_44_31;pohja;2
1328;44/2020;2020_44_31;pohjalta;1
1328;44/2020;2020_44_31;puhemies;1
1328;44/2020;2020_44_31;pärjäävä;1
1328;44/2020;2020_44_31;rakentaa;1
1328;44/2020;2020_44_31;riitä;1
1328;44/2020;2020_44_31;rintamalla;1
1328;44/2020;2020_44_31;sanoen;1
1328;44/2020;2020_44_31;sanottu;1
1328;44/2020;2020_44_31;se;3
1328;44/2020;2020_44_31;selvittäjä;1
1328;44/2020;2020_44_31;sinällään;1
1328;44/2020;2020_44_31;syytä;1
1328;44/2020;2020_44_31;tai;1
1328;44/2020;2020_44_31;tavara;1
1328;44/2020;2020_44_31;toisin;1
1328;44/2020;2020_44_31;tulee;1
1328;44/2020;2020_44_31;tuote;1
1328;44/2020;2020_44_31;tämä;2
1328;44/2020;2020_44_31;uudistus;1
1328;44/2020;2020_44_31;velkojen;1
1328;44/2020;2020_44_31;viikon;1
1328;44/2020;2020_44_31;voi;1
1328;44/2020;2020_44_31;voidaan;1
1328;44/2020;2020_44_31;voitaisiin;1
1328;44/2020;2020_44_31;yksin;1
1328;44/2020;2020_44_31;yksinkertaistettu;2
1328;44/2020;2020_44_31;yli;1
1328;44/2020;2020_44_31;yrityksen;1
1328;44/2020;2020_44_31;yrityssaneerauksella;1
1328;44/2020;2020_44_31;yrityssaneeraus;1
1328;44/2020;2020_44_31;yrityssaneerauslaissa;1
1328;44/2020;2020_44_31;yritystä;1
1328;44/2021;2021_44_61;arvoisa;1
1328;44/2021;2021_44_61;budjettiraameja;1
1328;44/2021;2021_44_61;budjettiriihen;1
1328;44/2021;2021_44_61;että;2
1328;44/2021;2021_44_61;eu-maksut;1
1328;44/2021;2021_44_61;eurolla;1
1328;44/2021;2021_44_61;euroon;1
1328;44/2021;2021_44_61;ja;1
1328;44/2021;2021_44_61;kautta;1
1328;44/2021;2021_44_61;levennettäisiin;1
1328;44/2021;2021_44_61;lienee;1
1328;44/2021;2021_44_61;lisääntyvät;1
1328;44/2021;2021_44_61;maksut;1
1328;44/2021;2021_44_61;median;1
1328;44/2021;2021_44_61;miljoonaan;1
1328;44/2021;2021_44_61;miljoonalla;1
1328;44/2021;2021_44_61;ministeri;1
1328;44/2021;2021_44_61;mitä;1
1328;44/2021;2021_44_61;nämä;1
1328;44/2021;2021_44_61;oli;1
1328;44/2021;2021_44_61;on;1
1328;44/2021;2021_44_61;osasyy;1
1328;44/2021;2021_44_61;ovat;1
1328;44/2021;2021_44_61;paikkansa;1
1328;44/2021;2021_44_61;pienempi;1
1328;44/2021;2021_44_61;pitääkö;1
1328;44/2021;2021_44_61;puhemies;1
1328;44/2021;2021_44_61;se;2
1328;44/2021;2021_44_61;sitten;1
1328;44/2021;2021_44_61;summa;1
1328;44/2021;2021_44_61;suurempi;1
1328;44/2021;2021_44_61;tai;1
1328;44/2021;2021_44_61;tietoa;1
1328;44/2021;2021_44_61;tullut;1
1328;44/2021;2021_44_61;tähän;1
1328;44/2021;2021_44_61;tämä;1
1328;44/2021;2021_44_61;valtion;1
1328;44/2021;2021_44_61;vanhanen;1
1328;44/2021;2021_44_61;yhteydessä;1
1328;44/2021;2021_44_61;yli;1
1328;44/2023;2023_44_21;aikaa;1
1328;44/2023;2023_44_21;aikana;1
1328;44/2023;2023_44_21;aikoo;1
1328;44/2023;2023_44_21;aitiossa;1
1328;44/2023;2023_44_21;ajoissa;1
1328;44/2023;2023_44_21;alkaa;1
1328;44/2023;2023_44_21;arvoisa;4
1328;44/2023;2023_44_21;arvokkaan;1
1328;44/2023;2023_44_21;arvokkaasta;1
1328;44/2023;2023_44_21;asia;1
1328;44/2023;2023_44_21;asiakkaita;1
1328;44/2023;2023_44_21;auta;1
1328;44/2023;2023_44_21;avataan;1
1328;44/2023;2023_44_21;diagnoosista;1
1328;44/2023;2023_44_21;digitaalisuuden;1
1328;44/2023;2023_44_21;edellinen;1
1328;44/2023;2023_44_21;edes;1
1328;44/2023;2023_44_21;ehtivät;1
1328;44/2023;2023_44_21;ei;14
1328;44/2023;2023_44_21;eihän;1
1328;44/2023;2023_44_21;eikä;2
1328;44/2023;2023_44_21;eivät;2
1328;44/2023;2023_44_21;eläkkeellä;1
1328;44/2023;2023_44_21;elää;1
1328;44/2023;2023_44_21;ennen;1
1328;44/2023;2023_44_21;ennenaikaisesti;1
1328;44/2023;2023_44_21;ensi;1
1328;44/2023;2023_44_21;eri;2
1328;44/2023;2023_44_21;erikoissairaanhoitoon;1
1328;44/2023;2023_44_21;erittäin;2
1328;44/2023;2023_44_21;etsiä;1
1328;44/2023;2023_44_21;ettei;1
1328;44/2023;2023_44_21;että;4
1328;44/2023;2023_44_21;euroa;3
1328;44/2023;2023_44_21;hallitus;2
1328;44/2023;2023_44_21;hallussa;1
1328;44/2023;2023_44_21;halua;1
1328;44/2023;2023_44_21;hanskat;1
1328;44/2023;2023_44_21;hautaan;1
1328;44/2023;2023_44_21;heitteillä;3
1328;44/2023;2023_44_21;heitä;1
1328;44/2023;2023_44_21;hengistä;1
1328;44/2023;2023_44_21;hintoihin;1
1328;44/2023;2023_44_21;hoidosta;1
1328;44/2023;2023_44_21;hoitajia;2
1328;44/2023;2023_44_21;hoitamisesta;1
1328;44/2023;2023_44_21;hoitoa;1
1328;44/2023;2023_44_21;hoitoon;1
1328;44/2023;2023_44_21;hoivaa;1
1328;44/2023;2023_44_21;hoivaan;2
1328;44/2023;2023_44_21;huolissani;1
1328;44/2023;2023_44_21;huonompi;1
1328;44/2023;2023_44_21;huonosti;2
1328;44/2023;2023_44_21;hyvin;2
1328;44/2023;2023_44_21;hyvinvoinnin;1
1328;44/2023;2023_44_21;hyvinvointialueilla;1
1328;44/2023;2023_44_21;hyvinvointiyhteiskuntamme;1
1328;44/2023;2023_44_21;hyvä;1
1328;44/2023;2023_44_21;hän;1
1328;44/2023;2023_44_21;hätätila;3
1328;44/2023;2023_44_21;ideologioihin;1
1328;44/2023;2023_44_21;ideologisiin;1
1328;44/2023;2023_44_21;ihmiset;2
1328;44/2023;2023_44_21;ihmisten;2
1328;44/2023;2023_44_21;ihmistä;1
1328;44/2023;2023_44_21;ikäihmisten;1
1328;44/2023;2023_44_21;ikävä;1
1328;44/2023;2023_44_21;ilman;1
1328;44/2023;2023_44_21;iso;1
1328;44/2023;2023_44_21;itsenne;1
1328;44/2023;2023_44_21;ja;26
1328;44/2023;2023_44_21;jatkuvasta;1
1328;44/2023;2023_44_21;johdu;1
1328;44/2023;2023_44_21;johtajuuden;1
1328;44/2023;2023_44_21;joista;1
1328;44/2023;2023_44_21;jos;2
1328;44/2023;2023_44_21;josta;1
1328;44/2023;2023_44_21;joutuu;1
1328;44/2023;2023_44_21;julkinen;1
1328;44/2023;2023_44_21;julkista;1
1328;44/2023;2023_44_21;junaratoihin;1
1328;44/2023;2023_44_21;juuri;1
1328;44/2023;2023_44_21;kaatuu;1
1328;44/2023;2023_44_21;kaikki;2
1328;44/2023;2023_44_21;kaipaavaa;1
1328;44/2023;2023_44_21;kalliimpaa;1
1328;44/2023;2023_44_21;kantamasta;1
1328;44/2023;2023_44_21;kasvanut;1
1328;44/2023;2023_44_21;katastrofi;1
1328;44/2023;2023_44_21;kauppoja;1
1328;44/2023;2023_44_21;kautta;1
1328;44/2023;2023_44_21;kela-korvausten;1
1328;44/2023;2023_44_21;kemin;1
1328;44/2023;2023_44_21;kenenkään;1
1328;44/2023;2023_44_21;keskellä;1
1328;44/2023;2023_44_21;keskeltä;1
1328;44/2023;2023_44_21;keskittyneet;1
1328;44/2023;2023_44_21;kestää;1
1328;44/2023;2023_44_21;kierre;1
1328;44/2023;2023_44_21;kiitos;1
1328;44/2023;2023_44_21;kohta;3
1328;44/2023;2023_44_21;koko;3
1328;44/2023;2023_44_21;kolme;1
1328;44/2023;2023_44_21;korjata;3
1328;44/2023;2023_44_21;korjataan;1
1328;44/2023;2023_44_21;korvausta;1
1328;44/2023;2023_44_21;koskevat;1
1328;44/2023;2023_44_21;kuin;1
1328;44/2023;2023_44_21;kuinka;1
1328;44/2023;2023_44_21;kun;4
1328;44/2023;2023_44_21;kuntoon;1
1328;44/2023;2023_44_21;kuormittaa;1
1328;44/2023;2023_44_21;kuukausia;1
1328;44/2023;2023_44_21;kuukautta;1
1328;44/2023;2023_44_21;kymmenen;1
1328;44/2023;2023_44_21;kyse;1
1328;44/2023;2023_44_21;laittaa;1
1328;44/2023;2023_44_21;leikkaamassa;1
1328;44/2023;2023_44_21;leikkaushoitoa;1
1328;44/2023;2023_44_21;liike;1
1328;44/2023;2023_44_21;lisärahoitusta;1
1328;44/2023;2023_44_21;lisää;3
1328;44/2023;2023_44_21;lisääminen;1
1328;44/2023;2023_44_21;luvattiin;1
1328;44/2023;2023_44_21;lyövät;1
1328;44/2023;2023_44_21;lähimmäistensä;1
1328;44/2023;2023_44_21;lääkäripula;1
1328;44/2023;2023_44_21;mahdoton;1
1328;44/2023;2023_44_21;me;1
1328;44/2023;2023_44_21;meille;1
1328;44/2023;2023_44_21;meillä;1
1328;44/2023;2023_44_21;meitä;1
1328;44/2023;2023_44_21;menee;1
1328;44/2023;2023_44_21;menevät;1
1328;44/2023;2023_44_21;mennessä;1
1328;44/2023;2023_44_21;menolla;2
1328;44/2023;2023_44_21;miettikää;1
1328;44/2023;2023_44_21;mikä;1
1328;44/2023;2023_44_21;miljardi;1
1328;44/2023;2023_44_21;miljardia;2
1328;44/2023;2023_44_21;miljoonaa;1
1328;44/2023;2023_44_21;minimaalista;1
1328;44/2023;2023_44_21;minua;1
1328;44/2023;2023_44_21;mistään;1
1328;44/2023;2023_44_21;miten;1
1328;44/2023;2023_44_21;mitoitukset;1
1328;44/2023;2023_44_21;mitoituksia;1
1328;44/2023;2023_44_21;mitään;1
1328;44/2023;2023_44_21;muistaa;1
1328;44/2023;2023_44_21;mukana;1
1328;44/2023;2023_44_21;mutta;2
1328;44/2023;2023_44_21;myöskään;1
1328;44/2023;2023_44_21;naurua;1
1328;44/2023;2023_44_21;nauttia;1
1328;44/2023;2023_44_21;ne;2
1328;44/2023;2023_44_21;niiden;1
1328;44/2023;2023_44_21;niillä;1
1328;44/2023;2023_44_21;nykyinen;1
1328;44/2023;2023_44_21;nyt;16
1328;44/2023;2023_44_21;näin;1
1328;44/2023;2023_44_21;näitä;1
1328;44/2023;2023_44_21;näkyy;2
1328;44/2023;2023_44_21;nämä;2
1328;44/2023;2023_44_21;odottanut;1
1328;44/2023;2023_44_21;oikein;1
1328;44/2023;2023_44_21;ole;6
1328;44/2023;2023_44_21;olen;1
1328;44/2023;2023_44_21;olevat;1
1328;44/2023;2023_44_21;olisi;2
1328;44/2023;2023_44_21;ollaan;1
1328;44/2023;2023_44_21;omaishoitajaa;1
1328;44/2023;2023_44_21;omaishoitajia;1
1328;44/2023;2023_44_21;omantuntonsa;1
1328;44/2023;2023_44_21;on;22
1328;44/2023;2023_44_21;ongelma;1
1328;44/2023;2023_44_21;osa;1
1328;44/2023;2023_44_21;osaa;1
1328;44/2023;2023_44_21;ovat;7
1328;44/2023;2023_44_21;pahentua;1
1328;44/2023;2023_44_21;paikkaan;1
1328;44/2023;2023_44_21;pakko;2
1328;44/2023;2023_44_21;paljon;2
1328;44/2023;2023_44_21;pantava;1
1328;44/2023;2023_44_21;perustasolla;1
1328;44/2023;2023_44_21;perusterveydenhuoltoon;1
1328;44/2023;2023_44_21;pidä;1
1328;44/2023;2023_44_21;pilattu;1
1328;44/2023;2023_44_21;pitkiä;1
1328;44/2023;2023_44_21;pitää;1
1328;44/2023;2023_44_21;pohjalta;1
1328;44/2023;2023_44_21;poliitikkojen;2
1328;44/2023;2023_44_21;potilas;1
1328;44/2023;2023_44_21;potista;1
1328;44/2023;2023_44_21;prosenttia;1
1328;44/2023;2023_44_21;puhemies;4
1328;44/2023;2023_44_21;puoli;2
1328;44/2023;2023_44_21;puoliksi;2
1328;44/2023;2023_44_21;puolueet;2
1328;44/2023;2023_44_21;puute;1
1328;44/2023;2023_44_21;puuttuu;1
1328;44/2023;2023_44_21;pääse;1
1328;44/2023;2023_44_21;pääseminen;1
1328;44/2023;2023_44_21;päättyy;1
1328;44/2023;2023_44_21;rahaa;2
1328;44/2023;2023_44_21;rahat;1
1328;44/2023;2023_44_21;rahoitus;1
1328;44/2023;2023_44_21;rakensitte;1
1328;44/2023;2023_44_21;rakentaneet;1
1328;44/2023;2023_44_21;rauhallisen;1
1328;44/2023;2023_44_21;riittävän;1
1328;44/2023;2023_44_21;rikki;1
1328;44/2023;2023_44_21;rikos;1
1328;44/2023;2023_44_21;rinta;1
1328;44/2023;2023_44_21;rottingilla;1
1328;44/2023;2023_44_21;saa;2
1328;44/2023;2023_44_21;saamme;1
1328;44/2023;2023_44_21;saavat;1
1328;44/2023;2023_44_21;sairaalat;1
1328;44/2023;2023_44_21;sairaat;3
1328;44/2023;2023_44_21;sairaiden;1
1328;44/2023;2023_44_21;sairaudet;1
1328;44/2023;2023_44_21;saisi;1
1328;44/2023;2023_44_21;sama;1
1328;44/2023;2023_44_21;sanoa;2
1328;44/2023;2023_44_21;savonlinnan;1
1328;44/2023;2023_44_21;se;1
1328;44/2023;2023_44_21;sellaista;1
1328;44/2023;2023_44_21;sen;1
1328;44/2023;2023_44_21;seuraa;1
1328;44/2023;2023_44_21;seuraavien;1
1328;44/2023;2023_44_21;siellä;1
1328;44/2023;2023_44_21;siihen;2
1328;44/2023;2023_44_21;siitä;3
1328;44/2023;2023_44_21;siivotaan;1
1328;44/2023;2023_44_21;siksi;1
1328;44/2023;2023_44_21;sitten;1
1328;44/2023;2023_44_21;sitä;3
1328;44/2023;2023_44_21;sosiaali;1
1328;44/2023;2023_44_21;sote;3
1328;44/2023;2023_44_21;sote-keskusta;1
1328;44/2023;2023_44_21;sote-uudistuksessa;1
1328;44/2023;2023_44_21;soten;2
1328;44/2023;2023_44_21;sotessa;1
1328;44/2023;2023_44_21;sotesta;1
1328;44/2023;2023_44_21;sotkut;1
1328;44/2023;2023_44_21;sukupolvet;1
1328;44/2023;2023_44_21;sukupolvien;1
1328;44/2023;2023_44_21;suljetaan;2
1328;44/2023;2023_44_21;suomalaisia;1
1328;44/2023;2023_44_21;suunniteltu;2
1328;44/2023;2023_44_21;syyllisiä;2
1328;44/2023;2023_44_21;syyttää;1
1328;44/2023;2023_44_21;syöpähoitojonoihin;1
1328;44/2023;2023_44_21;säästää;1
1328;44/2023;2023_44_21;sääti;1
1328;44/2023;2023_44_21;tai;2
1328;44/2023;2023_44_21;takuita;1
1328;44/2023;2023_44_21;takuut;1
1328;44/2023;2023_44_21;talman;3
1328;44/2023;2023_44_21;talous;1
1328;44/2023;2023_44_21;tarvitaan;1
1328;44/2023;2023_44_21;tavoin;1
1328;44/2023;2023_44_21;te;1
1328;44/2023;2023_44_21;tehdä;1
1328;44/2023;2023_44_21;tehneet;1
1328;44/2023;2023_44_21;tehokkaasti;1
1328;44/2023;2023_44_21;tehty;1
1328;44/2023;2023_44_21;tehtävä;1
1328;44/2023;2023_44_21;terveyskeskuslääkäriin;1
1328;44/2023;2023_44_21;terveyspalveluista;1
1328;44/2023;2023_44_21;terveysvakuutuksista;1
1328;44/2023;2023_44_21;tilanne;4
1328;44/2023;2023_44_21;tilanteeseen;1
1328;44/2023;2023_44_21;tiskiin;1
1328;44/2023;2023_44_21;todeta;1
1328;44/2023;2023_44_21;toimivaa;1
1328;44/2023;2023_44_21;toivoisi;1
1328;44/2023;2023_44_21;tuhansia;1
1328;44/2023;2023_44_21;tulee;3
1328;44/2023;2023_44_21;tulevaisuudesta;1
1328;44/2023;2023_44_21;tulossa;1
1328;44/2023;2023_44_21;tuntuu;1
1328;44/2023;2023_44_21;turha;1
1328;44/2023;2023_44_21;työnantajien;1
1328;44/2023;2023_44_21;työnsä;1
1328;44/2023;2023_44_21;työterveyshuollosta;1
1328;44/2023;2023_44_21;tällä;2
1328;44/2023;2023_44_21;tämä;4
1328;44/2023;2023_44_21;tämän;1
1328;44/2023;2023_44_21;tänä;2
1328;44/2023;2023_44_21;tässä;3
1328;44/2023;2023_44_21;tästä;1
1328;44/2023;2023_44_21;tätä;1
1328;44/2023;2023_44_21;täysi;1
1328;44/2023;2023_44_21;täysin;1
1328;44/2023;2023_44_21;uskokaa;1
1328;44/2023;2023_44_21;vaaleja;1
1328;44/2023;2023_44_21;vaalikauden;1
1328;44/2023;2023_44_21;vaikeampaa;1
1328;44/2023;2023_44_21;vain;3
1328;44/2023;2023_44_21;vaivat;1
1328;44/2023;2023_44_21;valintoihin;1
1328;44/2023;2023_44_21;valintoja;1
1328;44/2023;2023_44_21;valmisteltu;1
1328;44/2023;2023_44_21;valuvan;1
1328;44/2023;2023_44_21;valuvika;1
1328;44/2023;2023_44_21;vanhat;1
1328;44/2023;2023_44_21;vanheneminen;1
1328;44/2023;2023_44_21;vanhukset;3
1328;44/2023;2023_44_21;vanhusten;2
1328;44/2023;2023_44_21;vanhuuden;1
1328;44/2023;2023_44_21;vanhuudesta;1
1328;44/2023;2023_44_21;varaa;1
1328;44/2023;2023_44_21;varasta;1
1328;44/2023;2023_44_21;vasemmalla;1
1328;44/2023;2023_44_21;vastuulla;1
1328;44/2023;2023_44_21;vastuun;1
1328;44/2023;2023_44_21;vastuusta;1
1328;44/2023;2023_44_21;vielä;2
1328;44/2023;2023_44_21;voi;3
1328;44/2023;2023_44_21;vuodessa;1
1328;44/2023;2023_44_21;vuonna;3
1328;44/2023;2023_44_21;vuoteen;2
1328;44/2023;2023_44_21;vuotiasta;1
1328;44/2023;2023_44_21;vuotta;1
1328;44/2023;2023_44_21;vähintään;1
1328;44/2023;2023_44_21;väistely;1
1328;44/2023;2023_44_21;välikysymyksessä;1
1328;44/2023;2023_44_21;väliä;1
1328;44/2023;2023_44_21;yhteispäivystyksiä;1
1328;44/2023;2023_44_21;yhtälö;1
1328;44/2023;2023_44_21;yksityinen;1
1328;44/2023;2023_44_21;yksityisten;2
1328;44/2023;2023_44_21;yleensä;1
1328;44/2023;2023_44_21;yli;6
1328;44/2023;2023_44_21;ylisuuriin;1
1328;44/2023;2023_44_21;ärade;3
1328;44/2024;2024_44_47;arvoisa;1
1328;44/2024;2024_44_47;aseista;1
1328;44/2024;2024_44_47;aseita;3
1328;44/2024;2024_44_47;deaktivoituneita;1
1328;44/2024;2024_44_47;ei;1
1328;44/2024;2024_44_47;että;1
1328;44/2024;2024_44_47;ilmoituksia;1
1328;44/2024;2024_44_47;ja;2
1328;44/2024;2024_44_47;joilla;1
1328;44/2024;2024_44_47;joista;1
1328;44/2024;2024_44_47;kaikista;1
1328;44/2024;2024_44_47;kappaletta;1
1328;44/2024;2024_44_47;kiitos;1
1328;44/2024;2024_44_47;krp;1
1328;44/2024;2024_44_47;kuinka;1
1328;44/2024;2024_44_47;laittomia;1
1328;44/2024;2024_44_47;laittomista;1
1328;44/2024;2024_44_47;läheskään;1
1328;44/2024;2024_44_47;meinaatte;1
1328;44/2024;2024_44_47;mielestänne;1
1328;44/2024;2024_44_47;ministeri;1
1328;44/2024;2024_44_47;mitä;1
1328;44/2024;2024_44_47;myös;1
1328;44/2024;2024_44_47;niitä;1
1328;44/2024;2024_44_47;noin;1
1328;44/2024;2024_44_47;ole;1
1328;44/2024;2024_44_47;ollut;1
1328;44/2024;2024_44_47;on;6
1328;44/2024;2024_44_47;paljon;2
1328;44/2024;2024_44_47;puhemies;1
1328;44/2024;2024_44_47;puhunut;1
1328;44/2024;2024_44_47;puhuttu;1
1328;44/2024;2024_44_47;rantanen;1
1328;44/2024;2024_44_47;reittejä;1
1328;44/2024;2024_44_47;rikollisjärjestöistä;1
1328;44/2024;2024_44_47;rikollisjärjestöt;1
1328;44/2024;2024_44_47;saavat;1
1328;44/2024;2024_44_47;siitä;1
1328;44/2024;2024_44_47;suomeen;1
1328;44/2024;2024_44_47;suomessa;2
1328;44/2024;2024_44_47;talman;1
1328;44/2024;2024_44_47;tavattu;1
1328;44/2024;2024_44_47;te;1
1328;44/2024;2024_44_47;tehdä;1
1328;44/2024;2024_44_47;tehty;1
1328;44/2024;2024_44_47;teidän;1
1328;44/2024;2024_44_47;tälle;1
1328;44/2024;2024_44_47;ukrainasta;1
1328;44/2024;2024_44_47;ärade;1
1328;45/2023;2023_45_25;alueella;1
1328;45/2023;2023_45_25;arvoisa;1
1328;45/2023;2023_45_25;budjetissa;1
1328;45/2023;2023_45_25;budjetti;1
1328;45/2023;2023_45_25;eduskunnasta;1
1328;45/2023;2023_45_25;edustaja;1
1328;45/2023;2023_45_25;ei;2
1328;45/2023;2023_45_25;eilen;1
1328;45/2023;2023_45_25;ensi;2
1328;45/2023;2023_45_25;hoitoa;1
1328;45/2023;2023_45_25;huusi;1
1328;45/2023;2023_45_25;hätiin;1
1328;45/2023;2023_45_25;ja;3
1328;45/2023;2023_45_25;jos;1
1328;45/2023;2023_45_25;keskusteltiin;1
1328;45/2023;2023_45_25;kiitos;1
1328;45/2023;2023_45_25;kun;3
1328;45/2023;2023_45_25;lakia;1
1328;45/2023;2023_45_25;lisärahoitusta;1
1328;45/2023;2023_45_25;luin;1
1328;45/2023;2023_45_25;lukekaa;1
1328;45/2023;2023_45_25;mielestänne;1
1328;45/2023;2023_45_25;miljardi;2
1328;45/2023;2023_45_25;miljardia;1
1328;45/2023;2023_45_25;miljoona;4
1328;45/2023;2023_45_25;minkä;1
1328;45/2023;2023_45_25;minulle;1
1328;45/2023;2023_45_25;mukaan;1
1328;45/2023;2023_45_25;myös;1
1328;45/2023;2023_45_25;no;1
1328;45/2023;2023_45_25;nyt;1
1328;45/2023;2023_45_25;ole;1
1328;45/2023;2023_45_25;on;4
1328;45/2023;2023_45_25;onko;1
1328;45/2023;2023_45_25;orpo;1
1328;45/2023;2023_45_25;pitää;1
1328;45/2023;2023_45_25;potilaat;1
1328;45/2023;2023_45_25;puhemies;1
1328;45/2023;2023_45_25;puolitoista;1
1328;45/2023;2023_45_25;pääministeri;1
1328;45/2023;2023_45_25;raha;1
1328;45/2023;2023_45_25;rahaa;1
1328;45/2023;2023_45_25;rahat;1
1328;45/2023;2023_45_25;rahoitus;2
1328;45/2023;2023_45_25;riittävä;3
1328;45/2023;2023_45_25;riittävätkö;1
1328;45/2023;2023_45_25;saavat;1
1328;45/2023;2023_45_25;se;1
1328;45/2023;2023_45_25;seuraavalle;1
1328;45/2023;2023_45_25;seuraavana;1
1328;45/2023;2023_45_25;siellä;1
1328;45/2023;2023_45_25;siitä;1
1328;45/2023;2023_45_25;sitten;1
1328;45/2023;2023_45_25;teidän;1
1328;45/2023;2023_45_25;teillä;1
1328;45/2023;2023_45_25;tulla;1
1328;45/2023;2023_45_25;tämä;1
1328;45/2023;2023_45_25;tässä;1
1328;45/2023;2023_45_25;valtion;1
1328;45/2023;2023_45_25;vuodelle;2
1328;45/2023;2023_45_25;vuonna;2
1328;45/2023;2023_45_25;zyskowicz;1
1328;46/2019;2019_46_13;aika;2
1328;46/2019;2019_46_13;alalle;1
1328;46/2019;2019_46_13;alaspäin;1
1328;46/2019;2019_46_13;alkaa;1
1328;46/2019;2019_46_13;alle;1
1328;46/2019;2019_46_13;ammattina;1
1328;46/2019;2019_46_13;anneli;1
1328;46/2019;2019_46_13;antaa;1
1328;46/2019;2019_46_13;armon;1
1328;46/2019;2019_46_13;arvioi;1
1328;46/2019;2019_46_13;arvioivat;1
1328;46/2019;2019_46_13;arvoisa;2
1328;46/2019;2019_46_13;arvostus;1
1328;46/2019;2019_46_13;asetelma;1
1328;46/2019;2019_46_13;asia;1
1328;46/2019;2019_46_13;asiaa;1
1328;46/2019;2019_46_13;asiantuntijoita;2
1328;46/2019;2019_46_13;asiassa;1
1328;46/2019;2019_46_13;asioita;1
1328;46/2019;2019_46_13;auttaisi;1
1328;46/2019;2019_46_13;auttavat;1
1328;46/2019;2019_46_13;avaaminen;1
1328;46/2019;2019_46_13;bisneksen;1
1328;46/2019;2019_46_13;budjetissa;1
1328;46/2019;2019_46_13;budjetoitu;1
1328;46/2019;2019_46_13;eduskunnasta;1
1328;46/2019;2019_46_13;een;1
1328;46/2019;2019_46_13;ei;9
1328;46/2019;2019_46_13;eikö;1
1328;46/2019;2019_46_13;eivät;1
1328;46/2019;2019_46_13;eli;2
1328;46/2019;2019_46_13;elinkustannukset;1
1328;46/2019;2019_46_13;elvyttää;1
1328;46/2019;2019_46_13;eläke;1
1328;46/2019;2019_46_13;enemmän;2
1328;46/2019;2019_46_13;ennakkoluulottomia;1
1328;46/2019;2019_46_13;ennakoivat;1
1328;46/2019;2019_46_13;ennen;2
1328;46/2019;2019_46_13;ennustaa;1
1328;46/2019;2019_46_13;ensi;2
1328;46/2019;2019_46_13;ensiasunnon;1
1328;46/2019;2019_46_13;ensimmäinen;1
1328;46/2019;2019_46_13;ensin;1
1328;46/2019;2019_46_13;ensinnäkin;2
1328;46/2019;2019_46_13;enää;1
1328;46/2019;2019_46_13;eri;1
1328;46/2019;2019_46_13;esimerkiksi;4
1328;46/2019;2019_46_13;että;12
1328;46/2019;2019_46_13;haasteellinen;1
1328;46/2019;2019_46_13;hakemisessa;1
1328;46/2019;2019_46_13;hakeutumaan;1
1328;46/2019;2019_46_13;hallituksen;3
1328;46/2019;2019_46_13;hallituksessa;1
1328;46/2019;2019_46_13;hallitus;1
1328;46/2019;2019_46_13;haluamme;1
1328;46/2019;2019_46_13;harakka;1
1328;46/2019;2019_46_13;he;2
1328;46/2019;2019_46_13;heikkenevää;1
1328;46/2019;2019_46_13;heitä;1
1328;46/2019;2019_46_13;helppo;1
1328;46/2019;2019_46_13;helppoa;1
1328;46/2019;2019_46_13;hiilineutraalia;1
1328;46/2019;2019_46_13;hoitajamitoituksesta;1
1328;46/2019;2019_46_13;hoitotyö;1
1328;46/2019;2019_46_13;hoitotyön;2
1328;46/2019;2019_46_13;houkutellaksemme;1
1328;46/2019;2019_46_13;houkuttele;1
1328;46/2019;2019_46_13;houkuttelemaan;1
1328;46/2019;2019_46_13;houkutteleva;1
1328;46/2019;2019_46_13;huolehtia;2
1328;46/2019;2019_46_13;huolehtisi;1
1328;46/2019;2019_46_13;huomaa;1
1328;46/2019;2019_46_13;huono;1
1328;46/2019;2019_46_13;hyvinvointivaltiota;1
1328;46/2019;2019_46_13;hyvä;1
1328;46/2019;2019_46_13;hyväksynyt;1
1328;46/2019;2019_46_13;ihmiset;1
1328;46/2019;2019_46_13;ihmisiä;4
1328;46/2019;2019_46_13;ilman;1
1328;46/2019;2019_46_13;ilmasto;1
1328;46/2019;2019_46_13;ilmastonmuutoksen;1
1328;46/2019;2019_46_13;immonen;1
1328;46/2019;2019_46_13;innovaatioita;1
1328;46/2019;2019_46_13;investointeihin;1
1328;46/2019;2019_46_13;investointeja;1
1328;46/2019;2019_46_13;irti;1
1328;46/2019;2019_46_13;iso;1
1328;46/2019;2019_46_13;isoja;1
1328;46/2019;2019_46_13;ja;19
1328;46/2019;2019_46_13;jo;3
1328;46/2019;2019_46_13;joilla;1
1328;46/2019;2019_46_13;joista;1
1328;46/2019;2019_46_13;joka;4
1328;46/2019;2019_46_13;jonka;1
1328;46/2019;2019_46_13;jopa;1
1328;46/2019;2019_46_13;jos;3
1328;46/2019;2019_46_13;jossain;1
1328;46/2019;2019_46_13;jotka;4
1328;46/2019;2019_46_13;juuri;1
1328;46/2019;2019_46_13;jäihin;1
1328;46/2019;2019_46_13;jälkeen;1
1328;46/2019;2019_46_13;järkeviin;1
1328;46/2019;2019_46_13;järkeviä;1
1328;46/2019;2019_46_13;järkevä;1
1328;46/2019;2019_46_13;jäädään;1
1328;46/2019;2019_46_13;jääneet;1
1328;46/2019;2019_46_13;kaikki;1
1328;46/2019;2019_46_13;kaivattaisiin;1
1328;46/2019;2019_46_13;kannustamme;1
1328;46/2019;2019_46_13;kansainvälisiä;1
1328;46/2019;2019_46_13;kansainvälisten;1
1328;46/2019;2019_46_13;kansantaloudellisia;1
1328;46/2019;2019_46_13;kasvaa;1
1328;46/2019;2019_46_13;kasvua;1
1328;46/2019;2019_46_13;kasvun;1
1328;46/2019;2019_46_13;kehityksen;1
1328;46/2019;2019_46_13;kehui;1
1328;46/2019;2019_46_13;keinoja;3
1328;46/2019;2019_46_13;keinonne;1
1328;46/2019;2019_46_13;keinot;2
1328;46/2019;2019_46_13;keksimään;1
1328;46/2019;2019_46_13;keskustelussa;1
1328;46/2019;2019_46_13;kestäviä;1
1328;46/2019;2019_46_13;kesäkuussa;1
1328;46/2019;2019_46_13;ketään;1
1328;46/2019;2019_46_13;kierrätettävistä;1
1328;46/2019;2019_46_13;kiitos;1
1328;46/2019;2019_46_13;kiljunen;1
1328;46/2019;2019_46_13;koeajalta;1
1328;46/2019;2019_46_13;kohdistuvia;1
1328;46/2019;2019_46_13;kohti;1
1328;46/2019;2019_46_13;kokeilemaan;1
1328;46/2019;2019_46_13;koko;1
1328;46/2019;2019_46_13;korkea;2
1328;46/2019;2019_46_13;korkeat;1
1328;46/2019;2019_46_13;koskee;2
1328;46/2019;2019_46_13;kosmeettinen;1
1328;46/2019;2019_46_13;koulut;1
1328;46/2019;2019_46_13;koulutettua;1
1328;46/2019;2019_46_13;koulutusmääriä;1
1328;46/2019;2019_46_13;kuin;2
1328;46/2019;2019_46_13;kuinka;1
1328;46/2019;2019_46_13;kulkevat;1
1328;46/2019;2019_46_13;kuluttua;1
1328;46/2019;2019_46_13;kun;2
1328;46/2019;2019_46_13;kunnianhimoa;1
1328;46/2019;2019_46_13;kunnon;1
1328;46/2019;2019_46_13;kuukauden;1
1328;46/2019;2019_46_13;kysymyksenä;1
1328;46/2019;2019_46_13;kysymys;1
1328;46/2019;2019_46_13;kysyntää;1
1328;46/2019;2019_46_13;kysyä;1
1328;46/2019;2019_46_13;käytetään;1
1328;46/2019;2019_46_13;käyttäneet;1
1328;46/2019;2019_46_13;lainaa;2
1328;46/2019;2019_46_13;lapsilla;1
1328;46/2019;2019_46_13;laskemaan;1
1328;46/2019;2019_46_13;lasku;1
1328;46/2019;2019_46_13;liian;1
1328;46/2019;2019_46_13;liikkumaan;2
1328;46/2019;2019_46_13;liikkumista;1
1328;46/2019;2019_46_13;lisää;1
1328;46/2019;2019_46_13;luku;1
1328;46/2019;2019_46_13;luomaan;1
1328;46/2019;2019_46_13;lupauksista;1
1328;46/2019;2019_46_13;luvannut;1
1328;46/2019;2019_46_13;luvataan;1
1328;46/2019;2019_46_13;löytäneet;1
1328;46/2019;2019_46_13;maahan;1
1328;46/2019;2019_46_13;maailmalla;1
1328;46/2019;2019_46_13;maailmalle;1
1328;46/2019;2019_46_13;maantieteellinen;1
1328;46/2019;2019_46_13;maat;1
1328;46/2019;2019_46_13;maksaa;1
1328;46/2019;2019_46_13;maksamista;1
1328;46/2019;2019_46_13;matalapalkka-alojen;1
1328;46/2019;2019_46_13;materiaaleista;1
1328;46/2019;2019_46_13;meidän;1
1328;46/2019;2019_46_13;meillä;1
1328;46/2019;2019_46_13;menee;1
1328;46/2019;2019_46_13;mielikuvitusta;1
1328;46/2019;2019_46_13;mihin;1
1328;46/2019;2019_46_13;miljardia;1
1328;46/2019;2019_46_13;miljoonan;1
1328;46/2019;2019_46_13;missä;1
1328;46/2019;2019_46_13;mitkä;1
1328;46/2019;2019_46_13;mitä;2
1328;46/2019;2019_46_13;monelle;1
1328;46/2019;2019_46_13;muista;1
1328;46/2019;2019_46_13;mukanaan;1
1328;46/2019;2019_46_13;mutta;3
1328;46/2019;2019_46_13;muut;1
1328;46/2019;2019_46_13;muutoksena;1
1328;46/2019;2019_46_13;muutos;1
1328;46/2019;2019_46_13;muuttaa;1
1328;46/2019;2019_46_13;muuttamaan;1
1328;46/2019;2019_46_13;muuttavat;1
1328;46/2019;2019_46_13;muuttaville;1
1328;46/2019;2019_46_13;muuttoavustus;1
1328;46/2019;2019_46_13;muuttokustannuksista;1
1328;46/2019;2019_46_13;myy;1
1328;46/2019;2019_46_13;myynnin;1
1328;46/2019;2019_46_13;myös;5
1328;46/2019;2019_46_13;määrä;1
1328;46/2019;2019_46_13;ne;1
1328;46/2019;2019_46_13;niin;1
1328;46/2019;2019_46_13;niinkään;1
1328;46/2019;2019_46_13;nojaten;1
1328;46/2019;2019_46_13;nopeita;1
1328;46/2019;2019_46_13;nostaa;1
1328;46/2019;2019_46_13;nykyään;1
1328;46/2019;2019_46_13;nyt;11
1328;46/2019;2019_46_13;näkökulmasta;1
1328;46/2019;2019_46_13;nämä;1
1328;46/2019;2019_46_13;oikea;1
1328;46/2019;2019_46_13;oikeasti;1
1328;46/2019;2019_46_13;oikeudenmukaisella;1
1328;46/2019;2019_46_13;ole;4
1328;46/2019;2019_46_13;olemaan;1
1328;46/2019;2019_46_13;olemmeko;1
1328;46/2019;2019_46_13;olen;1
1328;46/2019;2019_46_13;oleva;1
1328;46/2019;2019_46_13;olisi;5
1328;46/2019;2019_46_13;olisikin;1
1328;46/2019;2019_46_13;olisin;1
1328;46/2019;2019_46_13;olisivat;2
1328;46/2019;2019_46_13;olla;1
1328;46/2019;2019_46_13;olli;1
1328;46/2019;2019_46_13;omaisuuden;1
1328;46/2019;2019_46_13;omaisuutta;1
1328;46/2019;2019_46_13;on;19
1328;46/2019;2019_46_13;ongelmaan;1
1328;46/2019;2019_46_13;op;1
1328;46/2019;2019_46_13;osa;1
1328;46/2019;2019_46_13;osaavaa;1
1328;46/2019;2019_46_13;ostajat;1
1328;46/2019;2019_46_13;otetaan;2
1328;46/2019;2019_46_13;ovat;4
1328;46/2019;2019_46_13;paikallaan;2
1328;46/2019;2019_46_13;paikkeilla;1
1328;46/2019;2019_46_13;pakottaisi;1
1328;46/2019;2019_46_13;paljon;1
1328;46/2019;2019_46_13;palkat;1
1328;46/2019;2019_46_13;palkkaa;1
1328;46/2019;2019_46_13;palkkatukea;1
1328;46/2019;2019_46_13;palkkatukeen;1
1328;46/2019;2019_46_13;palkkaus;1
1328;46/2019;2019_46_13;palveluiden;1
1328;46/2019;2019_46_13;palvelut;1
1328;46/2019;2019_46_13;parane;1
1328;46/2019;2019_46_13;parin;1
1328;46/2019;2019_46_13;pelasta;1
1328;46/2019;2019_46_13;perässä;3
1328;46/2019;2019_46_13;pienet;1
1328;46/2019;2019_46_13;pieniä;1
1328;46/2019;2019_46_13;pilvilinnoja;1
1328;46/2019;2019_46_13;pitäisi;3
1328;46/2019;2019_46_13;pitäisikin;1
1328;46/2019;2019_46_13;pitää;2
1328;46/2019;2019_46_13;poistaa;1
1328;46/2019;2019_46_13;politiikka;1
1328;46/2019;2019_46_13;porkkana;1
1328;46/2019;2019_46_13;prosentin;1
1328;46/2019;2019_46_13;prosenttiin;1
1328;46/2019;2019_46_13;puhemies;2
1328;46/2019;2019_46_13;puhua;1
1328;46/2019;2019_46_13;puolet;1
1328;46/2019;2019_46_13;puolisoille;1
1328;46/2019;2019_46_13;puutu;1
1328;46/2019;2019_46_13;pystyy;1
1328;46/2019;2019_46_13;päivästä;1
1328;46/2019;2019_46_13;pääsevät;1
1328;46/2019;2019_46_13;päästä;1
1328;46/2019;2019_46_13;päättää;1
1328;46/2019;2019_46_13;rahat;1
1328;46/2019;2019_46_13;raideliikenne;1
1328;46/2019;2019_46_13;rajallinen;1
1328;46/2019;2019_46_13;rakentaa;2
1328;46/2019;2019_46_13;rakentaminen;1
1328;46/2019;2019_46_13;ratahankkeet;1
1328;46/2019;2019_46_13;ratkaisuja;1
1328;46/2019;2019_46_13;rouva;1
1328;46/2019;2019_46_13;ryhmästä;2
1328;46/2019;2019_46_13;saada;2
1328;46/2019;2019_46_13;saisi;1
1328;46/2019;2019_46_13;sama;2
1328;46/2019;2019_46_13;sanoa;1
1328;46/2019;2019_46_13;se;6
1328;46/2019;2019_46_13;sekä;1
1328;46/2019;2019_46_13;sellaisia;2
1328;46/2019;2019_46_13;sen;4
1328;46/2019;2019_46_13;siihen;4
1328;46/2019;2019_46_13;siitä;1
1328;46/2019;2019_46_13;sijaan;2
1328;46/2019;2019_46_13;sijainti;1
1328;46/2019;2019_46_13;siksi;1
1328;46/2019;2019_46_13;silloin;1
1328;46/2019;2019_46_13;sillä;1
1328;46/2019;2019_46_13;silti;1
1328;46/2019;2019_46_13;sinne;1
1328;46/2019;2019_46_13;sitten;2
1328;46/2019;2019_46_13;sitä;2
1328;46/2019;2019_46_13;sopivat;1
1328;46/2019;2019_46_13;sosiaalidemokraattien;2
1328;46/2019;2019_46_13;sosiaaliturva;1
1328;46/2019;2019_46_13;suomeen;1
1328;46/2019;2019_46_13;suomella;1
1328;46/2019;2019_46_13;suomen;1
1328;46/2019;2019_46_13;suomi;1
1328;46/2019;2019_46_13;suoraan;1
1328;46/2019;2019_46_13;superverkostoa;1
1328;46/2019;2019_46_13;suuri;1
1328;46/2019;2019_46_13;taantuma;1
1328;46/2019;2019_46_13;taisteluun;1
1328;46/2019;2019_46_13;taivaat;1
1328;46/2019;2019_46_13;talouden;1
1328;46/2019;2019_46_13;talous;1
1328;46/2019;2019_46_13;talouskasvun;1
1328;46/2019;2019_46_13;taloustilannetta;1
1328;46/2019;2019_46_13;tapa;1
1328;46/2019;2019_46_13;tarvetta;1
1328;46/2019;2019_46_13;tarvitaan;3
1328;46/2019;2019_46_13;tarvitsemme;3
1328;46/2019;2019_46_13;tavalla;1
1328;46/2019;2019_46_13;tavarat;1
1328;46/2019;2019_46_13;tavoitetta;1
1328;46/2019;2019_46_13;tehdään;1
1328;46/2019;2019_46_13;tehokkaita;1
1328;46/2019;2019_46_13;tehottomaan;1
1328;46/2019;2019_46_13;tehtäisiin;1
1328;46/2019;2019_46_13;teidän;1
1328;46/2019;2019_46_13;tekijöitä;1
1328;46/2019;2019_46_13;todella;1
1328;46/2019;2019_46_13;todelliseen;1
1328;46/2019;2019_46_13;toimia;1
1328;46/2019;2019_46_13;toimilla;1
1328;46/2019;2019_46_13;toisekseen;1
1328;46/2019;2019_46_13;toiveikkaille;1
1328;46/2019;2019_46_13;toteutetaan;1
1328;46/2019;2019_46_13;tukemaa;1
1328;46/2019;2019_46_13;tuki;1
1328;46/2019;2019_46_13;tukisi;1
1328;46/2019;2019_46_13;tulee;2
1328;46/2019;2019_46_13;tulevaisuuden;1
1328;46/2019;2019_46_13;tulevaisuudessa;1
1328;46/2019;2019_46_13;tulevat;1
1328;46/2019;2019_46_13;tulevien;1
1328;46/2019;2019_46_13;tulla;2
1328;46/2019;2019_46_13;tuo;1
1328;46/2019;2019_46_13;tuovat;1
1328;46/2019;2019_46_13;turpeesta;1
1328;46/2019;2019_46_13;työllisyysodotuksille;1
1328;46/2019;2019_46_13;työllisyystilanne;1
1328;46/2019;2019_46_13;työmarkkinoiden;1
1328;46/2019;2019_46_13;työministeri;1
1328;46/2019;2019_46_13;työn;4
1328;46/2019;2019_46_13;työnantajan;2
1328;46/2019;2019_46_13;työntekijä;1
1328;46/2019;2019_46_13;työntekijälle;1
1328;46/2019;2019_46_13;työntekijöihin;1
1328;46/2019;2019_46_13;työntekijöitä;1
1328;46/2019;2019_46_13;työsuhteen;1
1328;46/2019;2019_46_13;työttömyys;1
1328;46/2019;2019_46_13;työvoimaa;1
1328;46/2019;2019_46_13;tämä;1
1328;46/2019;2019_46_13;tänne;3
1328;46/2019;2019_46_13;tärkein;1
1328;46/2019;2019_46_13;tärkeää;1
1328;46/2019;2019_46_13;tässäkin;1
1328;46/2019;2019_46_13;tästä;1
1328;46/2019;2019_46_13;täysin;2
1328;46/2019;2019_46_13;täällä;1
1328;46/2019;2019_46_13;töihin;1
1328;46/2019;2019_46_13;töitä;1
1328;46/2019;2019_46_13;uskaltamaan;1
1328;46/2019;2019_46_13;uusia;1
1328;46/2019;2019_46_13;vaaleja;1
1328;46/2019;2019_46_13;vaan;1
1328;46/2019;2019_46_13;vaatimaton;1
1328;46/2019;2019_46_13;vaikka;1
1328;46/2019;2019_46_13;vaikuttaa;1
1328;46/2019;2019_46_13;valmisteta;1
1328;46/2019;2019_46_13;valta;1
1328;46/2019;2019_46_13;valtio;3
1328;46/2019;2019_46_13;valtion;1
1328;46/2019;2019_46_13;valtiovarainministeriö;1
1328;46/2019;2019_46_13;vapautetaan;1
1328;46/2019;2019_46_13;varaa;1
1328;46/2019;2019_46_13;varainsiirtoverosta;1
1328;46/2019;2019_46_13;varassa;1
1328;46/2019;2019_46_13;varma;1
1328;46/2019;2019_46_13;vastaiseen;1
1328;46/2019;2019_46_13;vastuu;1
1328;46/2019;2019_46_13;veikkaan;1
1328;46/2019;2019_46_13;velan;1
1328;46/2019;2019_46_13;verkostoja;1
1328;46/2019;2019_46_13;verotus;1
1328;46/2019;2019_46_13;verovapaasti;1
1328;46/2019;2019_46_13;vielä;1
1328;46/2019;2019_46_13;vieläkään;1
1328;46/2019;2019_46_13;vihreät;1
1328;46/2019;2019_46_13;vipuvarsia;1
1328;46/2019;2019_46_13;voi;2
1328;46/2019;2019_46_13;voisimme;1
1328;46/2019;2019_46_13;voitaisiin;1
1328;46/2019;2019_46_13;vuodelle;1
1328;46/2019;2019_46_13;vuoden;1
1328;46/2019;2019_46_13;vuokralle;1
1328;46/2019;2019_46_13;vuokrat;1
1328;46/2019;2019_46_13;vähenee;1
1328;46/2019;2019_46_13;välihuutoja;2
1328;46/2019;2019_46_13;yhteiskunnallisena;1
1328;46/2019;2019_46_13;yhteiskunnan;1
1328;46/2019;2019_46_13;yhteyksiä;1
1328;46/2019;2019_46_13;yhä;2
1328;46/2019;2019_46_13;yksinyrittäjiä;1
1328;46/2019;2019_46_13;yrittäjiksi;1
1328;46/2019;2019_46_13;yrittäjän;1
1328;46/2019;2019_46_13;yritykset;1
1328;46/2022;2022_46_55;aika;1
1328;46/2022;2022_46_55;aikaan;1
1328;46/2022;2022_46_55;aina;1
1328;46/2022;2022_46_55;ajan;1
1328;46/2022;2022_46_55;arvoisa;1
1328;46/2022;2022_46_55;asia;3
1328;46/2022;2022_46_55;ei;6
1328;46/2022;2022_46_55;eli;1
1328;46/2022;2022_46_55;että;4
1328;46/2022;2022_46_55;fennovoima-kysymys;1
1328;46/2022;2022_46_55;fortum;4
1328;46/2022;2022_46_55;fortumista;1
1328;46/2022;2022_46_55;hallituksessa;1
1328;46/2022;2022_46_55;hallituksissa;1
1328;46/2022;2022_46_55;hallitus;2
1328;46/2022;2022_46_55;ihan;1
1328;46/2022;2022_46_55;ihmeellistä;1
1328;46/2022;2022_46_55;istunut;1
1328;46/2022;2022_46_55;ja;4
1328;46/2022;2022_46_55;jonka;1
1328;46/2022;2022_46_55;jos;1
1328;46/2022;2022_46_55;kaasutoimituksista;1
1328;46/2022;2022_46_55;koko;1
1328;46/2022;2022_46_55;koputtaa;1
1328;46/2022;2022_46_55;kuin;1
1328;46/2022;2022_46_55;kukaan;1
1328;46/2022;2022_46_55;kuuluu;1
1328;46/2022;2022_46_55;kyllä;1
1328;46/2022;2022_46_55;mahdollista;1
1328;46/2022;2022_46_55;meinaatte;1
1328;46/2022;2022_46_55;mikä;1
1328;46/2022;2022_46_55;ministeri;1
1328;46/2022;2022_46_55;miten;1
1328;46/2022;2022_46_55;mitä;1
1328;46/2022;2022_46_55;mitään;1
1328;46/2022;2022_46_55;monessa;1
1328;46/2022;2022_46_55;mutta;1
1328;46/2022;2022_46_55;ne;1
1328;46/2022;2022_46_55;niin;2
1328;46/2022;2022_46_55;niissä;1
1328;46/2022;2022_46_55;normaaliolojen;1
1328;46/2022;2022_46_55;nyt;2
1328;46/2022;2022_46_55;näihin;1
1328;46/2022;2022_46_55;näistä;1
1328;46/2022;2022_46_55;ole;1
1328;46/2022;2022_46_55;olen;1
1328;46/2022;2022_46_55;omistaa;2
1328;46/2022;2022_46_55;omistajan;1
1328;46/2022;2022_46_55;omistajana;1
1328;46/2022;2022_46_55;omistavat;1
1328;46/2022;2022_46_55;on;7
1328;46/2022;2022_46_55;onnistu;2
1328;46/2022;2022_46_55;prosenttia;2
1328;46/2022;2022_46_55;puhemies;2
1328;46/2022;2022_46_55;puuttua;1
1328;46/2022;2022_46_55;pysty;1
1328;46/2022;2022_46_55;päivästä;1
1328;46/2022;2022_46_55;päättää;3
1328;46/2022;2022_46_55;rakennetaan;1
1328;46/2022;2022_46_55;saksan;2
1328;46/2022;2022_46_55;samanlainen;1
1328;46/2022;2022_46_55;sanotte;1
1328;46/2022;2022_46_55;se;4
1328;46/2022;2022_46_55;selvää;1
1328;46/2022;2022_46_55;sen;1
1328;46/2022;2022_46_55;sitä;1
1328;46/2022;2022_46_55;talman;1
1328;46/2022;2022_46_55;te;2
1328;46/2022;2022_46_55;tee;1
1328;46/2022;2022_46_55;tehdä;1
1328;46/2022;2022_46_55;toiseen;1
1328;46/2022;2022_46_55;tuppurainen;1
1328;46/2022;2022_46_55;tähän;1
1328;46/2022;2022_46_55;tämä;4
1328;46/2022;2022_46_55;uniperilla;1
1328;46/2022;2022_46_55;uniperille;1
1328;46/2022;2022_46_55;uniperista;1
1328;46/2022;2022_46_55;uniperistä;1
1328;46/2022;2022_46_55;vaikuttamaan;1
1328;46/2022;2022_46_55;vain;1
1328;46/2022;2022_46_55;valitsee;1
1328;46/2022;2022_46_55;valtio;3
1328;46/2022;2022_46_55;voi;1
1328;46/2022;2022_46_55;vähän;1
1328;46/2022;2022_46_55;yhtiöihin;1
1328;46/2022;2022_46_55;yli;2
1328;46/2022;2022_46_55;ärade;1
1328;46/2022;2022_46_55;ääni;1
1328;46/2024;2024_46_17;ahkeruudella;1
1328;46/2024;2024_46_17;ahkeruus;1
1328;46/2024;2024_46_17;aika;2
1328;46/2024;2024_46_17;aikanaan;2
1328;46/2024;2024_46_17;aina;1
1328;46/2024;2024_46_17;ainoa;1
1328;46/2024;2024_46_17;ajan;1
1328;46/2024;2024_46_17;aki;1
1328;46/2024;2024_46_17;aktiivisemmin;1
1328;46/2024;2024_46_17;alleviivata;1
1328;46/2024;2024_46_17;aloittaa;1
1328;46/2024;2024_46_17;anne;1
1328;46/2024;2024_46_17;antoivat;1
1328;46/2024;2024_46_17;apua;1
1328;46/2024;2024_46_17;arvoisa;3
1328;46/2024;2024_46_17;asioihin;1
1328;46/2024;2024_46_17;asioita;1
1328;46/2024;2024_46_17;atte;1
1328;46/2024;2024_46_17;avustajistamme;1
1328;46/2024;2024_46_17;edellä;1
1328;46/2024;2024_46_17;ei;7
1328;46/2024;2024_46_17;eikä;2
1328;46/2024;2024_46_17;eivät;4
1328;46/2024;2024_46_17;eli;2
1328;46/2024;2024_46_17;elämään;1
1328;46/2024;2024_46_17;emme;1
1328;46/2024;2024_46_17;enemmän;2
1328;46/2024;2024_46_17;enempää;1
1328;46/2024;2024_46_17;energiaa;1
1328;46/2024;2024_46_17;energiamurroksen;1
1328;46/2024;2024_46_17;energiamurroksessa;1
1328;46/2024;2024_46_17;eniten;1
1328;46/2024;2024_46_17;ennustettavat;1
1328;46/2024;2024_46_17;ennätysvauhtia;1
1328;46/2024;2024_46_17;epäoikeudenmukaisuudesta;1
1328;46/2024;2024_46_17;eri;1
1328;46/2024;2024_46_17;erityistä;2
1328;46/2024;2024_46_17;etsitään;1
1328;46/2024;2024_46_17;etsiä;1
1328;46/2024;2024_46_17;että;8
1328;46/2024;2024_46_17;etuja;1
1328;46/2024;2024_46_17;euroa;2
1328;46/2024;2024_46_17;hallituksen;1
1328;46/2024;2024_46_17;hallitukset;1
1328;46/2024;2024_46_17;hallitus;1
1328;46/2024;2024_46_17;hallussa;1
1328;46/2024;2024_46_17;halpaa;1
1328;46/2024;2024_46_17;harakka;1
1328;46/2024;2024_46_17;harjanne;1
1328;46/2024;2024_46_17;he;2
1328;46/2024;2024_46_17;heidän;1
1328;46/2024;2024_46_17;heikennetään;1
1328;46/2024;2024_46_17;hmää;1
1328;46/2024;2024_46_17;honkasalo;1
1328;46/2024;2024_46_17;huoltovarmuuden;1
1328;46/2024;2024_46_17;huomiota;1
1328;46/2024;2024_46_17;hyvinvoinnin;1
1328;46/2024;2024_46_17;hyvinvointi;1
1328;46/2024;2024_46_17;hyvä;1
1328;46/2024;2024_46_17;hyväksi;1
1328;46/2024;2024_46_17;hyödyntämiseen;1
1328;46/2024;2024_46_17;hyödyntää;1
1328;46/2024;2024_46_17;ihminen;1
1328;46/2024;2024_46_17;ihmisen;1
1328;46/2024;2024_46_17;ihmisten;2
1328;46/2024;2024_46_17;ikeaa;1
1328;46/2024;2024_46_17;investoinneista;1
1328;46/2024;2024_46_17;investoivat;1
1328;46/2024;2024_46_17;ja;29
1328;46/2024;2024_46_17;jalostusketjuun;1
1328;46/2024;2024_46_17;jenna;1
1328;46/2024;2024_46_17;joihin;1
1328;46/2024;2024_46_17;jokaisen;1
1328;46/2024;2024_46_17;jos;2
1328;46/2024;2024_46_17;jotka;1
1328;46/2024;2024_46_17;julkinen;2
1328;46/2024;2024_46_17;julkisen;1
1328;46/2024;2024_46_17;julkista;1
1328;46/2024;2024_46_17;juuri;1
1328;46/2024;2024_46_17;jälkeen;1
1328;46/2024;2024_46_17;jääkiekossa;1
1328;46/2024;2024_46_17;jääkö;1
1328;46/2024;2024_46_17;jäämässä;1
1328;46/2024;2024_46_17;kaiken;1
1328;46/2024;2024_46_17;kaikilla;1
1328;46/2024;2024_46_17;kaikki;1
1328;46/2024;2024_46_17;kaikkiaan;1
1328;46/2024;2024_46_17;kaipaa;1
1328;46/2024;2024_46_17;kaivoksia;1
1328;46/2024;2024_46_17;kaivosteollisuus;1
1328;46/2024;2024_46_17;kaivosteollisuuteen;1
1328;46/2024;2024_46_17;kalmari;1
1328;46/2024;2024_46_17;kannalta;2
1328;46/2024;2024_46_17;kansalaisten;1
1328;46/2024;2024_46_17;kansantalouden;1
1328;46/2024;2024_46_17;kantaa;1
1328;46/2024;2024_46_17;kasvaisivat;1
1328;46/2024;2024_46_17;kasvuun;2
1328;46/2024;2024_46_17;katsokaa;2
1328;46/2024;2024_46_17;kaunistavat;1
1328;46/2024;2024_46_17;kehittää;1
1328;46/2024;2024_46_17;kehityksellä;1
1328;46/2024;2024_46_17;kiitos;1
1328;46/2024;2024_46_17;kilpailuedun;1
1328;46/2024;2024_46_17;kiristetään;1
1328;46/2024;2024_46_17;kokemaan;1
1328;46/2024;2024_46_17;koko;1
1328;46/2024;2024_46_17;koputtaa;2
1328;46/2024;2024_46_17;korostetaan;1
1328;46/2024;2024_46_17;koulutettua;1
1328;46/2024;2024_46_17;kova;1
1328;46/2024;2024_46_17;kovalla;1
1328;46/2024;2024_46_17;kuin;2
1328;46/2024;2024_46_17;kuinka;1
1328;46/2024;2024_46_17;kuitenkin;1
1328;46/2024;2024_46_17;kuluttajamarkkinassa;1
1328;46/2024;2024_46_17;kun;6
1328;46/2024;2024_46_17;kunnossa;2
1328;46/2024;2024_46_17;kunta;1
1328;46/2024;2024_46_17;kuntoon;1
1328;46/2024;2024_46_17;kuriin;1
1328;46/2024;2024_46_17;kustannukset;1
1328;46/2024;2024_46_17;kuuluukin;1
1328;46/2024;2024_46_17;kuussa;1
1328;46/2024;2024_46_17;kysymys;2
1328;46/2024;2024_46_17;kännykät;1
1328;46/2024;2024_46_17;kärsii;1
1328;46/2024;2024_46_17;käsityksen;1
1328;46/2024;2024_46_17;laihdutuslääkkeitä;1
1328;46/2024;2024_46_17;laittaa;1
1328;46/2024;2024_46_17;leikataan;1
1328;46/2024;2024_46_17;liikaa;1
1328;46/2024;2024_46_17;lindnin;1
1328;46/2024;2024_46_17;linjan;1
1328;46/2024;2024_46_17;lisää;1
1328;46/2024;2024_46_17;logistiikan;1
1328;46/2024;2024_46_17;loppuu;1
1328;46/2024;2024_46_17;lopuksi;1
1328;46/2024;2024_46_17;luettelevat;1
1328;46/2024;2024_46_17;luotu;1
1328;46/2024;2024_46_17;luuletteko;1
1328;46/2024;2024_46_17;luvitus;1
1328;46/2024;2024_46_17;lähteä;1
1328;46/2024;2024_46_17;läpi;1
1328;46/2024;2024_46_17;lääkefirma;1
1328;46/2024;2024_46_17;maahanmuutossa;1
1328;46/2024;2024_46_17;maailmalla;1
1328;46/2024;2024_46_17;maailman;1
1328;46/2024;2024_46_17;maailmanluokkaa;1
1328;46/2024;2024_46_17;maan;1
1328;46/2024;2024_46_17;maaperän;1
1328;46/2024;2024_46_17;maaperässämme;1
1328;46/2024;2024_46_17;maassa;1
1328;46/2024;2024_46_17;mahdollisia;1
1328;46/2024;2024_46_17;maksa;1
1328;46/2024;2024_46_17;maksaa;1
1328;46/2024;2024_46_17;mallia;1
1328;46/2024;2024_46_17;markkinoida;1
1328;46/2024;2024_46_17;meidän;1
1328;46/2024;2024_46_17;meille;1
1328;46/2024;2024_46_17;meillä;1
1328;46/2024;2024_46_17;meiltä;1
1328;46/2024;2024_46_17;meitä;1
1328;46/2024;2024_46_17;menee;1
1328;46/2024;2024_46_17;menesty;1
1328;46/2024;2024_46_17;menestyisivät;1
1328;46/2024;2024_46_17;menestystarinat;1
1328;46/2024;2024_46_17;menestystarinoita;1
1328;46/2024;2024_46_17;menestystä;1
1328;46/2024;2024_46_17;menestyvät;1
1328;46/2024;2024_46_17;menestyä;1
1328;46/2024;2024_46_17;merkitystä;2
1328;46/2024;2024_46_17;metsäteollisuuden;1
1328;46/2024;2024_46_17;metsäteollisuudesta;1
1328;46/2024;2024_46_17;mihinkään;1
1328;46/2024;2024_46_17;mikään;1
1328;46/2024;2024_46_17;miljardia;1
1328;46/2024;2024_46_17;millä;1
1328;46/2024;2024_46_17;ministerit;1
1328;46/2024;2024_46_17;mittareilla;1
1328;46/2024;2024_46_17;mitä;1
1328;46/2024;2024_46_17;muassa;1
1328;46/2024;2024_46_17;mutta;3
1328;46/2024;2024_46_17;muun;1
1328;46/2024;2024_46_17;muuta;1
1328;46/2024;2024_46_17;muuten;1
1328;46/2024;2024_46_17;muuttunut;1
1328;46/2024;2024_46_17;myydä;2
1328;46/2024;2024_46_17;myymällä;1
1328;46/2024;2024_46_17;myös;2
1328;46/2024;2024_46_17;ne;1
1328;46/2024;2024_46_17;niiden;1
1328;46/2024;2024_46_17;niihin;1
1328;46/2024;2024_46_17;niin;3
1328;46/2024;2024_46_17;nokian;2
1328;46/2024;2024_46_17;nopea;1
1328;46/2024;2024_46_17;norjaan;1
1328;46/2024;2024_46_17;nyt;3
1328;46/2024;2024_46_17;näin;1
1328;46/2024;2024_46_17;näistä;1
1328;46/2024;2024_46_17;näytättekö;1
1328;46/2024;2024_46_17;nöyryyttä;1
1328;46/2024;2024_46_17;oikeudenmukaisia;1
1328;46/2024;2024_46_17;ole;4
1328;46/2024;2024_46_17;olla;4
1328;46/2024;2024_46_17;omavaraisuuteen;1
1328;46/2024;2024_46_17;omista;1
1328;46/2024;2024_46_17;on;13
1328;46/2024;2024_46_17;onkin;1
1328;46/2024;2024_46_17;onnistu;1
1328;46/2024;2024_46_17;osaavat;1
1328;46/2024;2024_46_17;ovat;4
1328;46/2024;2024_46_17;ovatko;1
1328;46/2024;2024_46_17;paikkaansa;1
1328;46/2024;2024_46_17;paikkansa;1
1328;46/2024;2024_46_17;paitoja;1
1328;46/2024;2024_46_17;paitsi;1
1328;46/2024;2024_46_17;paljon;1
1328;46/2024;2024_46_17;pannut;1
1328;46/2024;2024_46_17;paperia;1
1328;46/2024;2024_46_17;paremmin;3
1328;46/2024;2024_46_17;pelkästään;1
1328;46/2024;2024_46_17;perusajatus;1
1328;46/2024;2024_46_17;pesemällä;1
1328;46/2024;2024_46_17;pidä;2
1328;46/2024;2024_46_17;piiloon;1
1328;46/2024;2024_46_17;pitkän;1
1328;46/2024;2024_46_17;pitäisi;2
1328;46/2024;2024_46_17;pitää;13
1328;46/2024;2024_46_17;pohjois-ruotsiin;1
1328;46/2024;2024_46_17;poraamaan;1
1328;46/2024;2024_46_17;puhemies;6
1328;46/2024;2024_46_17;puolustusteollisuuteen;1
1328;46/2024;2024_46_17;pyrkiä;2
1328;46/2024;2024_46_17;pystyä;1
1328;46/2024;2024_46_17;pärjää;1
1328;46/2024;2024_46_17;pääsimme;1
1328;46/2024;2024_46_17;päättäjien;1
1328;46/2024;2024_46_17;päättäjiltä;1
1328;46/2024;2024_46_17;päätöksensä;1
1328;46/2024;2024_46_17;päätökset;1
1328;46/2024;2024_46_17;päätösten;1
1328;46/2024;2024_46_17;rahaa;1
1328;46/2024;2024_46_17;rikkauksia;1
1328;46/2024;2024_46_17;rikkautta;1
1328;46/2024;2024_46_17;rooliksi;1
1328;46/2024;2024_46_17;ruotsalaiset;1
1328;46/2024;2024_46_17;ruotsia;1
1328;46/2024;2024_46_17;ruotsilla;1
1328;46/2024;2024_46_17;ruotsin;1
1328;46/2024;2024_46_17;saa;1
1328;46/2024;2024_46_17;saada;1
1328;46/2024;2024_46_17;sahapuun;1
1328;46/2024;2024_46_17;saudi-arabiaan;1
1328;46/2024;2024_46_17;se;3
1328;46/2024;2024_46_17;sellua;1
1328;46/2024;2024_46_17;siihen;2
1328;46/2024;2024_46_17;siinä;1
1328;46/2024;2024_46_17;siitä;1
1328;46/2024;2024_46_17;siksi;3
1328;46/2024;2024_46_17;simula;1
1328;46/2024;2024_46_17;sitten;1
1328;46/2024;2024_46_17;sitä;2
1328;46/2024;2024_46_17;sota;1
1328;46/2024;2024_46_17;spotifyta;1
1328;46/2024;2024_46_17;stabiilit;1
1328;46/2024;2024_46_17;suomalainen;2
1328;46/2024;2024_46_17;suomalaiset;4
1328;46/2024;2024_46_17;suomalaisten;3
1328;46/2024;2024_46_17;suomeen;1
1328;46/2024;2024_46_17;suomen;6
1328;46/2024;2024_46_17;suomi;1
1328;46/2024;2024_46_17;syytä;1
1328;46/2024;2024_46_17;sähkön;1
1328;46/2024;2024_46_17;säästää;1
1328;46/2024;2024_46_17;taakse;1
1328;46/2024;2024_46_17;tai;2
1328;46/2024;2024_46_17;takia;1
1328;46/2024;2024_46_17;talman;3
1328;46/2024;2024_46_17;talouden;1
1328;46/2024;2024_46_17;talous;2
1328;46/2024;2024_46_17;talouskasvu;2
1328;46/2024;2024_46_17;talouskasvua;3
1328;46/2024;2024_46_17;talouskasvun;2
1328;46/2024;2024_46_17;tanskaa;1
1328;46/2024;2024_46_17;tanskalaiset;1
1328;46/2024;2024_46_17;tarkoittaa;2
1328;46/2024;2024_46_17;tarkoittavat;1
1328;46/2024;2024_46_17;tarvitaan;3
1328;46/2024;2024_46_17;tarvitsemme;1
1328;46/2024;2024_46_17;tasapainon;1
1328;46/2024;2024_46_17;tasapainoon;1
1328;46/2024;2024_46_17;tavalla;1
1328;46/2024;2024_46_17;tavoitteena;1
1328;46/2024;2024_46_17;tehokkain;1
1328;46/2024;2024_46_17;teollisista;1
1328;46/2024;2024_46_17;teollisuudelle;1
1328;46/2024;2024_46_17;terveydenhuoltoa;1
1328;46/2024;2024_46_17;tienaavat;2
1328;46/2024;2024_46_17;tienaisivat;1
1328;46/2024;2024_46_17;tilastoja;1
1328;46/2024;2024_46_17;tilastojen;1
1328;46/2024;2024_46_17;timo;1
1328;46/2024;2024_46_17;toimivat;1
1328;46/2024;2024_46_17;toistemme;1
1328;46/2024;2024_46_17;tuhat;1
1328;46/2024;2024_46_17;tukea;1
1328;46/2024;2024_46_17;tukki;1
1328;46/2024;2024_46_17;tulee;1
1328;46/2024;2024_46_17;tulevia;1
1328;46/2024;2024_46_17;tuli;1
1328;46/2024;2024_46_17;tunne;1
1328;46/2024;2024_46_17;työ;1
1328;46/2024;2024_46_17;työllisyys;1
1328;46/2024;2024_46_17;työllä;1
1328;46/2024;2024_46_17;työmarkkinat;2
1328;46/2024;2024_46_17;työntekijä;1
1328;46/2024;2024_46_17;työntekijöiden;1
1328;46/2024;2024_46_17;työvoimaa;1
1328;46/2024;2024_46_17;tämä;2
1328;46/2024;2024_46_17;tärkeimmät;1
1328;46/2024;2024_46_17;tärkeä;1
1328;46/2024;2024_46_17;tärkeämpää;1
1328;46/2024;2024_46_17;täällä;1
1328;46/2024;2024_46_17;ukrainalaiset;1
1328;46/2024;2024_46_17;uusia;1
1328;46/2024;2024_46_17;vaatii;1
1328;46/2024;2024_46_17;vai;1
1328;46/2024;2024_46_17;vaiheessa;1
1328;46/2024;2024_46_17;vaikka;2
1328;46/2024;2024_46_17;vaikuttaa;2
1328;46/2024;2024_46_17;vaikuttavat;1
1328;46/2024;2024_46_17;vaikutukset;1
1328;46/2024;2024_46_17;vain;3
1328;46/2024;2024_46_17;valmiiksi;1
1328;46/2024;2024_46_17;valtio;2
1328;46/2024;2024_46_17;vastakkainasettelua;1
1328;46/2024;2024_46_17;vastuu;1
1328;46/2024;2024_46_17;velka;1
1328;46/2024;2024_46_17;velkaantumista;1
1328;46/2024;2024_46_17;velkaantuu;1
1328;46/2024;2024_46_17;verkoista;1
1328;46/2024;2024_46_17;veroja;2
1328;46/2024;2024_46_17;verojakin;1
1328;46/2024;2024_46_17;veronika;1
1328;46/2024;2024_46_17;veturit;1
1328;46/2024;2024_46_17;vetämään;1
1328;46/2024;2024_46_17;vieläkin;1
1328;46/2024;2024_46_17;vienti;1
1328;46/2024;2024_46_17;vika;1
1328;46/2024;2024_46_17;voi;2
1328;46/2024;2024_46_17;voimme;1
1328;46/2024;2024_46_17;voisimme;1
1328;46/2024;2024_46_17;vuotta;1
1328;46/2024;2024_46_17;vähätellä;1
1328;46/2024;2024_46_17;välihuudot;1
1328;46/2024;2024_46_17;välihuuto;1
1328;46/2024;2024_46_17;välittömästi;1
1328;46/2024;2024_46_17;yhtenäisyys;1
1328;46/2024;2024_46_17;yksi;1
1328;46/2024;2024_46_17;ylimielisesti;1
1328;46/2024;2024_46_17;ymmärtää;1
1328;46/2024;2024_46_17;yritykset;3
1328;46/2024;2024_46_17;yritys;1
1328;46/2024;2024_46_17;yritysten;2
1328;46/2024;2024_46_17;ytimessä;1
1328;46/2024;2024_46_17;ärade;3
1328;46/2024;2024_46_17;ärsyttävät;1
1328;46/2024;2024_46_17;öljyä;1
1328;46/2025;2025_46_27;aikanaan;1
1328;46/2025;2025_46_27;aito;1
1328;46/2025;2025_46_27;aivan;1
1328;46/2025;2025_46_27;alennuksia;1
1328;46/2025;2025_46_27;alentaa;1
1328;46/2025;2025_46_27;alle;1
1328;46/2025;2025_46_27;apua;1
1328;46/2025;2025_46_27;arvoisa;3
1328;46/2025;2025_46_27;arvonlisäveron;1
1328;46/2025;2025_46_27;asia;1
1328;46/2025;2025_46_27;auttanut;1
1328;46/2025;2025_46_27;edes;2
1328;46/2025;2025_46_27;eduskunnasta;1
1328;46/2025;2025_46_27;ei;7
1328;46/2025;2025_46_27;eivät;4
1328;46/2025;2025_46_27;eivätkä;1
1328;46/2025;2025_46_27;eläkeläisiä;1
1328;46/2025;2025_46_27;eläkeläisten;1
1328;46/2025;2025_46_27;eläkerahastosta;1
1328;46/2025;2025_46_27;eläkkeen;1
1328;46/2025;2025_46_27;en;1
1328;46/2025;2025_46_27;enemmän;2
1328;46/2025;2025_46_27;ennen;1
1328;46/2025;2025_46_27;ennätyksellistä;1
1328;46/2025;2025_46_27;enää;1
1328;46/2025;2025_46_27;epäoikeudenmukaisuutta;1
1328;46/2025;2025_46_27;epäreiluja;1
1328;46/2025;2025_46_27;eriarvoisuus;1
1328;46/2025;2025_46_27;erittäin;1
1328;46/2025;2025_46_27;että;11
1328;46/2025;2025_46_27;euroa;2
1328;46/2025;2025_46_27;hallituksessa;1
1328;46/2025;2025_46_27;hallitus;5
1328;46/2025;2025_46_27;haluamme;1
1328;46/2025;2025_46_27;heille;1
1328;46/2025;2025_46_27;heillä;2
1328;46/2025;2025_46_27;hoitoon;1
1328;46/2025;2025_46_27;hoivaa;1
1328;46/2025;2025_46_27;huolellisemmin;1
1328;46/2025;2025_46_27;huolissani;1
1328;46/2025;2025_46_27;hyvin;1
1328;46/2025;2025_46_27;hyvinvointialueiden;1
1328;46/2025;2025_46_27;hyvä;2
1328;46/2025;2025_46_27;hyväksyä;1
1328;46/2025;2025_46_27;hyvätuloisia;1
1328;46/2025;2025_46_27;hätähuuto;1
1328;46/2025;2025_46_27;häviämme;1
1328;46/2025;2025_46_27;ihmisiä;1
1328;46/2025;2025_46_27;investoivat;1
1328;46/2025;2025_46_27;ja;16
1328;46/2025;2025_46_27;jakavat;1
1328;46/2025;2025_46_27;jalkeille;1
1328;46/2025;2025_46_27;jatkua;1
1328;46/2025;2025_46_27;jo;1
1328;46/2025;2025_46_27;joilla;1
1328;46/2025;2025_46_27;joita;1
1328;46/2025;2025_46_27;jos;1
1328;46/2025;2025_46_27;jotka;4
1328;46/2025;2025_46_27;joutuvatkin;1
1328;46/2025;2025_46_27;julkisen;1
1328;46/2025;2025_46_27;julkisuuteen;1
1328;46/2025;2025_46_27;järkeä;1
1328;46/2025;2025_46_27;kai;1
1328;46/2025;2025_46_27;kaikessa;1
1328;46/2025;2025_46_27;kaikkea;1
1328;46/2025;2025_46_27;kaikki;1
1328;46/2025;2025_46_27;kaikkien;1
1328;46/2025;2025_46_27;kalliiksi;1
1328;46/2025;2025_46_27;kannatan;1
1328;46/2025;2025_46_27;kannusta;1
1328;46/2025;2025_46_27;kannustaa;1
1328;46/2025;2025_46_27;kannustusta;1
1328;46/2025;2025_46_27;kansaa;1
1328;46/2025;2025_46_27;kasvaa;2
1328;46/2025;2025_46_27;kasvamaan;1
1328;46/2025;2025_46_27;kasvuun;1
1328;46/2025;2025_46_27;kertoa;1
1328;46/2025;2025_46_27;kertonut;1
1328;46/2025;2025_46_27;keskituloiset;1
1328;46/2025;2025_46_27;keskituloisille;1
1328;46/2025;2025_46_27;kohdella;1
1328;46/2025;2025_46_27;kohdistaa;2
1328;46/2025;2025_46_27;kohta;1
1328;46/2025;2025_46_27;kohtuuttomia;1
1328;46/2025;2025_46_27;kohtuuttomuutta;1
1328;46/2025;2025_46_27;kokema;1
1328;46/2025;2025_46_27;kokonaan;1
1328;46/2025;2025_46_27;korolla;1
1328;46/2025;2025_46_27;korottaa;1
1328;46/2025;2025_46_27;korotus;1
1328;46/2025;2025_46_27;korvauksia;1
1328;46/2025;2025_46_27;koska;1
1328;46/2025;2025_46_27;kotien;1
1328;46/2025;2025_46_27;kotitalousvähennyksen;1
1328;46/2025;2025_46_27;kotitalousvähennystä;1
1328;46/2025;2025_46_27;kuin;2
1328;46/2025;2025_46_27;kuitenkin;1
1328;46/2025;2025_46_27;kuluttamaan;1
1328;46/2025;2025_46_27;kun;1
1328;46/2025;2025_46_27;kuntoon;1
1328;46/2025;2025_46_27;kuuluvan;1
1328;46/2025;2025_46_27;kyllä;1
1328;46/2025;2025_46_27;käyvät;1
1328;46/2025;2025_46_27;lainattiin;1
1328;46/2025;2025_46_27;laivat;1
1328;46/2025;2025_46_27;leikataan;2
1328;46/2025;2025_46_27;lopputulos;1
1328;46/2025;2025_46_27;lujasti;1
1328;46/2025;2025_46_27;luoda;1
1328;46/2025;2025_46_27;luota;1
1328;46/2025;2025_46_27;luottamus;1
1328;46/2025;2025_46_27;lääkärit;1
1328;46/2025;2025_46_27;löydy;1
1328;46/2025;2025_46_27;maksajiksi;1
1328;46/2025;2025_46_27;maksavat;1
1328;46/2025;2025_46_27;markkinataloutta;1
1328;46/2025;2025_46_27;meidän;1
1328;46/2025;2025_46_27;meille;1
1328;46/2025;2025_46_27;mentiin;1
1328;46/2025;2025_46_27;merkitys;1
1328;46/2025;2025_46_27;mieltä;1
1328;46/2025;2025_46_27;miettiä;1
1328;46/2025;2025_46_27;miljardi;2
1328;46/2025;2025_46_27;minkä;1
1328;46/2025;2025_46_27;missä;1
1328;46/2025;2025_46_27;mitenkään;1
1328;46/2025;2025_46_27;mitä;1
1328;46/2025;2025_46_27;mitätön;1
1328;46/2025;2025_46_27;mitään;1
1328;46/2025;2025_46_27;moraalinen;1
1328;46/2025;2025_46_27;mukaan;1
1328;46/2025;2025_46_27;mutta;4
1328;46/2025;2025_46_27;myös;2
1328;46/2025;2025_46_27;ne;5
1328;46/2025;2025_46_27;niille;1
1328;46/2025;2025_46_27;niin;3
1328;46/2025;2025_46_27;nostavat;1
1328;46/2025;2025_46_27;nuorten;1
1328;46/2025;2025_46_27;nyt;2
1328;46/2025;2025_46_27;näin;1
1328;46/2025;2025_46_27;näissä;1
1328;46/2025;2025_46_27;nämä;3
1328;46/2025;2025_46_27;näy;1
1328;46/2025;2025_46_27;oikea;1
1328;46/2025;2025_46_27;oikeasti;1
1328;46/2025;2025_46_27;oikeistolainen;1
1328;46/2025;2025_46_27;oikeudenmukaisesti;2
1328;46/2025;2025_46_27;ole;2
1328;46/2025;2025_46_27;olen;2
1328;46/2025;2025_46_27;oli;1
1328;46/2025;2025_46_27;olisi;8
1328;46/2025;2025_46_27;on;16
1328;46/2025;2025_46_27;onko;2
1328;46/2025;2025_46_27;orpo;1
1328;46/2025;2025_46_27;orpon;1
1328;46/2025;2025_46_27;osallistua;1
1328;46/2025;2025_46_27;ovat;2
1328;46/2025;2025_46_27;pahasti;1
1328;46/2025;2025_46_27;palaa;1
1328;46/2025;2025_46_27;palkkaharmoniasta;1
1328;46/2025;2025_46_27;palkoista;1
1328;46/2025;2025_46_27;peitellä;1
1328;46/2025;2025_46_27;pienille;1
1328;46/2025;2025_46_27;pienyrittäjiä;1
1328;46/2025;2025_46_27;piti;1
1328;46/2025;2025_46_27;pitänyt;5
1328;46/2025;2025_46_27;pitää;5
1328;46/2025;2025_46_27;prosentilla;1
1328;46/2025;2025_46_27;prosentin;1
1328;46/2025;2025_46_27;prosenttia;1
1328;46/2025;2025_46_27;puhemies;3
1328;46/2025;2025_46_27;purra;1
1328;46/2025;2025_46_27;purran;1
1328;46/2025;2025_46_27;puuttuu;1
1328;46/2025;2025_46_27;puuttuvat;1
1328;46/2025;2025_46_27;pystyvät;1
1328;46/2025;2025_46_27;päivänä;1
1328;46/2025;2025_46_27;pääministeri;3
1328;46/2025;2025_46_27;pääse;1
1328;46/2025;2025_46_27;päättäjien;1
1328;46/2025;2025_46_27;päättäjille;1
1328;46/2025;2025_46_27;päätökset;2
1328;46/2025;2025_46_27;rahaa;1
1328;46/2025;2025_46_27;rahat;1
1328;46/2025;2025_46_27;rajan;1
1328;46/2025;2025_46_27;reitti;1
1328;46/2025;2025_46_27;remontteihin;1
1328;46/2025;2025_46_27;riihessä;1
1328;46/2025;2025_46_27;riitä;1
1328;46/2025;2025_46_27;rikkaita;1
1328;46/2025;2025_46_27;ruokaan;1
1328;46/2025;2025_46_27;saa;2
1328;46/2025;2025_46_27;saada;2
1328;46/2025;2025_46_27;saanut;1
1328;46/2025;2025_46_27;saavat;1
1328;46/2025;2025_46_27;samaa;1
1328;46/2025;2025_46_27;saman;2
1328;46/2025;2025_46_27;sanonut;1
1328;46/2025;2025_46_27;se;6
1328;46/2025;2025_46_27;seilaavat;1
1328;46/2025;2025_46_27;selkäranka;1
1328;46/2025;2025_46_27;siellä;1
1328;46/2025;2025_46_27;siihen;1
1328;46/2025;2025_46_27;siitä;1
1328;46/2025;2025_46_27;silti;1
1328;46/2025;2025_46_27;sitä;1
1328;46/2025;2025_46_27;suo;1
1328;46/2025;2025_46_27;suomalaiset;3
1328;46/2025;2025_46_27;suomalaisten;1
1328;46/2025;2025_46_27;suomelta;1
1328;46/2025;2025_46_27;suomen;1
1328;46/2025;2025_46_27;suomessa;1
1328;46/2025;2025_46_27;suomi;1
1328;46/2025;2025_46_27;suunta;2
1328;46/2025;2025_46_27;suuremmatkin;1
1328;46/2025;2025_46_27;suuri;1
1328;46/2025;2025_46_27;suurituloisten;1
1328;46/2025;2025_46_27;takaisin;1
1328;46/2025;2025_46_27;talman;2
1328;46/2025;2025_46_27;taloudellinen;1
1328;46/2025;2025_46_27;talouden;3
1328;46/2025;2025_46_27;taloutemme;1
1328;46/2025;2025_46_27;tarina;1
1328;46/2025;2025_46_27;tarkastellaan;1
1328;46/2025;2025_46_27;tarkastelut;1
1328;46/2025;2025_46_27;tarvitaan;1
1328;46/2025;2025_46_27;tarvitsemme;1
1328;46/2025;2025_46_27;tehdyt;1
1328;46/2025;2025_46_27;tehdä;3
1328;46/2025;2025_46_27;tehnyt;1
1328;46/2025;2025_46_27;tehtävä;1
1328;46/2025;2025_46_27;teille;2
1328;46/2025;2025_46_27;tekemässä;1
1328;46/2025;2025_46_27;tekemään;1
1328;46/2025;2025_46_27;toimeentulevia;1
1328;46/2025;2025_46_27;toimenpiteitä;1
1328;46/2025;2025_46_27;toivoa;1
1328;46/2025;2025_46_27;toteutumaan;1
1328;46/2025;2025_46_27;tule;1
1328;46/2025;2025_46_27;tulee;1
1328;46/2025;2025_46_27;tulevaan;1
1328;46/2025;2025_46_27;tulevat;2
1328;46/2025;2025_46_27;tuli;1
1328;46/2025;2025_46_27;tuodaan;1
1328;46/2025;2025_46_27;tuonut;1
1328;46/2025;2025_46_27;tuotto;1
1328;46/2025;2025_46_27;tutkimusten;1
1328;46/2025;2025_46_27;tuurilla;1
1328;46/2025;2025_46_27;työssä;1
1328;46/2025;2025_46_27;työttömyys;1
1328;46/2025;2025_46_27;työviikkoa;1
1328;46/2025;2025_46_27;tämä;1
1328;46/2025;2025_46_27;tänä;1
1328;46/2025;2025_46_27;tärkein;1
1328;46/2025;2025_46_27;tässä;2
1328;46/2025;2025_46_27;täysin;2
1328;46/2025;2025_46_27;täällä;1
1328;46/2025;2025_46_27;töitä;1
1328;46/2025;2025_46_27;unohtanut;1
1328;46/2025;2025_46_27;uudelleen;1
1328;46/2025;2025_46_27;uusia;2
1328;46/2025;2025_46_27;uutisen;1
1328;46/2025;2025_46_27;vaikeata;1
1328;46/2025;2025_46_27;vaikutus;1
1328;46/2025;2025_46_27;vain;1
1328;46/2025;2025_46_27;valtiovarainministeri;1
1328;46/2025;2025_46_27;vanhustenhoitoon;1
1328;46/2025;2025_46_27;vanhuuden;1
1328;46/2025;2025_46_27;vasemmalta;1
1328;46/2025;2025_46_27;vastakkainasettelua;1
1328;46/2025;2025_46_27;vauhtia;1
1328;46/2025;2025_46_27;velkaantumista;1
1328;46/2025;2025_46_27;velkalaiva;1
1328;46/2025;2025_46_27;veronalennukset;2
1328;46/2025;2025_46_27;veronalennuksia;2
1328;46/2025;2025_46_27;veronalennuksissa;1
1328;46/2025;2025_46_27;veronmaksajat;1
1328;46/2025;2025_46_27;verran;2
1328;46/2025;2025_46_27;vetelä;1
1328;46/2025;2025_46_27;vielä;1
1328;46/2025;2025_46_27;viidellä;1
1328;46/2025;2025_46_27;viisipäiväistä;1
1328;46/2025;2025_46_27;vippaskonstein;1
1328;46/2025;2025_46_27;voi;2
1328;46/2025;2025_46_27;voin;1
1328;46/2025;2025_46_27;vuotaa;1
1328;46/2025;2025_46_27;vuotiaat;1
1328;46/2025;2025_46_27;välttää;1
1328;46/2025;2025_46_27;väärin;1
1328;46/2025;2025_46_27;väärä;1
1328;46/2025;2025_46_27;yhdeksän;1
1328;46/2025;2025_46_27;yhdessä;1
1328;46/2025;2025_46_27;yhteisöveroa;1
1328;46/2025;2025_46_27;yhä;1
1328;46/2025;2025_46_27;yksinyrittäjiä;1
1328;46/2025;2025_46_27;yli;1
1328;46/2025;2025_46_27;yliopistoista;1
1328;46/2025;2025_46_27;yllätyksenä;1
1328;46/2025;2025_46_27;yrittää;1
1328;46/2025;2025_46_27;yrityksille;2
1328;46/2025;2025_46_27;yrityksiä;1
1328;46/2025;2025_46_27;ärade;2
1328;46/2025;2025_46_27;äärimmilleen;1
1328;49/2021;2021_49_25;akkutehtaisiin;1
1328;49/2021;2021_49_25;arvo;1
1328;49/2021;2021_49_25;arvoisa;1
1328;49/2021;2021_49_25;eli;1
1328;49/2021;2021_49_25;elpymispaketista;1
1328;49/2021;2021_49_25;elvytyksen;1
1328;49/2021;2021_49_25;enää;1
1328;49/2021;2021_49_25;epäreilu;1
1328;49/2021;2021_49_25;epätasaisesti;1
1328;49/2021;2021_49_25;erittäin;1
1328;49/2021;2021_49_25;espanja;1
1328;49/2021;2021_49_25;etelä-eurooppaan;1
1328;49/2021;2021_49_25;eun;1
1328;49/2021;2021_49_25;eussa;1
1328;49/2021;2021_49_25;italian;1
1328;49/2021;2021_49_25;ja;2
1328;49/2021;2021_49_25;jaetaan;1
1328;49/2021;2021_49_25;jakaantuvat;1
1328;49/2021;2021_49_25;jakamassa;1
1328;49/2021;2021_49_25;kanssa;1
1328;49/2021;2021_49_25;kilpailu;1
1328;49/2021;2021_49_25;koko;1
1328;49/2021;2021_49_25;kun;1
1328;49/2021;2021_49_25;lintilä;1
1328;49/2021;2021_49_25;luulette;1
1328;49/2021;2021_49_25;mihin;1
1328;49/2021;2021_49_25;mikä;1
1328;49/2021;2021_49_25;miljardia;2
1328;49/2021;2021_49_25;miljardin;1
1328;49/2021;2021_49_25;ministeri;1
1328;49/2021;2021_49_25;mitä;2
1328;49/2021;2021_49_25;monen;1
1328;49/2021;2021_49_25;näin;1
1328;49/2021;2021_49_25;näkökulmasta;1
1328;49/2021;2021_49_25;ollaan;1
1328;49/2021;2021_49_25;on;6
1328;49/2021;2021_49_25;paketin;1
1328;49/2021;2021_49_25;paketti;1
1328;49/2021;2021_49_25;panostuksen;1
1328;49/2021;2021_49_25;puhemies;1
1328;49/2021;2021_49_25;päästä;1
1328;49/2021;2021_49_25;saamassa;1
1328;49/2021;2021_49_25;selvitetään;1
1328;49/2021;2021_49_25;sillä;1
1328;49/2021;2021_49_25;sitä;1
1328;49/2021;2021_49_25;suhteessa;1
1328;49/2021;2021_49_25;suomalaisten;2
1328;49/2021;2021_49_25;suomi;1
1328;49/2021;2021_49_25;tekemistä;1
1328;49/2021;2021_49_25;tekemässä;1
1328;49/2021;2021_49_25;tuet;1
1328;49/2021;2021_49_25;tukea;1
1328;49/2021;2021_49_25;tällä;1
1328;49/2021;2021_49_25;vauhdilla;1
1328;49/2021;2021_49_25;vielä;1
1328;49/2021;2021_49_25;vientiyritysten;1
1328;49/2021;2021_49_25;vuoden;1
1328;49/2021;2021_49_25;yritysten;1
1328;49/2024;2024_49_21;aika;1
1328;49/2024;2024_49_21;ainoa;2
1328;49/2024;2024_49_21;ainoat;1
1328;49/2024;2024_49_21;aivan;4
1328;49/2024;2024_49_21;alueiden;1
1328;49/2024;2024_49_21;alussa;1
1328;49/2024;2024_49_21;amerikkalaiset;1
1328;49/2024;2024_49_21;amerikkalaisilla;1
1328;49/2024;2024_49_21;antti;2
1328;49/2024;2024_49_21;arvoisa;4
1328;49/2024;2024_49_21;auttaa;1
1328;49/2024;2024_49_21;byrokratiaan;1
1328;49/2024;2024_49_21;edellinen;1
1328;49/2024;2024_49_21;edes;1
1328;49/2024;2024_49_21;eduskunnasta;1
1328;49/2024;2024_49_21;eerola;1
1328;49/2024;2024_49_21;eerolan;1
1328;49/2024;2024_49_21;ei;10
1328;49/2024;2024_49_21;eikä;4
1328;49/2024;2024_49_21;eivät;2
1328;49/2024;2024_49_21;eli;4
1328;49/2024;2024_49_21;emme;1
1328;49/2024;2024_49_21;enemmän;1
1328;49/2024;2024_49_21;ennen;1
1328;49/2024;2024_49_21;enää;1
1328;49/2024;2024_49_21;epäluottamuslauseeseen;1
1328;49/2024;2024_49_21;erilaista;2
1328;49/2024;2024_49_21;erittäin;1
1328;49/2024;2024_49_21;eteenpäin;1
1328;49/2024;2024_49_21;ettei;1
1328;49/2024;2024_49_21;että;7
1328;49/2024;2024_49_21;euroa;3
1328;49/2024;2024_49_21;eurot;1
1328;49/2024;2024_49_21;hallituksen;4
1328;49/2024;2024_49_21;hallituksessa;1
1328;49/2024;2024_49_21;hallitukset;1
1328;49/2024;2024_49_21;hallitus;4
1328;49/2024;2024_49_21;hallitusohjelmasta;1
1328;49/2024;2024_49_21;he;2
1328;49/2024;2024_49_21;heikkenee;1
1328;49/2024;2024_49_21;heillä;1
1328;49/2024;2024_49_21;heitteille;1
1328;49/2024;2024_49_21;hoitojonoihin;1
1328;49/2024;2024_49_21;hoitojonot;1
1328;49/2024;2024_49_21;hoitotöihin;1
1328;49/2024;2024_49_21;huippua;1
1328;49/2024;2024_49_21;huolestuttavaa;1
1328;49/2024;2024_49_21;huolimatta;1
1328;49/2024;2024_49_21;huomenna;1
1328;49/2024;2024_49_21;hyvä;2
1328;49/2024;2024_49_21;hyökkäyksestä;1
1328;49/2024;2024_49_21;ihmeitä;1
1328;49/2024;2024_49_21;ihmisiä;1
1328;49/2024;2024_49_21;ilman;1
1328;49/2024;2024_49_21;investoinneista;1
1328;49/2024;2024_49_21;irti;1
1328;49/2024;2024_49_21;iski;1
1328;49/2024;2024_49_21;itsestäänselvyyksiä;1
1328;49/2024;2024_49_21;ja;34
1328;49/2024;2024_49_21;jos;1
1328;49/2024;2024_49_21;juho;2
1328;49/2024;2024_49_21;junnasi;1
1328;49/2024;2024_49_21;junnilan;1
1328;49/2024;2024_49_21;järjestyksessä;1
1328;49/2024;2024_49_21;jättää;1
1328;49/2024;2024_49_21;kahta;1
1328;49/2024;2024_49_21;kaiken;1
1328;49/2024;2024_49_21;kaikki;1
1328;49/2024;2024_49_21;kaikkia;1
1328;49/2024;2024_49_21;karkaavat;1
1328;49/2024;2024_49_21;kasvaa;1
1328;49/2024;2024_49_21;kasvaneet;1
1328;49/2024;2024_49_21;kasvavat;1
1328;49/2024;2024_49_21;kasvurahastoihin;1
1328;49/2024;2024_49_21;kasvussa;1
1328;49/2024;2024_49_21;kasvutarinoita;1
1328;49/2024;2024_49_21;kasvuun;3
1328;49/2024;2024_49_21;katsokaa;1
1328;49/2024;2024_49_21;kauniit;1
1328;49/2024;2024_49_21;kela-kyyteihin;1
1328;49/2024;2024_49_21;kerron;1
1328;49/2024;2024_49_21;keskustan;2
1328;49/2024;2024_49_21;kiihtyy;1
1328;49/2024;2024_49_21;kiire;1
1328;49/2024;2024_49_21;kitumaan;1
1328;49/2024;2024_49_21;kohta;1
1328;49/2024;2024_49_21;koko;1
1328;49/2024;2024_49_21;konkurssit;1
1328;49/2024;2024_49_21;koputtaa;1
1328;49/2024;2024_49_21;korjaussarjasta;1
1328;49/2024;2024_49_21;korkojen;1
1328;49/2024;2024_49_21;korona;1
1328;49/2024;2024_49_21;koskaan;1
1328;49/2024;2024_49_21;kuin;2
1328;49/2024;2024_49_21;kun;3
1328;49/2024;2024_49_21;kunnossa;1
1328;49/2024;2024_49_21;kuntoon;1
1328;49/2024;2024_49_21;kurvinen;2
1328;49/2024;2024_49_21;kuten;1
1328;49/2024;2024_49_21;kuuhun;2
1328;49/2024;2024_49_21;kuulentomme;1
1328;49/2024;2024_49_21;kuusi;1
1328;49/2024;2024_49_21;kuussa;1
1328;49/2024;2024_49_21;kysymys;1
1328;49/2024;2024_49_21;käsistä;1
1328;49/2024;2024_49_21;kättä;1
1328;49/2024;2024_49_21;käyttöön;1
1328;49/2024;2024_49_21;laihdutuslääkkeitä;1
1328;49/2024;2024_49_21;laskua;1
1328;49/2024;2024_49_21;lensivät;1
1328;49/2024;2024_49_21;lentää;1
1328;49/2024;2024_49_21;liikkeelle;1
1328;49/2024;2024_49_21;linjan;1
1328;49/2024;2024_49_21;lisävelkaa;1
1328;49/2024;2024_49_21;lisää;5
1328;49/2024;2024_49_21;lisääntyy;2
1328;49/2024;2024_49_21;lukee;1
1328;49/2024;2024_49_21;lukumäärään;1
1328;49/2024;2024_49_21;luokkaa;1
1328;49/2024;2024_49_21;luulette;1
1328;49/2024;2024_49_21;luvun;1
1328;49/2024;2024_49_21;lähde;1
1328;49/2024;2024_49_21;lähtevät;1
1328;49/2024;2024_49_21;läpi;1
1328;49/2024;2024_49_21;lääkefirma;1
1328;49/2024;2024_49_21;lääkärit;1
1328;49/2024;2024_49_21;löytää;1
1328;49/2024;2024_49_21;mahdollisia;1
1328;49/2024;2024_49_21;marinin;1
1328;49/2024;2024_49_21;meidän;3
1328;49/2024;2024_49_21;meille;1
1328;49/2024;2024_49_21;meitä;1
1328;49/2024;2024_49_21;melkein;2
1328;49/2024;2024_49_21;menee;1
1328;49/2024;2024_49_21;menestystarinat;1
1328;49/2024;2024_49_21;menestystä;1
1328;49/2024;2024_49_21;mennä;1
1328;49/2024;2024_49_21;mennään;1
1328;49/2024;2024_49_21;menolla;1
1328;49/2024;2024_49_21;menot;3
1328;49/2024;2024_49_21;merkitse;1
1328;49/2024;2024_49_21;mihinkään;1
1328;49/2024;2024_49_21;mikä;3
1328;49/2024;2024_49_21;mikään;1
1328;49/2024;2024_49_21;miljardia;1
1328;49/2024;2024_49_21;miljardiluokan;1
1328;49/2024;2024_49_21;miljardit;1
1328;49/2024;2024_49_21;miljoonaa;2
1328;49/2024;2024_49_21;ministerit;1
1328;49/2024;2024_49_21;missä;1
1328;49/2024;2024_49_21;miten;1
1328;49/2024;2024_49_21;mitkä;1
1328;49/2024;2024_49_21;mitä;1
1328;49/2024;2024_49_21;mitään;4
1328;49/2024;2024_49_21;mutta;5
1328;49/2024;2024_49_21;muuhun;1
1328;49/2024;2024_49_21;muuten;2
1328;49/2024;2024_49_21;muutosta;1
1328;49/2024;2024_49_21;muuttunut;1
1328;49/2024;2024_49_21;myymällä;1
1328;49/2024;2024_49_21;myös;2
1328;49/2024;2024_49_21;ne;3
1328;49/2024;2024_49_21;neljä;1
1328;49/2024;2024_49_21;neljässä;1
1328;49/2024;2024_49_21;niiden;1
1328;49/2024;2024_49_21;niillä;1
1328;49/2024;2024_49_21;niin;3
1328;49/2024;2024_49_21;nopeita;1
1328;49/2024;2024_49_21;nousee;1
1328;49/2024;2024_49_21;nousseet;1
1328;49/2024;2024_49_21;nousuvauhti;1
1328;49/2024;2024_49_21;nykyinen;1
1328;49/2024;2024_49_21;nyt;10
1328;49/2024;2024_49_21;näihin;1
1328;49/2024;2024_49_21;näin;1
1328;49/2024;2024_49_21;näköalatonta;1
1328;49/2024;2024_49_21;näpertelyn;1
1328;49/2024;2024_49_21;näy;1
1328;49/2024;2024_49_21;odottelemalla;1
1328;49/2024;2024_49_21;ohi;1
1328;49/2024;2024_49_21;ohjelma;1
1328;49/2024;2024_49_21;ohjelmassa;1
1328;49/2024;2024_49_21;ohjelmasta;1
1328;49/2024;2024_49_21;oikeasti;1
1328;49/2024;2024_49_21;ole;4
1328;49/2024;2024_49_21;olemaan;1
1328;49/2024;2024_49_21;olemme;1
1328;49/2024;2024_49_21;olette;2
1328;49/2024;2024_49_21;oli;3
1328;49/2024;2024_49_21;olisi;1
1328;49/2024;2024_49_21;olla;1
1328;49/2024;2024_49_21;ollaan;1
1328;49/2024;2024_49_21;olleet;1
1328;49/2024;2024_49_21;ollut;2
1328;49/2024;2024_49_21;omalääkärimalli;1
1328;49/2024;2024_49_21;on;19
1328;49/2024;2024_49_21;onnistumisia;1
1328;49/2024;2024_49_21;onnistuneita;1
1328;49/2024;2024_49_21;opittu;2
1328;49/2024;2024_49_21;orpo;2
1328;49/2024;2024_49_21;orpon;2
1328;49/2024;2024_49_21;otamme;1
1328;49/2024;2024_49_21;otetta;1
1328;49/2024;2024_49_21;ottaa;1
1328;49/2024;2024_49_21;ottakaa;1
1328;49/2024;2024_49_21;ottaneet;1
1328;49/2024;2024_49_21;ovat;6
1328;49/2024;2024_49_21;pakko;1
1328;49/2024;2024_49_21;palvelu;1
1328;49/2024;2024_49_21;pandemiasta;1
1328;49/2024;2024_49_21;pankaa;1
1328;49/2024;2024_49_21;panna;1
1328;49/2024;2024_49_21;pannut;1
1328;49/2024;2024_49_21;panostuksia;1
1328;49/2024;2024_49_21;parasta;1
1328;49/2024;2024_49_21;perään;1
1328;49/2024;2024_49_21;pitäisi;3
1328;49/2024;2024_49_21;pitänyt;1
1328;49/2024;2024_49_21;pitääkin;1
1328;49/2024;2024_49_21;pohja;1
1328;49/2024;2024_49_21;pois;1
1328;49/2024;2024_49_21;pudonnut;1
1328;49/2024;2024_49_21;puheet;1
1328;49/2024;2024_49_21;puhemies;5
1328;49/2024;2024_49_21;puhuttiin;1
1328;49/2024;2024_49_21;puuhastelua;1
1328;49/2024;2024_49_21;puuhastelun;1
1328;49/2024;2024_49_21;puuttuu;2
1328;49/2024;2024_49_21;puututtu;1
1328;49/2024;2024_49_21;pyrkiä;1
1328;49/2024;2024_49_21;päinvastoin;1
1328;49/2024;2024_49_21;päivänä;1
1328;49/2024;2024_49_21;päivänäkin;1
1328;49/2024;2024_49_21;pääministeri;2
1328;49/2024;2024_49_21;pääministerit;1
1328;49/2024;2024_49_21;pääse;1
1328;49/2024;2024_49_21;päättivät;1
1328;49/2024;2024_49_21;päätöksiä;2
1328;49/2024;2024_49_21;radikaaleja;1
1328;49/2024;2024_49_21;raketti;1
1328;49/2024;2024_49_21;riitä;1
1328;49/2024;2024_49_21;rohkeutta;2
1328;49/2024;2024_49_21;roikottamalla;1
1328;49/2024;2024_49_21;ryhmästä;1
1328;49/2024;2024_49_21;saada;1
1328;49/2024;2024_49_21;saadaan;1
1328;49/2024;2024_49_21;sairaaloita;1
1328;49/2024;2024_49_21;samaa;4
1328;49/2024;2024_49_21;samalla;1
1328;49/2024;2024_49_21;saman;1
1328;49/2024;2024_49_21;sammuttaa;1
1328;49/2024;2024_49_21;se;3
1328;49/2024;2024_49_21;seis;1
1328;49/2024;2024_49_21;selvää;3
1328;49/2024;2024_49_21;sen;1
1328;49/2024;2024_49_21;siihen;2
1328;49/2024;2024_49_21;silloin;1
1328;49/2024;2024_49_21;sillä;2
1328;49/2024;2024_49_21;sinne;1
1328;49/2024;2024_49_21;sitten;1
1328;49/2024;2024_49_21;sitä;1
1328;49/2024;2024_49_21;sokka;1
1328;49/2024;2024_49_21;soten;1
1328;49/2024;2024_49_21;sulavat;1
1328;49/2024;2024_49_21;sulkemassa;1
1328;49/2024;2024_49_21;suomalaiset;1
1328;49/2024;2024_49_21;suomella;1
1328;49/2024;2024_49_21;suomelta;2
1328;49/2024;2024_49_21;suomen;3
1328;49/2024;2024_49_21;suomi;1
1328;49/2024;2024_49_21;suunta;1
1328;49/2024;2024_49_21;synny;1
1328;49/2024;2024_49_21;säästää;1
1328;49/2024;2024_49_21;säästöjä;1
1328;49/2024;2024_49_21;säästöt;1
1328;49/2024;2024_49_21;taas;1
1328;49/2024;2024_49_21;tahtoa;1
1328;49/2024;2024_49_21;tai;2
1328;49/2024;2024_49_21;talman;4
1328;49/2024;2024_49_21;talouden;1
1328;49/2024;2024_49_21;talous;3
1328;49/2024;2024_49_21;talouskasvua;2
1328;49/2024;2024_49_21;taloutta;1
1328;49/2024;2024_49_21;tanskaa;1
1328;49/2024;2024_49_21;tanskalaiset;1
1328;49/2024;2024_49_21;tarkoitettiin;1
1328;49/2024;2024_49_21;tarvitaan;5
1328;49/2024;2024_49_21;tasapainoon;1
1328;49/2024;2024_49_21;tavoite;1
1328;49/2024;2024_49_21;tehdä;1
1328;49/2024;2024_49_21;tehdään;2
1328;49/2024;2024_49_21;teidän;3
1328;49/2024;2024_49_21;tekee;2
1328;49/2024;2024_49_21;tekeminen;1
1328;49/2024;2024_49_21;terveyskeskuksia;1
1328;49/2024;2024_49_21;tienaavat;1
1328;49/2024;2024_49_21;toimillanne;1
1328;49/2024;2024_49_21;toiminta;1
1328;49/2024;2024_49_21;toisensa;1
1328;49/2024;2024_49_21;toivotaan;1
1328;49/2024;2024_49_21;toteuttivat;1
1328;49/2024;2024_49_21;toteutuvat;1
1328;49/2024;2024_49_21;totta;1
1328;49/2024;2024_49_21;tuhat;1
1328;49/2024;2024_49_21;tule;1
1328;49/2024;2024_49_21;tulee;1
1328;49/2024;2024_49_21;tullut;1
1328;49/2024;2024_49_21;tuo;1
1328;49/2024;2024_49_21;turhaan;1
1328;49/2024;2024_49_21;turvallisuudesta;1
1328;49/2024;2024_49_21;työllistä;1
1328;49/2024;2024_49_21;työllisyys;1
1328;49/2024;2024_49_21;työstä;1
1328;49/2024;2024_49_21;työttömiä;1
1328;49/2024;2024_49_21;työttömyys;2
1328;49/2024;2024_49_21;tähän;1
1328;49/2024;2024_49_21;tällä;2
1328;49/2024;2024_49_21;tämä;1
1328;49/2024;2024_49_21;tänä;1
1328;49/2024;2024_49_21;tänäkin;1
1328;49/2024;2024_49_21;tässä;2
1328;49/2024;2024_49_21;tätä;1
1328;49/2024;2024_49_21;täysin;2
1328;49/2024;2024_49_21;uudistua;2
1328;49/2024;2024_49_21;uusiksi;1
1328;49/2024;2024_49_21;vaaleja;1
1328;49/2024;2024_49_21;vaalikaudella;1
1328;49/2024;2024_49_21;vaan;1
1328;49/2024;2024_49_21;vaihtoehto;1
1328;49/2024;2024_49_21;vaihtuneet;1
1328;49/2024;2024_49_21;vaikka;2
1328;49/2024;2024_49_21;vain;1
1328;49/2024;2024_49_21;valot;1
1328;49/2024;2024_49_21;valtion;1
1328;49/2024;2024_49_21;vanhuksia;1
1328;49/2024;2024_49_21;varmasti;1
1328;49/2024;2024_49_21;vastauksia;1
1328;49/2024;2024_49_21;vauhtia;1
1328;49/2024;2024_49_21;velan;1
1328;49/2024;2024_49_21;velka;2
1328;49/2024;2024_49_21;velkaa;2
1328;49/2024;2024_49_21;velkaannutaan;1
1328;49/2024;2024_49_21;velkarallissa;2
1328;49/2024;2024_49_21;velkasumma;1
1328;49/2024;2024_49_21;velkavuori;1
1328;49/2024;2024_49_21;venäjän;1
1328;49/2024;2024_49_21;verotukseen;1
1328;49/2024;2024_49_21;viimeinen;1
1328;49/2024;2024_49_21;vilhelm;1
1328;49/2024;2024_49_21;visio;3
1328;49/2024;2024_49_21;visionne;1
1328;49/2024;2024_49_21;visiota;1
1328;49/2024;2024_49_21;voi;2
1328;49/2024;2024_49_21;vuoden;1
1328;49/2024;2024_49_21;vuodessa;1
1328;49/2024;2024_49_21;vuosikymmenellä;1
1328;49/2024;2024_49_21;vuotta;3
1328;49/2024;2024_49_21;vähenee;1
1328;49/2024;2024_49_21;vähentäminen;1
1328;49/2024;2024_49_21;vähintään;1
1328;49/2024;2024_49_21;välihuuto;2
1328;49/2024;2024_49_21;väärässä;2
1328;49/2024;2024_49_21;yhdyn;1
1328;49/2024;2024_49_21;yhtä;1
1328;49/2024;2024_49_21;yksi;1
1328;49/2024;2024_49_21;yli;1
1328;49/2024;2024_49_21;ylihuomenna;1
1328;49/2024;2024_49_21;ymmärtämään;1
1328;49/2024;2024_49_21;yrittäjäpohjalta;1
1328;49/2024;2024_49_21;yrittämisestä;1
1328;49/2024;2024_49_21;yritysten;3
1328;49/2024;2024_49_21;ärade;4
1328;5/2022;2022_5_16;aina;1
1328;5/2022;2022_5_16;ainakaan;1
1328;5/2022;2022_5_16;ainakin;2
1328;5/2022;2022_5_16;aletaan;1
1328;5/2022;2022_5_16;alkaa;1
1328;5/2022;2022_5_16;alueella;1
1328;5/2022;2022_5_16;ansiosidonnaista;1
1328;5/2022;2022_5_16;ansiot;1
1328;5/2022;2022_5_16;antti;1
1328;5/2022;2022_5_16;arvoisa;3
1328;5/2022;2022_5_16;asiantuntijat;1
1328;5/2022;2022_5_16;asuntolainojen;1
1328;5/2022;2022_5_16;auta;1
1328;5/2022;2022_5_16;avulla;1
1328;5/2022;2022_5_16;budjetissa;1
1328;5/2022;2022_5_16;budjettiriihestä;1
1328;5/2022;2022_5_16;ehdottaa;1
1328;5/2022;2022_5_16;ei;11
1328;5/2022;2022_5_16;eikä;2
1328;5/2022;2022_5_16;eivät;1
1328;5/2022;2022_5_16;eli;3
1328;5/2022;2022_5_16;elintaso;2
1328;5/2022;2022_5_16;eläminen;1
1328;5/2022;2022_5_16;elää;2
1328;5/2022;2022_5_16;emme;1
1328;5/2022;2022_5_16;enemmän;2
1328;5/2022;2022_5_16;energian;1
1328;5/2022;2022_5_16;entistä;1
1328;5/2022;2022_5_16;entä;1
1328;5/2022;2022_5_16;enää;1
1328;5/2022;2022_5_16;ero;1
1328;5/2022;2022_5_16;esimerkiksi;2
1328;5/2022;2022_5_16;espanjalaisten;1
1328;5/2022;2022_5_16;eteenpäin;2
1328;5/2022;2022_5_16;että;6
1328;5/2022;2022_5_16;eu;1
1328;5/2022;2022_5_16;eun;4
1328;5/2022;2022_5_16;euroa;2
1328;5/2022;2022_5_16;euron;1
1328;5/2022;2022_5_16;euta;1
1328;5/2022;2022_5_16;globaali;1
1328;5/2022;2022_5_16;hallituksella;1
1328;5/2022;2022_5_16;hallitus;4
1328;5/2022;2022_5_16;halu;2
1328;5/2022;2022_5_16;harmonisointi;1
1328;5/2022;2022_5_16;he;1
1328;5/2022;2022_5_16;heidän;1
1328;5/2022;2022_5_16;heijastuu;1
1328;5/2022;2022_5_16;heistä;1
1328;5/2022;2022_5_16;henkilöstön;1
1328;5/2022;2022_5_16;hiilineutraali;1
1328;5/2022;2022_5_16;hinnat;3
1328;5/2022;2022_5_16;hinta;1
1328;5/2022;2022_5_16;hintoihin;1
1328;5/2022;2022_5_16;hintojen;1
1328;5/2022;2022_5_16;hyvinvointivaltio;1
1328;5/2022;2022_5_16;hyvä;1
1328;5/2022;2022_5_16;ihminen;1
1328;5/2022;2022_5_16;ihmisen;1
1328;5/2022;2022_5_16;ihmiset;1
1328;5/2022;2022_5_16;ikäviä;1
1328;5/2022;2022_5_16;ilmakehää;1
1328;5/2022;2022_5_16;ilman;2
1328;5/2022;2022_5_16;ilmastonmuutoksen;1
1328;5/2022;2022_5_16;ilmastopaketin;1
1328;5/2022;2022_5_16;ilmiö;2
1328;5/2022;2022_5_16;inflaatio;2
1328;5/2022;2022_5_16;investoinnit;1
1328;5/2022;2022_5_16;investointeja;1
1328;5/2022;2022_5_16;italia;1
1328;5/2022;2022_5_16;italialaisten;1
1328;5/2022;2022_5_16;ja;28
1328;5/2022;2022_5_16;joiden;1
1328;5/2022;2022_5_16;joka;1
1328;5/2022;2022_5_16;jos;2
1328;5/2022;2022_5_16;jota;1
1328;5/2022;2022_5_16;joustavammat;1
1328;5/2022;2022_5_16;julkiseen;1
1328;5/2022;2022_5_16;järki;1
1328;5/2022;2022_5_16;kaikkeen;1
1328;5/2022;2022_5_16;kaikki;2
1328;5/2022;2022_5_16;kallistuu;1
1328;5/2022;2022_5_16;kannattavaa;1
1328;5/2022;2022_5_16;kannustaa;1
1328;5/2022;2022_5_16;kansaa;1
1328;5/2022;2022_5_16;kanssa;2
1328;5/2022;2022_5_16;kasvaa;1
1328;5/2022;2022_5_16;kasvu;2
1328;5/2022;2022_5_16;kasvua;1
1328;5/2022;2022_5_16;kauheasti;1
1328;5/2022;2022_5_16;kaunistuvat;1
1328;5/2022;2022_5_16;kehyksissä;1
1328;5/2022;2022_5_16;keskiluokka;1
1328;5/2022;2022_5_16;keskuspankit;1
1328;5/2022;2022_5_16;kestävästi;1
1328;5/2022;2022_5_16;kiihtyvä;1
1328;5/2022;2022_5_16;kiinni;1
1328;5/2022;2022_5_16;kiitos;1
1328;5/2022;2022_5_16;kilpailua;1
1328;5/2022;2022_5_16;kohta;1
1328;5/2022;2022_5_16;komissio;1
1328;5/2022;2022_5_16;korkoja;1
1328;5/2022;2022_5_16;korot;1
1328;5/2022;2022_5_16;kovin;1
1328;5/2022;2022_5_16;kriisi;1
1328;5/2022;2022_5_16;kuihtua;1
1328;5/2022;2022_5_16;kuihtuu;1
1328;5/2022;2022_5_16;kuin;4
1328;5/2022;2022_5_16;kulutus;1
1328;5/2022;2022_5_16;kun;4
1328;5/2022;2022_5_16;kurjistuu;1
1328;5/2022;2022_5_16;kustannuksia;1
1328;5/2022;2022_5_16;kylkeen;1
1328;5/2022;2022_5_16;kysymys;1
1328;5/2022;2022_5_16;köyhintä;1
1328;5/2022;2022_5_16;köyhtyvät;1
1328;5/2022;2022_5_16;köyhtyy;1
1328;5/2022;2022_5_16;laahustamme;1
1328;5/2022;2022_5_16;laskee;1
1328;5/2022;2022_5_16;lempäälän;1
1328;5/2022;2022_5_16;liian;1
1328;5/2022;2022_5_16;lindtmanin;1
1328;5/2022;2022_5_16;lisäksi;1
1328;5/2022;2022_5_16;lisää;3
1328;5/2022;2022_5_16;lisäävät;1
1328;5/2022;2022_5_16;lähtevät;1
1328;5/2022;2022_5_16;maksaa;1
1328;5/2022;2022_5_16;maksaisi;1
1328;5/2022;2022_5_16;maksamassa;1
1328;5/2022;2022_5_16;maksamme;1
1328;5/2022;2022_5_16;maksoi;1
1328;5/2022;2022_5_16;mallia;1
1328;5/2022;2022_5_16;markkinoille;1
1328;5/2022;2022_5_16;meidän;2
1328;5/2022;2022_5_16;meiltä;2
1328;5/2022;2022_5_16;mieleen;1
1328;5/2022;2022_5_16;miksi;1
1328;5/2022;2022_5_16;miljardi;1
1328;5/2022;2022_5_16;miljardia;2
1328;5/2022;2022_5_16;miljardin;1
1328;5/2022;2022_5_16;miljoonaa;1
1328;5/2022;2022_5_16;miljoonan;1
1328;5/2022;2022_5_16;missään;1
1328;5/2022;2022_5_16;mistä;1
1328;5/2022;2022_5_16;mukaa;1
1328;5/2022;2022_5_16;mukaan;1
1328;5/2022;2022_5_16;mutta;8
1328;5/2022;2022_5_16;muuallakin;1
1328;5/2022;2022_5_16;muuhun;1
1328;5/2022;2022_5_16;myöhemmin;1
1328;5/2022;2022_5_16;myöhään;1
1328;5/2022;2022_5_16;myös;1
1328;5/2022;2022_5_16;nettona;2
1328;5/2022;2022_5_16;nettovarallisuutensa;1
1328;5/2022;2022_5_16;niin;5
1328;5/2022;2022_5_16;nolla;1
1328;5/2022;2022_5_16;nopeaa;1
1328;5/2022;2022_5_16;nostamaan;1
1328;5/2022;2022_5_16;nousevat;3
1328;5/2022;2022_5_16;nousussa;1
1328;5/2022;2022_5_16;nousuun;1
1328;5/2022;2022_5_16;nyt;2
1328;5/2022;2022_5_16;näivettyy;1
1328;5/2022;2022_5_16;näkee;1
1328;5/2022;2022_5_16;näkyvissä;1
1328;5/2022;2022_5_16;nälkää;1
1328;5/2022;2022_5_16;ole;3
1328;5/2022;2022_5_16;olemme;1
1328;5/2022;2022_5_16;olemmeko;1
1328;5/2022;2022_5_16;olimme;1
1328;5/2022;2022_5_16;olla;6
1328;5/2022;2022_5_16;ollenkaan;1
1328;5/2022;2022_5_16;omaksi;1
1328;5/2022;2022_5_16;on;14
1328;5/2022;2022_5_16;osa;1
1328;5/2022;2022_5_16;osa-aikaisilla;1
1328;5/2022;2022_5_16;ostovoima;1
1328;5/2022;2022_5_16;otetaan;2
1328;5/2022;2022_5_16;ovat;3
1328;5/2022;2022_5_16;pahasti;1
1328;5/2022;2022_5_16;paketti;1
1328;5/2022;2022_5_16;paljon;1
1328;5/2022;2022_5_16;palkankorotukset;1
1328;5/2022;2022_5_16;palkat;3
1328;5/2022;2022_5_16;palkkojen;1
1328;5/2022;2022_5_16;palkoilla;1
1328;5/2022;2022_5_16;palvelualan;1
1328;5/2022;2022_5_16;palvelualojen;1
1328;5/2022;2022_5_16;panna;1
1328;5/2022;2022_5_16;paukut;1
1328;5/2022;2022_5_16;perässä;1
1328;5/2022;2022_5_16;perästä;1
1328;5/2022;2022_5_16;pian;1
1328;5/2022;2022_5_16;pidämme;1
1328;5/2022;2022_5_16;pitäisi;5
1328;5/2022;2022_5_16;pitää;1
1328;5/2022;2022_5_16;pohjoismaiden;1
1328;5/2022;2022_5_16;polttoaineiden;2
1328;5/2022;2022_5_16;prosentin;1
1328;5/2022;2022_5_16;prosentti;1
1328;5/2022;2022_5_16;prosenttia;1
1328;5/2022;2022_5_16;puhemies;3
1328;5/2022;2022_5_16;puolalaisten;1
1328;5/2022;2022_5_16;puolet;1
1328;5/2022;2022_5_16;puuhastelee;1
1328;5/2022;2022_5_16;puuttuu;3
1328;5/2022;2022_5_16;pysty;2
1328;5/2022;2022_5_16;pysyvä;1
1328;5/2022;2022_5_16;pysyvästi;1
1328;5/2022;2022_5_16;pysyvää;1
1328;5/2022;2022_5_16;pyöri;1
1328;5/2022;2022_5_16;pyörii;1
1328;5/2022;2022_5_16;päivät;1
1328;5/2022;2022_5_16;pärjätä;1
1328;5/2022;2022_5_16;päämarkkinoidemme;1
1328;5/2022;2022_5_16;päässä;1
1328;5/2022;2022_5_16;päätöksiin;1
1328;5/2022;2022_5_16;päätöksiä;1
1328;5/2022;2022_5_16;rakentavat;1
1328;5/2022;2022_5_16;rakenteista;1
1328;5/2022;2022_5_16;ranska;1
1328;5/2022;2022_5_16;ranskalaisten;1
1328;5/2022;2022_5_16;rauhoittumista;1
1328;5/2022;2022_5_16;reagoi;1
1328;5/2022;2022_5_16;riippuvainen;1
1328;5/2022;2022_5_16;riitelee;1
1328;5/2022;2022_5_16;riitä;1
1328;5/2022;2022_5_16;ruoan;1
1328;5/2022;2022_5_16;ruokaan;2
1328;5/2022;2022_5_16;ruotsalaisten;1
1328;5/2022;2022_5_16;saksa;1
1328;5/2022;2022_5_16;se;2
1328;5/2022;2022_5_16;selkeitä;1
1328;5/2022;2022_5_16;sen;2
1328;5/2022;2022_5_16;seurauksista;1
1328;5/2022;2022_5_16;siirretty;1
1328;5/2022;2022_5_16;siirretään;1
1328;5/2022;2022_5_16;sijaan;1
1328;5/2022;2022_5_16;sitten;1
1328;5/2022;2022_5_16;sitä;2
1328;5/2022;2022_5_16;sosiaalirahastoa;1
1328;5/2022;2022_5_16;sote-henkilöstön;1
1328;5/2022;2022_5_16;sote-uudistus;1
1328;5/2022;2022_5_16;summaa;1
1328;5/2022;2022_5_16;suomalainen;1
1328;5/2022;2022_5_16;suomalaisen;2
1328;5/2022;2022_5_16;suomalaiset;1
1328;5/2022;2022_5_16;suomalaisten;1
1328;5/2022;2022_5_16;suomea;1
1328;5/2022;2022_5_16;suomella;1
1328;5/2022;2022_5_16;suomelle;2
1328;5/2022;2022_5_16;suomi;2
1328;5/2022;2022_5_16;suurempi;1
1328;5/2022;2022_5_16;syömävelkaa;1
1328;5/2022;2022_5_16;sähkölaskut;1
1328;5/2022;2022_5_16;sähkön;2
1328;5/2022;2022_5_16;tai;1
1328;5/2022;2022_5_16;takia;1
1328;5/2022;2022_5_16;talman;3
1328;5/2022;2022_5_16;talouden;1
1328;5/2022;2022_5_16;talouspolitiikkaansa;1
1328;5/2022;2022_5_16;talouteen;1
1328;5/2022;2022_5_16;taloutemme;1
1328;5/2022;2022_5_16;tappioksemme;1
1328;5/2022;2022_5_16;tarkoittaa;1
1328;5/2022;2022_5_16;tarvitsee;1
1328;5/2022;2022_5_16;tasoissa;1
1328;5/2022;2022_5_16;tavoite;2
1328;5/2022;2022_5_16;tehokkaita;1
1328;5/2022;2022_5_16;tehtävä;1
1328;5/2022;2022_5_16;tekevät;1
1328;5/2022;2022_5_16;tietävät;1
1328;5/2022;2022_5_16;tiukemmalla;1
1328;5/2022;2022_5_16;toimeen;1
1328;5/2022;2022_5_16;toimia;1
1328;5/2022;2022_5_16;toimivat;1
1328;5/2022;2022_5_16;toinen;1
1328;5/2022;2022_5_16;toiseen;1
1328;5/2022;2022_5_16;torjunta;1
1328;5/2022;2022_5_16;totuus;1
1328;5/2022;2022_5_16;tule;1
1328;5/2022;2022_5_16;tulevat;1
1328;5/2022;2022_5_16;tuli;1
1328;5/2022;2022_5_16;tullut;1
1328;5/2022;2022_5_16;tuoreen;1
1328;5/2022;2022_5_16;tuovat;1
1328;5/2022;2022_5_16;tutkimuksen;1
1328;5/2022;2022_5_16;tuulettaa;1
1328;5/2022;2022_5_16;työllisyyslukuja;1
1328;5/2022;2022_5_16;työllisyyspaketin;1
1328;5/2022;2022_5_16;työllisyystilastot;1
1328;5/2022;2022_5_16;työllisyystoimien;1
1328;5/2022;2022_5_16;työllisyyteen;1
1328;5/2022;2022_5_16;työllisyyttä;1
1328;5/2022;2022_5_16;työmarkkinat;1
1328;5/2022;2022_5_16;työmarkkinoiden;1
1328;5/2022;2022_5_16;työntekijöiden;1
1328;5/2022;2022_5_16;työntekijöillä;1
1328;5/2022;2022_5_16;työntekijöitä;1
1328;5/2022;2022_5_16;työnteon;1
1328;5/2022;2022_5_16;työntämällä;1
1328;5/2022;2022_5_16;työpaikkoja;2
1328;5/2022;2022_5_16;työpaikoilla;1
1328;5/2022;2022_5_16;työssäkäyvän;1
1328;5/2022;2022_5_16;työttömyyskorvausta;1
1328;5/2022;2022_5_16;tämä;5
1328;5/2022;2022_5_16;tänä;1
1328;5/2022;2022_5_16;tärkeää;1
1328;5/2022;2022_5_16;tästä;2
1328;5/2022;2022_5_16;tätä;2
1328;5/2022;2022_5_16;täydet;1
1328;5/2022;2022_5_16;töitä;1
1328;5/2022;2022_5_16;ukrainan;1
1328;5/2022;2022_5_16;uudistamaan;1
1328;5/2022;2022_5_16;uudistua;1
1328;5/2022;2022_5_16;uudistumaan;1
1328;5/2022;2022_5_16;uusia;2
1328;5/2022;2022_5_16;vaarassa;1
1328;5/2022;2022_5_16;vaikka;1
1328;5/2022;2022_5_16;vain;5
1328;5/2022;2022_5_16;valtiokaan;1
1328;5/2022;2022_5_16;vanhoista;1
1328;5/2022;2022_5_16;varaa;1
1328;5/2022;2022_5_16;velkapaketista;1
1328;5/2022;2022_5_16;velkarahaa;1
1328;5/2022;2022_5_16;veronmaksaja;1
1328;5/2022;2022_5_16;veronmaksajan;1
1328;5/2022;2022_5_16;verotuksella;1
1328;5/2022;2022_5_16;viennistä;1
1328;5/2022;2022_5_16;voi;6
1328;5/2022;2022_5_16;vuodessa;1
1328;5/2022;2022_5_16;vuonna;1
1328;5/2022;2022_5_16;vuotta;1
1328;5/2022;2022_5_16;väittävät;1
1328;5/2022;2022_5_16;väliaikainen;1
1328;5/2022;2022_5_16;välihuuto;1
1328;5/2022;2022_5_16;välittämättä;1
1328;5/2022;2022_5_16;vääristämme;1
1328;5/2022;2022_5_16;yhdessä;1
1328;5/2022;2022_5_16;yhteiskunta;2
1328;5/2022;2022_5_16;yli;1
1328;5/2022;2022_5_16;ylikuumentuneen;1
1328;5/2022;2022_5_16;yläpuolella;1
1328;5/2022;2022_5_16;ymmärtää;1
1328;5/2022;2022_5_16;yrittäjien;1
1328;5/2022;2022_5_16;yrittäjän;1
1328;5/2022;2022_5_16;yrityksiä;1
1328;5/2022;2022_5_16;ärade;3
1328;5/2025;2025_5_17;aikaisemmin;1
1328;5/2025;2025_5_17;ainoa;1
1328;5/2025;2025_5_17;aivan;1
1328;5/2025;2025_5_17;ajaa;1
1328;5/2025;2025_5_17;ala-asteella;1
1328;5/2025;2025_5_17;alennetaan;1
1328;5/2025;2025_5_17;alle;1
1328;5/2025;2025_5_17;apuun;1
1328;5/2025;2025_5_17;arvoisa;6
1328;5/2025;2025_5_17;asia;1
1328;5/2025;2025_5_17;asioista;1
1328;5/2025;2025_5_17;asioistaan;1
1328;5/2025;2025_5_17;asioistani;1
1328;5/2025;2025_5_17;asuntolainansa;1
1328;5/2025;2025_5_17;auttaa;1
1328;5/2025;2025_5_17;dieselfarmari;1
1328;5/2025;2025_5_17;edellisissä;1
1328;5/2025;2025_5_17;edes;1
1328;5/2025;2025_5_17;ehdotti;1
1328;5/2025;2025_5_17;ehkä;1
1328;5/2025;2025_5_17;ei;13
1328;5/2025;2025_5_17;eklle;1
1328;5/2025;2025_5_17;eläminen;1
1328;5/2025;2025_5_17;enemmistön;1
1328;5/2025;2025_5_17;enemmän;3
1328;5/2025;2025_5_17;ennen;2
1328;5/2025;2025_5_17;ennuste;1
1328;5/2025;2025_5_17;epäkunnossa;1
1328;5/2025;2025_5_17;epäluottamusta;1
1328;5/2025;2025_5_17;epäonnistuminen;1
1328;5/2025;2025_5_17;epävarmuutta;1
1328;5/2025;2025_5_17;erikoislääkäriä;1
1328;5/2025;2025_5_17;esittänyt;1
1328;5/2025;2025_5_17;että;5
1328;5/2025;2025_5_17;eu;5
1328;5/2025;2025_5_17;eu-maihin;1
1328;5/2025;2025_5_17;eun;1
1328;5/2025;2025_5_17;euroa;1
1328;5/2025;2025_5_17;euta;1
1328;5/2025;2025_5_17;hallitukselle;1
1328;5/2025;2025_5_17;hallitus;3
1328;5/2025;2025_5_17;haluaa;1
1328;5/2025;2025_5_17;heikko;1
1328;5/2025;2025_5_17;heikoin;1
1328;5/2025;2025_5_17;heille;1
1328;5/2025;2025_5_17;heinonen;1
1328;5/2025;2025_5_17;hidas;1
1328;5/2025;2025_5_17;hiljaisen;1
1328;5/2025;2025_5_17;hinnalla;1
1328;5/2025;2025_5_17;hoitojonoihin;1
1328;5/2025;2025_5_17;huolehtia;1
1328;5/2025;2025_5_17;huolen;1
1328;5/2025;2025_5_17;huoli;1
1328;5/2025;2025_5_17;huolta;2
1328;5/2025;2025_5_17;huoltovarmuutta;1
1328;5/2025;2025_5_17;hädissään;1
1328;5/2025;2025_5_17;ihmisiin;1
1328;5/2025;2025_5_17;isä;1
1328;5/2025;2025_5_17;itse;1
1328;5/2025;2025_5_17;itsensä;1
1328;5/2025;2025_5_17;ja;31
1328;5/2025;2025_5_17;jakavat;1
1328;5/2025;2025_5_17;jatkaa;1
1328;5/2025;2025_5_17;jatkossa;2
1328;5/2025;2025_5_17;jo;2
1328;5/2025;2025_5_17;jos;3
1328;5/2025;2025_5_17;jostain;1
1328;5/2025;2025_5_17;jota;1
1328;5/2025;2025_5_17;julki;1
1328;5/2025;2025_5_17;julkisen;1
1328;5/2025;2025_5_17;junaratoihin;1
1328;5/2025;2025_5_17;jäykkä;1
1328;5/2025;2025_5_17;kaasua;2
1328;5/2025;2025_5_17;kahden;1
1328;5/2025;2025_5_17;kaikesta;1
1328;5/2025;2025_5_17;kaikilta;1
1328;5/2025;2025_5_17;kaikki;2
1328;5/2025;2025_5_17;kaksi;1
1328;5/2025;2025_5_17;kalliimpia;1
1328;5/2025;2025_5_17;kannattaa;1
1328;5/2025;2025_5_17;kasvaa;1
1328;5/2025;2025_5_17;kasvanut;1
1328;5/2025;2025_5_17;kasvu;1
1328;5/2025;2025_5_17;kasvua;1
1328;5/2025;2025_5_17;kasvuun;1
1328;5/2025;2025_5_17;katsokaa;1
1328;5/2025;2025_5_17;kauppakamarille;1
1328;5/2025;2025_5_17;keksi;1
1328;5/2025;2025_5_17;kelpaa;1
1328;5/2025;2025_5_17;kelpaavan;1
1328;5/2025;2025_5_17;keskenään;1
1328;5/2025;2025_5_17;keskiluokka;1
1328;5/2025;2025_5_17;kiina;1
1328;5/2025;2025_5_17;kiitos;1
1328;5/2025;2025_5_17;kiltisti;1
1328;5/2025;2025_5_17;kirjat;1
1328;5/2025;2025_5_17;kohdan;1
1328;5/2025;2025_5_17;koira;1
1328;5/2025;2025_5_17;kokeilu;1
1328;5/2025;2025_5_17;kokoomus;3
1328;5/2025;2025_5_17;kolmella;1
1328;5/2025;2025_5_17;korjaussarjaa;1
1328;5/2025;2025_5_17;korkeimman;1
1328;5/2025;2025_5_17;korotetaan;1
1328;5/2025;2025_5_17;korottamalla;1
1328;5/2025;2025_5_17;koska;4
1328;5/2025;2025_5_17;koskaan;1
1328;5/2025;2025_5_17;koske;1
1328;5/2025;2025_5_17;kotitalousvähennystä;1
1328;5/2025;2025_5_17;kuin;5
1328;5/2025;2025_5_17;kuinka;1
1328;5/2025;2025_5_17;kukaan;2
1328;5/2025;2025_5_17;kun;2
1328;5/2025;2025_5_17;kuntoon;3
1328;5/2025;2025_5_17;kuoliaaksi;1
1328;5/2025;2025_5_17;kupla;1
1328;5/2025;2025_5_17;kuvauksiin;1
1328;5/2025;2025_5_17;kyllä;3
1328;5/2025;2025_5_17;kädet;1
1328;5/2025;2025_5_17;kävi;1
1328;5/2025;2025_5_17;käyntiin;1
1328;5/2025;2025_5_17;käyvät;1
1328;5/2025;2025_5_17;laittaa;1
1328;5/2025;2025_5_17;lapsista;1
1328;5/2025;2025_5_17;leikataan;1
1328;5/2025;2025_5_17;leikkaamalla;1
1328;5/2025;2025_5_17;lenkki;1
1328;5/2025;2025_5_17;liian;2
1328;5/2025;2025_5_17;liike;1
1328;5/2025;2025_5_17;lompakossa;1
1328;5/2025;2025_5_17;luo;1
1328;5/2025;2025_5_17;lupailee;1
1328;5/2025;2025_5_17;lupasivat;1
1328;5/2025;2025_5_17;lupaukset;1
1328;5/2025;2025_5_17;lupaus;1
1328;5/2025;2025_5_17;luvattu;1
1328;5/2025;2025_5_17;lääkäri;1
1328;5/2025;2025_5_17;lääkäripalvelua;1
1328;5/2025;2025_5_17;maailmantaloutta;1
1328;5/2025;2025_5_17;maksaakin;1
1328;5/2025;2025_5_17;maksavat;4
1328;5/2025;2025_5_17;maksun;1
1328;5/2025;2025_5_17;marraskuussa;1
1328;5/2025;2025_5_17;matokuuria;1
1328;5/2025;2025_5_17;meillä;3
1328;5/2025;2025_5_17;meitä;1
1328;5/2025;2025_5_17;menemään;1
1328;5/2025;2025_5_17;menestyä;1
1328;5/2025;2025_5_17;menoa;1
1328;5/2025;2025_5_17;menolla;2
1328;5/2025;2025_5_17;miljardia;1
1328;5/2025;2025_5_17;miljardilla;1
1328;5/2025;2025_5_17;minulla;1
1328;5/2025;2025_5_17;missä;1
1328;5/2025;2025_5_17;mitä;1
1328;5/2025;2025_5_17;mitään;1
1328;5/2025;2025_5_17;mutta;5
1328;5/2025;2025_5_17;muu;2
1328;5/2025;2025_5_17;muukaan;1
1328;5/2025;2025_5_17;muut;1
1328;5/2025;2025_5_17;muuta;2
1328;5/2025;2025_5_17;muutosta;1
1328;5/2025;2025_5_17;myös;1
1328;5/2025;2025_5_17;määrää;1
1328;5/2025;2025_5_17;nato;1
1328;5/2025;2025_5_17;naurua;1
1328;5/2025;2025_5_17;ne;1
1328;5/2025;2025_5_17;neljä;1
1328;5/2025;2025_5_17;niihin;1
1328;5/2025;2025_5_17;niistä;2
1328;5/2025;2025_5_17;nyt;6
1328;5/2025;2025_5_17;nähty;1
1328;5/2025;2025_5_17;näy;1
1328;5/2025;2025_5_17;näyttää;1
1328;5/2025;2025_5_17;odotellaan;1
1328;5/2025;2025_5_17;odottaa;1
1328;5/2025;2025_5_17;ohjelman;1
1328;5/2025;2025_5_17;ole;4
1328;5/2025;2025_5_17;olemme;1
1328;5/2025;2025_5_17;olen;1
1328;5/2025;2025_5_17;oleva;1
1328;5/2025;2025_5_17;olisi;1
1328;5/2025;2025_5_17;oma;3
1328;5/2025;2025_5_17;omalääkärimalli;1
1328;5/2025;2025_5_17;omista;2
1328;5/2025;2025_5_17;on;21
1328;5/2025;2025_5_17;ottaa;2
1328;5/2025;2025_5_17;ovat;5
1328;5/2025;2025_5_17;paitsi;1
1328;5/2025;2025_5_17;pakko;1
1328;5/2025;2025_5_17;paljon;1
1328;5/2025;2025_5_17;palkastaan;1
1328;5/2025;2025_5_17;panna;1
1328;5/2025;2025_5_17;parane;1
1328;5/2025;2025_5_17;parasta;1
1328;5/2025;2025_5_17;pensaassa;1
1328;5/2025;2025_5_17;perheen;2
1328;5/2025;2025_5_17;perussuomalaiset;1
1328;5/2025;2025_5_17;pettymys;1
1328;5/2025;2025_5_17;pidetään;1
1328;5/2025;2025_5_17;pidä;2
1328;5/2025;2025_5_17;piilossa;1
1328;5/2025;2025_5_17;pitää;5
1328;5/2025;2025_5_17;porskuttaa;1
1328;5/2025;2025_5_17;potilas;1
1328;5/2025;2025_5_17;puhemies;6
1328;5/2025;2025_5_17;puhki;1
1328;5/2025;2025_5_17;puolestamme;1
1328;5/2025;2025_5_17;puolet;1
1328;5/2025;2025_5_17;puoliväliriihessä;1
1328;5/2025;2025_5_17;puolueilta;1
1328;5/2025;2025_5_17;puolustus;1
1328;5/2025;2025_5_17;puolustussopimukset;1
1328;5/2025;2025_5_17;puolustusteollisuus;1
1328;5/2025;2025_5_17;purra;1
1328;5/2025;2025_5_17;pystyssä;1
1328;5/2025;2025_5_17;päivähoidoista;1
1328;5/2025;2025_5_17;päiväkodissa;1
1328;5/2025;2025_5_17;päät;1
1328;5/2025;2025_5_17;päätökset;1
1328;5/2025;2025_5_17;ratkaisu;1
1328;5/2025;2025_5_17;riskiä;2
1328;5/2025;2025_5_17;rivitalohuoneisto;1
1328;5/2025;2025_5_17;rohkea;1
1328;5/2025;2025_5_17;ruoka;1
1328;5/2025;2025_5_17;ruotsin;1
1328;5/2025;2025_5_17;ruotsissa;2
1328;5/2025;2025_5_17;saa;1
1328;5/2025;2025_5_17;saada;2
1328;5/2025;2025_5_17;sama;1
1328;5/2025;2025_5_17;samaa;1
1328;5/2025;2025_5_17;saman;1
1328;5/2025;2025_5_17;sanoo;1
1328;5/2025;2025_5_17;se;6
1328;5/2025;2025_5_17;sellainen;1
1328;5/2025;2025_5_17;selvästi;1
1328;5/2025;2025_5_17;sen;1
1328;5/2025;2025_5_17;seuraava;1
1328;5/2025;2025_5_17;siellä;1
1328;5/2025;2025_5_17;siinä;1
1328;5/2025;2025_5_17;siitä;1
1328;5/2025;2025_5_17;silloin;1
1328;5/2025;2025_5_17;sinne;1
1328;5/2025;2025_5_17;sitten;1
1328;5/2025;2025_5_17;sitä;1
1328;5/2025;2025_5_17;sote;1
1328;5/2025;2025_5_17;soteen;1
1328;5/2025;2025_5_17;sun;1
1328;5/2025;2025_5_17;suomalainen;1
1328;5/2025;2025_5_17;suomalaisen;1
1328;5/2025;2025_5_17;suomen;3
1328;5/2025;2025_5_17;suomi;1
1328;5/2025;2025_5_17;surkea;2
1328;5/2025;2025_5_17;synny;1
1328;5/2025;2025_5_17;syystä;1
1328;5/2025;2025_5_17;säännellä;1
1328;5/2025;2025_5_17;sääntelee;1
1328;5/2025;2025_5_17;tai;1
1328;5/2025;2025_5_17;taittaa;1
1328;5/2025;2025_5_17;talman;5
1328;5/2025;2025_5_17;talouden;2
1328;5/2025;2025_5_17;talous;7
1328;5/2025;2025_5_17;tarkkailuluokalla;1
1328;5/2025;2025_5_17;tarvitaan;1
1328;5/2025;2025_5_17;tekee;1
1328;5/2025;2025_5_17;tekevät;1
1328;5/2025;2025_5_17;tiedossa;1
1328;5/2025;2025_5_17;tiedän;1
1328;5/2025;2025_5_17;tienaavat;1
1328;5/2025;2025_5_17;timo;1
1328;5/2025;2025_5_17;toinen;2
1328;5/2025;2025_5_17;toivotaan;1
1328;5/2025;2025_5_17;tulevaan;1
1328;5/2025;2025_5_17;tuloveroa;1
1328;5/2025;2025_5_17;tuloveroja;1
1328;5/2025;2025_5_17;tuodaan;1
1328;5/2025;2025_5_17;tuotiin;1
1328;5/2025;2025_5_17;turha;1
1328;5/2025;2025_5_17;turvallisuutta;1
1328;5/2025;2025_5_17;tyhjiä;1
1328;5/2025;2025_5_17;tällä;2
1328;5/2025;2025_5_17;tämä;1
1328;5/2025;2025_5_17;tärkeimmän;1
1328;5/2025;2025_5_17;tärkeitä;1
1328;5/2025;2025_5_17;tärkeätä;1
1328;5/2025;2025_5_17;tätä;2
1328;5/2025;2025_5_17;täynnä;1
1328;5/2025;2025_5_17;töissä;1
1328;5/2025;2025_5_17;töitä;1
1328;5/2025;2025_5_17;ukrainaa;1
1328;5/2025;2025_5_17;unohdamme;1
1328;5/2025;2025_5_17;unohtanut;1
1328;5/2025;2025_5_17;usein;1
1328;5/2025;2025_5_17;uskallettava;1
1328;5/2025;2025_5_17;uskaltaa;1
1328;5/2025;2025_5_17;uudistus;1
1328;5/2025;2025_5_17;uusiksi;1
1328;5/2025;2025_5_17;vaaleissa;1
1328;5/2025;2025_5_17;vaaleja;2
1328;5/2025;2025_5_17;vaalien;1
1328;5/2025;2025_5_17;vaikka;1
1328;5/2025;2025_5_17;vain;1
1328;5/2025;2025_5_17;valmiina;1
1328;5/2025;2025_5_17;valtiovarainministeri;1
1328;5/2025;2025_5_17;valtiovarainministeriöllä;1
1328;5/2025;2025_5_17;vanhemmat;2
1328;5/2025;2025_5_17;vanhoilta;1
1328;5/2025;2025_5_17;varaa;3
1328;5/2025;2025_5_17;vasta;1
1328;5/2025;2025_5_17;velan;1
1328;5/2025;2025_5_17;venäjältä;1
1328;5/2025;2025_5_17;venäjän;1
1328;5/2025;2025_5_17;verikokeisiin;1
1328;5/2025;2025_5_17;veroja;1
1328;5/2025;2025_5_17;veronsa;1
1328;5/2025;2025_5_17;veroremontti;1
1328;5/2025;2025_5_17;verran;1
1328;5/2025;2025_5_17;vielä;1
1328;5/2025;2025_5_17;viime;1
1328;5/2025;2025_5_17;vuoden;1
1328;5/2025;2025_5_17;vuonna;1
1328;5/2025;2025_5_17;vuorossa;1
1328;5/2025;2025_5_17;vuoteen;1
1328;5/2025;2025_5_17;vuotiaille;1
1328;5/2025;2025_5_17;vuotta;1
1328;5/2025;2025_5_17;välissä;1
1328;5/2025;2025_5_17;yhdeksän;1
1328;5/2025;2025_5_17;yhdysvallat;1
1328;5/2025;2025_5_17;yhtä;2
1328;5/2025;2025_5_17;yksinkertainen;1
1328;5/2025;2025_5_17;yksityiselämässä;1
1328;5/2025;2025_5_17;yksityistä;1
1328;5/2025;2025_5_17;yli;1
1328;5/2025;2025_5_17;ylitöitä;1
1328;5/2025;2025_5_17;yrittäjänä;1
1328;5/2025;2025_5_17;yrittäjäpohjalta;1
1328;5/2025;2025_5_17;yrittää;1
1328;5/2025;2025_5_17;äiti;1
1328;5/2025;2025_5_17;ärade;5
1328;50/2022;2022_50_15;arvoisa;1
1328;50/2022;2022_50_15;asialle;1
1328;50/2022;2022_50_15;asuu;1
1328;50/2022;2022_50_15;asuvalle;1
1328;50/2022;2022_50_15;ei;1
1328;50/2022;2022_50_15;elintason;1
1328;50/2022;2022_50_15;eri;1
1328;50/2022;2022_50_15;esimerkiksi;1
1328;50/2022;2022_50_15;että;2
1328;50/2022;2022_50_15;hallitusohjelmassanne;1
1328;50/2022;2022_50_15;haluatte;1
1328;50/2022;2022_50_15;harrastuksiin;1
1328;50/2022;2022_50_15;huolehtia;1
1328;50/2022;2022_50_15;ihmiselle;2
1328;50/2022;2022_50_15;ihmisiä;1
1328;50/2022;2022_50_15;inflaatio;3
1328;50/2022;2022_50_15;ja;2
1328;50/2022;2022_50_15;joka;2
1328;50/2022;2022_50_15;jolla;1
1328;50/2022;2022_50_15;jopa;1
1328;50/2022;2022_50_15;joutuu;1
1328;50/2022;2022_50_15;kaikkien;1
1328;50/2022;2022_50_15;kaksi;1
1328;50/2022;2022_50_15;kaupungissa;1
1328;50/2022;2022_50_15;kehityksestä;1
1328;50/2022;2022_50_15;kiitos;1
1328;50/2022;2022_50_15;kohtelee;1
1328;50/2022;2022_50_15;kulkuneuvoja;1
1328;50/2022;2022_50_15;kun;1
1328;50/2022;2022_50_15;kuusi;1
1328;50/2022;2022_50_15;kymmenen;1
1328;50/2022;2022_50_15;käyttää;2
1328;50/2022;2022_50_15;lailla;1
1328;50/2022;2022_50_15;lapsia;1
1328;50/2022;2022_50_15;lukee;1
1328;50/2022;2022_50_15;maaseudulla;1
1328;50/2022;2022_50_15;meinaatte;1
1328;50/2022;2022_50_15;ministeri;1
1328;50/2022;2022_50_15;mitä;1
1328;50/2022;2022_50_15;noin;1
1328;50/2022;2022_50_15;noudattaa;1
1328;50/2022;2022_50_15;nyt;1
1328;50/2022;2022_50_15;oikein;1
1328;50/2022;2022_50_15;oikeudenmukaista;1
1328;50/2022;2022_50_15;olla;2
1328;50/2022;2022_50_15;on;4
1328;50/2022;2022_50_15;pitkät;1
1328;50/2022;2022_50_15;politiikkaa;1
1328;50/2022;2022_50_15;prosenttia;3
1328;50/2022;2022_50_15;puhemies;1
1328;50/2022;2022_50_15;saarikko;1
1328;50/2022;2022_50_15;sanoitte;1
1328;50/2022;2022_50_15;se;1
1328;50/2022;2022_50_15;suomalaisten;1
1328;50/2022;2022_50_15;sähkölämmitystä;1
1328;50/2022;2022_50_15;talman;1
1328;50/2022;2022_50_15;tasaisemmasta;1
1328;50/2022;2022_50_15;tavoitteena;1
1328;50/2022;2022_50_15;tehdä;1
1328;50/2022;2022_50_15;teidän;1
1328;50/2022;2022_50_15;tulonjaosta;1
1328;50/2022;2022_50_15;työmatkat;1
1328;50/2022;2022_50_15;tälle;1
1328;50/2022;2022_50_15;tämä;1
1328;50/2022;2022_50_15;täysin;1
1328;50/2022;2022_50_15;viemään;1
1328;50/2022;2022_50_15;voi;2
1328;50/2022;2022_50_15;vuokra-asunnossa;1
1328;50/2022;2022_50_15;yleisiä;1
1328;50/2022;2022_50_15;ärade;1
1328;50/2022;2022_50_15;öljylämmitystä;1
1328;50/2024;2024_50_55;aika;1
1328;50/2024;2024_50_55;arvoisa;1
1328;50/2024;2024_50_55;ei;2
1328;50/2024;2024_50_55;erikoissairaanhoitoon;1
1328;50/2024;2024_50_55;että;1
1328;50/2024;2024_50_55;hoitoa;2
1328;50/2024;2024_50_55;hoitoon;1
1328;50/2024;2024_50_55;hoitoonpääsystä;1
1328;50/2024;2024_50_55;hoitoonpääsyä;1
1328;50/2024;2024_50_55;hoitotakuuta;2
1328;50/2024;2024_50_55;hyvinvointialueille;1
1328;50/2024;2024_50_55;ihmisten;1
1328;50/2024;2024_50_55;ja;3
1328;50/2024;2024_50_55;jo;1
1328;50/2024;2024_50_55;johtoa;1
1328;50/2024;2024_50_55;jonka;1
1328;50/2024;2024_50_55;jos;3
1328;50/2024;2024_50_55;joulukuun;1
1328;50/2024;2024_50_55;juuso;1
1328;50/2024;2024_50_55;järkeä;1
1328;50/2024;2024_50_55;jättämisestä;1
1328;50/2024;2024_50_55;kiireettömään;1
1328;50/2024;2024_50_55;koskemaan;1
1328;50/2024;2024_50_55;kuudessa;1
1328;50/2024;2024_50_55;kuukaudessa;1
1328;50/2024;2024_50_55;kuukautta;1
1328;50/2024;2024_50_55;kuusi;1
1328;50/2024;2024_50_55;lakeja;1
1328;50/2024;2024_50_55;lakia;1
1328;50/2024;2024_50_55;langettaa;1
1328;50/2024;2024_50_55;lopussa;1
1328;50/2024;2024_50_55;meillä;1
1328;50/2024;2024_50_55;ministeri;1
1328;50/2024;2024_50_55;mitä;1
1328;50/2024;2024_50_55;mukaan;2
1328;50/2024;2024_50_55;mutta;1
1328;50/2024;2024_50_55;myös;1
1328;50/2024;2024_50_55;ne;1
1328;50/2024;2024_50_55;niiden;1
1328;50/2024;2024_50_55;noudattamatta;1
1328;50/2024;2024_50_55;odottaa;1
1328;50/2024;2024_50_55;odottaneista;1
1328;50/2024;2024_50_55;odottanut;1
1328;50/2024;2024_50_55;odotti;1
1328;50/2024;2024_50_55;oli;1
1328;50/2024;2024_50_55;on;2
1328;50/2024;2024_50_55;pitkä;1
1328;50/2024;2024_50_55;pitäisi;1
1328;50/2024;2024_50_55;pitäisikö;1
1328;50/2024;2024_50_55;puhemies;1
1328;50/2024;2024_50_55;puoli;1
1328;50/2024;2024_50_55;pystytä;1
1328;50/2024;2024_50_55;päästä;1
1328;50/2024;2024_50_55;rangaistuksia;1
1328;50/2024;2024_50_55;raportin;1
1328;50/2024;2024_50_55;rikotaan;2
1328;50/2024;2024_50_55;saa;1
1328;50/2024;2024_50_55;sairaaloissa;1
1328;50/2024;2024_50_55;samalla;1
1328;50/2024;2024_50_55;sanktioita;1
1328;50/2024;2024_50_55;säädetään;1
1328;50/2024;2024_50_55;talman;1
1328;50/2024;2024_50_55;terveydenhuoltolaissa;1
1328;50/2024;2024_50_55;terveyttä;1
1328;50/2024;2024_50_55;thln;1
1328;50/2024;2024_50_55;tietoisesti;1
1328;50/2024;2024_50_55;toimivaa;1
1328;50/2024;2024_50_55;täyttämään;1
1328;50/2024;2024_50_55;ulottaa;1
1328;50/2024;2024_50_55;vaarannetaan;1
1328;50/2024;2024_50_55;vuotta;1
1328;50/2024;2024_50_55;yli;1
1328;50/2024;2024_50_55;ärade;1
1328;51/2018;2018_51_102;aika;1
1328;51/2018;2018_51_102;aikaan;1
1328;51/2018;2018_51_102;ainakin;1
1328;51/2018;2018_51_102;ajan;1
1328;51/2018;2018_51_102;arvoisa;1
1328;51/2018;2018_51_102;avustusta;1
1328;51/2018;2018_51_102;edustaja;1
1328;51/2018;2018_51_102;ei;1
1328;51/2018;2018_51_102;ennen;1
1328;51/2018;2018_51_102;että;2
1328;51/2018;2018_51_102;hakea;1
1328;51/2018;2018_51_102;hakee;1
1328;51/2018;2018_51_102;haluaisin;1
1328;51/2018;2018_51_102;hirressä;1
1328;51/2018;2018_51_102;hän;1
1328;51/2018;2018_51_102;ja;3
1328;51/2018;2018_51_102;jos;2
1328;51/2018;2018_51_102;jälkeen;1
1328;51/2018;2018_51_102;kaksi;1
1328;51/2018;2018_51_102;kannattaisi;1
1328;51/2018;2018_51_102;kelalta;1
1328;51/2018;2018_51_102;kestää;3
1328;51/2018;2018_51_102;koko;2
1328;51/2018;2018_51_102;korvaan;1
1328;51/2018;2018_51_102;kuin;2
1328;51/2018;2018_51_102;kun;1
1328;51/2018;2018_51_102;käsitellään;1
1328;51/2018;2018_51_102;lisää;1
1328;51/2018;2018_51_102;löfström;1
1328;51/2018;2018_51_102;löysässä;1
1328;51/2018;2018_51_102;ministeri;1
1328;51/2018;2018_51_102;minkäännäköisen;1
1328;51/2018;2018_51_102;mitään;1
1328;51/2018;2018_51_102;muuta;1
1328;51/2018;2018_51_102;muutos;1
1328;51/2018;2018_51_102;muutoslautakunnalta;1
1328;51/2018;2018_51_102;muutosta;2
1328;51/2018;2018_51_102;negatiivinen;1
1328;51/2018;2018_51_102;niin;3
1328;51/2018;2018_51_102;nopeasti;1
1328;51/2018;2018_51_102;nämä;1
1328;51/2018;2018_51_102;on;2
1328;51/2018;2018_51_102;onko;1
1328;51/2018;2018_51_102;pikaisesti;1
1328;51/2018;2018_51_102;potilas;2
1328;51/2018;2018_51_102;prosessi;1
1328;51/2018;2018_51_102;puhemies;1
1328;51/2018;2018_51_102;päätöksen;1
1328;51/2018;2018_51_102;päätös;1
1328;51/2018;2018_51_102;rouva;1
1328;51/2018;2018_51_102;ryhmä;1
1328;51/2018;2018_51_102;saa;2
1328;51/2018;2018_51_102;sanoi;1
1328;51/2018;2018_51_102;se;2
1328;51/2018;2018_51_102;sen;1
1328;51/2018;2018_51_102;siellä;1
1328;51/2018;2018_51_102;siitä;1
1328;51/2018;2018_51_102;särähti;1
1328;51/2018;2018_51_102;tapaukset;1
1328;51/2018;2018_51_102;tehdä;1
1328;51/2018;2018_51_102;tietoinen;1
1328;51/2018;2018_51_102;tietää;1
1328;51/2018;2018_51_102;tähän;1
1328;51/2018;2018_51_102;tämä;1
1328;51/2018;2018_51_102;tässä;1
1328;51/2018;2018_51_102;vakuutusyhtiöstä;2
1328;51/2018;2018_51_102;voi;3
1328;51/2018;2018_51_102;vuoden;1
1328;51/2018;2018_51_102;vuotta;2
1328;51/2018;2018_51_97;aivovamman;1
1328;51/2018;2018_51_97;ansionmenetyskorvauksia;1
1328;51/2018;2018_51_97;arvoisa;1
1328;51/2018;2018_51_97;asiakkaalta;1
1328;51/2018;2018_51_97;dokumentaatiota;1
1328;51/2018;2018_51_97;edes;1
1328;51/2018;2018_51_97;ei;4
1328;51/2018;2018_51_97;elämäksensä;1
1328;51/2018;2018_51_97;elämänlaatua;1
1328;51/2018;2018_51_97;epäselvästi;1
1328;51/2018;2018_51_97;eri;1
1328;51/2018;2018_51_97;esimerkin;2
1328;51/2018;2018_51_97;esittänyt;1
1328;51/2018;2018_51_97;että;3
1328;51/2018;2018_51_97;euroa;1
1328;51/2018;2018_51_97;evännyt;1
1328;51/2018;2018_51_97;fysikaaliseen;1
1328;51/2018;2018_51_97;haluan;1
1328;51/2018;2018_51_97;heikentävät;1
1328;51/2018;2018_51_97;hitaasti;1
1328;51/2018;2018_51_97;hoitokuluja;1
1328;51/2018;2018_51_97;hän;6
1328;51/2018;2018_51_97;hänet;1
1328;51/2018;2018_51_97;ja;4
1328;51/2018;2018_51_97;johon;1
1328;51/2018;2018_51_97;joita;1
1328;51/2018;2018_51_97;jos;4
1328;51/2018;2018_51_97;jotka;1
1328;51/2018;2018_51_97;joutuu;1
1328;51/2018;2018_51_97;juristia;1
1328;51/2018;2018_51_97;jääkiekko-ottelussa;1
1328;51/2018;2018_51_97;kaksi;1
1328;51/2018;2018_51_97;kissan;1
1328;51/2018;2018_51_97;koko;1
1328;51/2018;2018_51_97;korvauksia;1
1328;51/2018;2018_51_97;kotimatkasairausvakuutuksen;1
1328;51/2018;2018_51_97;kovista;1
1328;51/2018;2018_51_97;kuinka;1
1328;51/2018;2018_51_97;kun;1
1328;51/2018;2018_51_97;kuntoutetaan;1
1328;51/2018;2018_51_97;kuntoutukseen;1
1328;51/2018;2018_51_97;kyllä;1
1328;51/2018;2018_51_97;kysymys;2
1328;51/2018;2018_51_97;kärsinyt;1
1328;51/2018;2018_51_97;lisäksi;2
1328;51/2018;2018_51_97;lisäselvitysten;1
1328;51/2018;2018_51_97;loukkaantuu;2
1328;51/2018;2018_51_97;luopunut;1
1328;51/2018;2018_51_97;luvattiin;1
1328;51/2018;2018_51_97;lähestynyt;1
1328;51/2018;2018_51_97;lähtien;1
1328;51/2018;2018_51_97;maksaa;1
1328;51/2018;2018_51_97;maksamaan;1
1328;51/2018;2018_51_97;maksanut;1
1328;51/2018;2018_51_97;maksettu;1
1328;51/2018;2018_51_97;mies;1
1328;51/2018;2018_51_97;miljardeista;1
1328;51/2018;2018_51_97;miljoonan;1
1328;51/2018;2018_51_97;mitään;2
1328;51/2018;2018_51_97;muita;1
1328;51/2018;2018_51_97;mukaan;1
1328;51/2018;2018_51_97;myöhässä;1
1328;51/2018;2018_51_97;myös;1
1328;51/2018;2018_51_97;neurologiseen;1
1328;51/2018;2018_51_97;niiden;1
1328;51/2018;2018_51_97;niin;1
1328;51/2018;2018_51_97;niistäkin;1
1328;51/2018;2018_51_97;nostaa;1
1328;51/2018;2018_51_97;nuori;1
1328;51/2018;2018_51_97;näistä;1
1328;51/2018;2018_51_97;näitä;1
1328;51/2018;2018_51_97;oikeutettu;1
1328;51/2018;2018_51_97;oireista;1
1328;51/2018;2018_51_97;ole;3
1328;51/2018;2018_51_97;oli;1
1328;51/2018;2018_51_97;olisi;1
1328;51/2018;2018_51_97;on;10
1328;51/2018;2018_51_97;osa;1
1328;51/2018;2018_51_97;ostovaiheessa;1
1328;51/2018;2018_51_97;otan;1
1328;51/2018;2018_51_97;ottaa;1
1328;51/2018;2018_51_97;ottanut;1
1328;51/2018;2018_51_97;pari;1
1328;51/2018;2018_51_97;parituhatta;1
1328;51/2018;2018_51_97;poika;2
1328;51/2018;2018_51_97;pojasta;1
1328;51/2018;2018_51_97;puhemies;1
1328;51/2018;2018_51_97;puhutaan;1
1328;51/2018;2018_51_97;puuttuvien;1
1328;51/2018;2018_51_97;pyytänyt;1
1328;51/2018;2018_51_97;pöydälle;1
1328;51/2018;2018_51_97;pöyristyttävää;1
1328;51/2018;2018_51_97;rahaa;1
1328;51/2018;2018_51_97;rahasta;1
1328;51/2018;2018_51_97;rouva;1
1328;51/2018;2018_51_97;sai;1
1328;51/2018;2018_51_97;samoin;1
1328;51/2018;2018_51_97;sanottu;1
1328;51/2018;2018_51_97;se;3
1328;51/2018;2018_51_97;siitä;1
1328;51/2018;2018_51_97;siitähän;1
1328;51/2018;2018_51_97;silloin;1
1328;51/2018;2018_51_97;sisältyi;1
1328;51/2018;2018_51_97;sitten;1
1328;51/2018;2018_51_97;suostu;1
1328;51/2018;2018_51_97;tai;1
1328;51/2018;2018_51_97;tapauksesta;1
1328;51/2018;2018_51_97;tapaus;1
1328;51/2018;2018_51_97;toimivat;1
1328;51/2018;2018_51_97;työkyvyttömäksi;1
1328;51/2018;2018_51_97;työkyvytön;1
1328;51/2018;2018_51_97;tällainen;1
1328;51/2018;2018_51_97;tässä;2
1328;51/2018;2018_51_97;tästä;1
1328;51/2018;2018_51_97;urheilulaajennus;1
1328;51/2018;2018_51_97;vaan;1
1328;51/2018;2018_51_97;vain;1
1328;51/2018;2018_51_97;vakuutusyhtiö;3
1328;51/2018;2018_51_97;vakuutusyhtiölle;1
1328;51/2018;2018_51_97;vakuutusyhtiön;1
1328;51/2018;2018_51_97;vakuutusyhtiöstä;1
1328;51/2018;2018_51_97;vakuutusyhtiöt;1
1328;51/2018;2018_51_97;vakuutusyhtiötä;1
1328;51/2018;2018_51_97;vasta;1
1328;51/2018;2018_51_97;vuoden;1
1328;51/2018;2018_51_97;vuoksi;2
1328;51/2018;2018_51_97;vuotta;1
1328;51/2018;2018_51_97;väittää;1
1328;51/2018;2018_51_97;yhden;1
1328;51/2018;2018_51_97;yhdestä;1
1328;51/2018;2018_51_97;yhtiö;1
1328;51/2021;2021_51_18;aikaisemminkin;1
1328;51/2021;2021_51_18;aina;1
1328;51/2021;2021_51_18;ajan;1
1328;51/2021;2021_51_18;ajassa;1
1328;51/2021;2021_51_18;ajasta;1
1328;51/2021;2021_51_18;arvoisa;2
1328;51/2021;2021_51_18;asema;1
1328;51/2021;2021_51_18;asteen;1
1328;51/2021;2021_51_18;asuinpaikasta;1
1328;51/2021;2021_51_18;asukkaiden;1
1328;51/2021;2021_51_18;bktstä;1
1328;51/2021;2021_51_18;digitaalisten;1
1328;51/2021;2021_51_18;edelläkävijä;1
1328;51/2021;2021_51_18;edennyt;1
1328;51/2021;2021_51_18;ehdoton;1
1328;51/2021;2021_51_18;ei;5
1328;51/2021;2021_51_18;eivät;1
1328;51/2021;2021_51_18;elämälle;1
1328;51/2021;2021_51_18;elämän;1
1328;51/2021;2021_51_18;elävä;1
1328;51/2021;2021_51_18;enemmän;1
1328;51/2021;2021_51_18;ennakoida;1
1328;51/2021;2021_51_18;ennen;1
1328;51/2021;2021_51_18;eteneminen;1
1328;51/2021;2021_51_18;että;5
1328;51/2021;2021_51_18;fyysisen;1
1328;51/2021;2021_51_18;hallitsemme;1
1328;51/2021;2021_51_18;hallituksessa;1
1328;51/2021;2021_51_18;hallitus;1
1328;51/2021;2021_51_18;haluamme;1
1328;51/2021;2021_51_18;heikentyneet;1
1328;51/2021;2021_51_18;henkilö;1
1328;51/2021;2021_51_18;hyvinvoinnille;1
1328;51/2021;2021_51_18;hyvinvoinnin;1
1328;51/2021;2021_51_18;hyvälle;1
1328;51/2021;2021_51_18;hyödyntämisessä;1
1328;51/2021;2021_51_18;ihmisten;1
1328;51/2021;2021_51_18;ikäluokasta;1
1328;51/2021;2021_51_18;ja;37
1328;51/2021;2021_51_18;jatkuvana;1
1328;51/2021;2021_51_18;joiden;1
1328;51/2021;2021_51_18;joka;1
1328;51/2021;2021_51_18;jotta;1
1328;51/2021;2021_51_18;joukkoon;1
1328;51/2021;2021_51_18;joustavasti;1
1328;51/2021;2021_51_18;julkaisemisessa;1
1328;51/2021;2021_51_18;julkaisi;1
1328;51/2021;2021_51_18;juuri;1
1328;51/2021;2021_51_18;järjestelmä;1
1328;51/2021;2021_51_18;jää;1
1328;51/2021;2021_51_18;kaikilla;1
1328;51/2021;2021_51_18;kaikilta;1
1328;51/2021;2021_51_18;kaikki;2
1328;51/2021;2021_51_18;kannalta;1
1328;51/2021;2021_51_18;kasvaa;1
1328;51/2021;2021_51_18;kasvatukseen;1
1328;51/2021;2021_51_18;kattava;1
1328;51/2021;2021_51_18;kehittymiselle;1
1328;51/2021;2021_51_18;kertonut;1
1328;51/2021;2021_51_18;kohdata;1
1328;51/2021;2021_51_18;kohti;1
1328;51/2021;2021_51_18;koko;1
1328;51/2021;2021_51_18;korkea-asteen;1
1328;51/2021;2021_51_18;korkealla;1
1328;51/2021;2021_51_18;koulu-uupumus;1
1328;51/2021;2021_51_18;koulua;1
1328;51/2021;2021_51_18;koulukiusaaminen;1
1328;51/2021;2021_51_18;koulukiusaamisesta;1
1328;51/2021;2021_51_18;koulukiusaamista;1
1328;51/2021;2021_51_18;koululaisten;1
1328;51/2021;2021_51_18;koulutukseen;1
1328;51/2021;2021_51_18;koulutuksella;1
1328;51/2021;2021_51_18;koulutuksellinen;1
1328;51/2021;2021_51_18;koulutus;1
1328;51/2021;2021_51_18;koulutusjärjestelmä;1
1328;51/2021;2021_51_18;koulutusjärjestelmän;1
1328;51/2021;2021_51_18;kuin;3
1328;51/2021;2021_51_18;kuitenkaan;1
1328;51/2021;2021_51_18;kulkevat;1
1328;51/2021;2021_51_18;kulttuuriin;1
1328;51/2021;2021_51_18;kulttuuriministeriö;1
1328;51/2021;2021_51_18;kulttuuritaustasta;1
1328;51/2021;2021_51_18;kuriin;1
1328;51/2021;2021_51_18;kuulumme;1
1328;51/2021;2021_51_18;kyettävä;1
1328;51/2021;2021_51_18;kyllä;1
1328;51/2021;2021_51_18;kyvylle;1
1328;51/2021;2021_51_18;kädessä;1
1328;51/2021;2021_51_18;kärkimaiden;1
1328;51/2021;2021_51_18;käsi;2
1328;51/2021;2021_51_18;käytetään;1
1328;51/2021;2021_51_18;käyttöönotossa;1
1328;51/2021;2021_51_18;käytävä;1
1328;51/2021;2021_51_18;laadukkaaseen;1
1328;51/2021;2021_51_18;laadukkaasti;1
1328;51/2021;2021_51_18;leikata;1
1328;51/2021;2021_51_18;lisääntyneet;1
1328;51/2021;2021_51_18;lukua;1
1328;51/2021;2021_51_18;luo;2
1328;51/2021;2021_51_18;luovalla;1
1328;51/2021;2021_51_18;läpi;1
1328;51/2021;2021_51_18;lääke;1
1328;51/2021;2021_51_18;mahdollisuuksia;1
1328;51/2021;2021_51_18;mahdollisuuksien;1
1328;51/2021;2021_51_18;mallia;1
1328;51/2021;2021_51_18;me;1
1328;51/2021;2021_51_18;meidän;1
1328;51/2021;2021_51_18;mennä;1
1328;51/2021;2021_51_18;merkittäviä;1
1328;51/2021;2021_51_18;merkittävällä;1
1328;51/2021;2021_51_18;merkittävästi;1
1328;51/2021;2021_51_18;mietittävä;1
1328;51/2021;2021_51_18;miten;1
1328;51/2021;2021_51_18;mitä;1
1328;51/2021;2021_51_18;mitään;1
1328;51/2021;2021_51_18;monialainen;1
1328;51/2021;2021_51_18;monimuotoinen;1
1328;51/2021;2021_51_18;monin;1
1328;51/2021;2021_51_18;monitieteinen;1
1328;51/2021;2021_51_18;muissa;1
1328;51/2021;2021_51_18;mukaan;1
1328;51/2021;2021_51_18;mutta;1
1328;51/2021;2021_51_18;muut;1
1328;51/2021;2021_51_18;muutokset;1
1328;51/2021;2021_51_18;muutoksia;1
1328;51/2021;2021_51_18;muutosta;1
1328;51/2021;2021_51_18;muuttuessa;1
1328;51/2021;2021_51_18;muuttuvat;1
1328;51/2021;2021_51_18;myös;3
1328;51/2021;2021_51_18;määräydy;1
1328;51/2021;2021_51_18;nelipäiväisestä;1
1328;51/2021;2021_51_18;neljään;1
1328;51/2021;2021_51_18;niiden;2
1328;51/2021;2021_51_18;niin;3
1328;51/2021;2021_51_18;noin;1
1328;51/2021;2021_51_18;nostaa;1
1328;51/2021;2021_51_18;noussut;1
1328;51/2021;2021_51_18;nyt;1
1328;51/2021;2021_51_18;näin;1
1328;51/2021;2021_51_18;näkemään;1
1328;51/2021;2021_51_18;näkyy;1
1328;51/2021;2021_51_18;nämä;1
1328;51/2021;2021_51_18;odotetulla;1
1328;51/2021;2021_51_18;ohjaus;1
1328;51/2021;2021_51_18;oikea;1
1328;51/2021;2021_51_18;oikeus;1
1328;51/2021;2021_51_18;ole;2
1328;51/2021;2021_51_18;olisi;1
1328;51/2021;2021_51_18;olla;1
1328;51/2021;2021_51_18;on;12
1328;51/2021;2021_51_18;ongelmalle;1
1328;51/2021;2021_51_18;opettajana;1
1328;51/2021;2021_51_18;opetus;1
1328;51/2021;2021_51_18;opinpolulla;1
1328;51/2021;2021_51_18;opiskelijoiden;1
1328;51/2021;2021_51_18;opiskeluun;1
1328;51/2021;2021_51_18;oppia;1
1328;51/2021;2021_51_18;oppijoiden;1
1328;51/2021;2021_51_18;oppimaan;1
1328;51/2021;2021_51_18;oppiminen;2
1328;51/2021;2021_51_18;oppimiseen;1
1328;51/2021;2021_51_18;oppimisena;1
1328;51/2021;2021_51_18;oppimista;1
1328;51/2021;2021_51_18;oppimistulokset;2
1328;51/2021;2021_51_18;osaaminen;2
1328;51/2021;2021_51_18;osaamisen;1
1328;51/2021;2021_51_18;osaamistamme;1
1328;51/2021;2021_51_18;osaava;1
1328;51/2021;2021_51_18;osallistutaan;1
1328;51/2021;2021_51_18;osin;1
1328;51/2021;2021_51_18;osuus;1
1328;51/2021;2021_51_18;ovat;3
1328;51/2021;2021_51_18;paikan;1
1328;51/2021;2021_51_18;paikasta;1
1328;51/2021;2021_51_18;palkattaisiin;1
1328;51/2021;2021_51_18;parantamiseksi;1
1328;51/2021;2021_51_18;paras;1
1328;51/2021;2021_51_18;perhe;1
1328;51/2021;2021_51_18;perusopetuksen;1
1328;51/2021;2021_51_18;pohjan;1
1328;51/2021;2021_51_18;pohjoismaissa;1
1328;51/2021;2021_51_18;potentiaali;1
1328;51/2021;2021_51_18;prosenttia;1
1328;51/2021;2021_51_18;prosenttiin;1
1328;51/2021;2021_51_18;puhemies;2
1328;51/2021;2021_51_18;puhuvat;1
1328;51/2021;2021_51_18;puolueet;1
1328;51/2021;2021_51_18;päivä;1
1328;51/2021;2021_51_18;rahoitusta;1
1328;51/2021;2021_51_18;rajoitteista;1
1328;51/2021;2021_51_18;rakentamassa;1
1328;51/2021;2021_51_18;rakentuva;1
1328;51/2021;2021_51_18;ratkaisuiksi;1
1328;51/2021;2021_51_18;riippumattomaan;1
1328;51/2021;2021_51_18;ristiriidassa;1
1328;51/2021;2021_51_18;saada;1
1328;51/2021;2021_51_18;saataisiin;1
1328;51/2021;2021_51_18;se;1
1328;51/2021;2021_51_18;sekä;2
1328;51/2021;2021_51_18;siihen;1
1328;51/2021;2021_51_18;sivistyksemme;1
1328;51/2021;2021_51_18;sivistysperusta;1
1328;51/2021;2021_51_18;soveltamisessa;1
1328;51/2021;2021_51_18;suhteen;1
1328;51/2021;2021_51_18;sukupuolesta;1
1328;51/2021;2021_51_18;suomalaista;1
1328;51/2021;2021_51_18;suomea;1
1328;51/2021;2021_51_18;suomella;1
1328;51/2021;2021_51_18;suomen;1
1328;51/2021;2021_51_18;suomessa;2
1328;51/2021;2021_51_18;suomi;1
1328;51/2021;2021_51_18;suorittaneiden;1
1328;51/2021;2021_51_18;suunnitelman;1
1328;51/2021;2021_51_18;tahdomme;1
1328;51/2021;2021_51_18;tahto;1
1328;51/2021;2021_51_18;tai;2
1328;51/2021;2021_51_18;takaan;1
1328;51/2021;2021_51_18;talman;2
1328;51/2021;2021_51_18;tapaan;1
1328;51/2021;2021_51_18;tapahdu;1
1328;51/2021;2021_51_18;tapahtuu;1
1328;51/2021;2021_51_18;tapojen;1
1328;51/2021;2021_51_18;tapojenkin;1
1328;51/2021;2021_51_18;tarvitsemansa;1
1328;51/2021;2021_51_18;tasa-arvo;1
1328;51/2021;2021_51_18;tasa-arvoisesti;1
1328;51/2021;2021_51_18;tasa-arvolle;1
1328;51/2021;2021_51_18;tavalla;2
1328;51/2021;2021_51_18;tavoin;1
1328;51/2021;2021_51_18;tavoitetilamme;1
1328;51/2021;2021_51_18;tavoitteestaan;1
1328;51/2021;2021_51_18;tavoittelemme;1
1328;51/2021;2021_51_18;tekee;1
1328;51/2021;2021_51_18;teknologia;1
1328;51/2021;2021_51_18;teknologioiden;1
1328;51/2021;2021_51_18;tiedon;1
1328;51/2021;2021_51_18;tiedä;1
1328;51/2021;2021_51_18;tieteellisessä;1
1328;51/2021;2021_51_18;tieteen;1
1328;51/2021;2021_51_18;tki-panostukset;1
1328;51/2021;2021_51_18;tki-toiminta;1
1328;51/2021;2021_51_18;toimeen;1
1328;51/2021;2021_51_18;toimi;1
1328;51/2021;2021_51_18;toimii;1
1328;51/2021;2021_51_18;toimintakyvyn;1
1328;51/2021;2021_51_18;toimintatavoiksi;1
1328;51/2021;2021_51_18;toisen;1
1328;51/2021;2021_51_18;toivottuja;1
1328;51/2021;2021_51_18;tosiasioita;1
1328;51/2021;2021_51_18;tuki;1
1328;51/2021;2021_51_18;tulevaisuudessa;1
1328;51/2021;2021_51_18;tuloksia;1
1328;51/2021;2021_51_18;tuota;1
1328;51/2021;2021_51_18;tuottama;1
1328;51/2021;2021_51_18;tuottamisessa;1
1328;51/2021;2021_51_18;tutkimukseen;1
1328;51/2021;2021_51_18;tutkimustyöllä;1
1328;51/2021;2021_51_18;tutkinnon;1
1328;51/2021;2021_51_18;tutkintoa;1
1328;51/2021;2021_51_18;työ;1
1328;51/2021;2021_51_18;työelämää;1
1328;51/2021;2021_51_18;työn;1
1328;51/2021;2021_51_18;työssä;1
1328;51/2021;2021_51_18;työstä;1
1328;51/2021;2021_51_18;työviikosta;1
1328;51/2021;2021_51_18;tämä;3
1328;51/2021;2021_51_18;tätä;1
1328;51/2021;2021_51_18;täysin;1
1328;51/2021;2021_51_18;uhkatekijät;1
1328;51/2021;2021_51_18;ulkopuolellakin;1
1328;51/2021;2021_51_18;uuden;1
1328;51/2021;2021_51_18;uudistaa;1
1328;51/2021;2021_51_18;uudistavat;1
1328;51/2021;2021_51_18;uusia;1
1328;51/2021;2021_51_18;uusien;1
1328;51/2021;2021_51_18;uusiksi;1
1328;51/2021;2021_51_18;vaaleja;1
1328;51/2021;2021_51_18;vahva;2
1328;51/2021;2021_51_18;vahvuuksien;1
1328;51/2021;2021_51_18;vaikuttavaan;1
1328;51/2021;2021_51_18;vaille;1
1328;51/2021;2021_51_18;vankalla;1
1328;51/2021;2021_51_18;varhaiskasvatukseen;1
1328;51/2021;2021_51_18;varten;2
1328;51/2021;2021_51_18;vasen;1
1328;51/2021;2021_51_18;verrokkimaiden;1
1328;51/2021;2021_51_18;viides;1
1328;51/2021;2021_51_18;voi;1
1328;51/2021;2021_51_18;voimavaramme;1
1328;51/2021;2021_51_18;voimistamassa;1
1328;51/2021;2021_51_18;vuonna;1
1328;51/2021;2021_51_18;vähemmän;1
1328;51/2021;2021_51_18;yhdistyy;1
1328;51/2021;2021_51_18;yhteiskunnan;1
1328;51/2021;2021_51_18;yhteiskuntaa;1
1328;51/2021;2021_51_18;yhteiskuntamme;1
1328;51/2021;2021_51_18;yhä;1
1328;51/2021;2021_51_18;yksi;1
1328;51/2021;2021_51_18;äkillisiä;1
1328;51/2021;2021_51_18;ärade;2
1328;51/2021;2021_51_18;ää;1
1328;52/2019;2019_52_74;aikoo;1
1328;52/2019;2019_52_74;arvoisa;1
1328;52/2019;2019_52_74;asialle;1
1328;52/2019;2019_52_74;asiasta;1
1328;52/2019;2019_52_74;edelleen;1
1328;52/2019;2019_52_74;ennen;1
1328;52/2019;2019_52_74;ensi;2
1328;52/2019;2019_52_74;erityisasiantuntijoiden;2
1328;52/2019;2019_52_74;että;3
1328;52/2019;2019_52_74;haasteellista;1
1328;52/2019;2019_52_74;hallitus;2
1328;52/2019;2019_52_74;heinäkuussa;1
1328;52/2019;2019_52_74;huomattavasti;1
1328;52/2019;2019_52_74;ja;4
1328;52/2019;2019_52_74;jo;1
1328;52/2019;2019_52_74;kasvaneet;1
1328;52/2019;2019_52_74;keskimääräiset;1
1328;52/2019;2019_52_74;koputtaa;1
1328;52/2019;2019_52_74;koska;1
1328;52/2019;2019_52_74;kuin;1
1328;52/2019;2019_52_74;kuuden;1
1328;52/2019;2019_52_74;kuukauden;1
1328;52/2019;2019_52_74;kuukaudessa;1
1328;52/2019;2019_52_74;käsitellä;1
1328;52/2019;2019_52_74;käsiteltyä;1
1328;52/2019;2019_52_74;käsittelemässä;1
1328;52/2019;2019_52_74;käsittelemättä;1
1328;52/2019;2019_52_74;käsittelijöitä;2
1328;52/2019;2019_52_74;käsittelyajat;1
1328;52/2019;2019_52_74;käsittelyyn;1
1328;52/2019;2019_52_74;laki;1
1328;52/2019;2019_52_74;lakia;1
1328;52/2019;2019_52_74;lisäksi;1
1328;52/2019;2019_52_74;lisärahat;1
1328;52/2019;2019_52_74;lisävaroja;1
1328;52/2019;2019_52_74;lomautuksista;1
1328;52/2019;2019_52_74;loppu;1
1328;52/2019;2019_52_74;lupaa;1
1328;52/2019;2019_52_74;maahanmuuttovirastossa;1
1328;52/2019;2019_52_74;miljoonaa;1
1328;52/2019;2019_52_74;mitä;1
1328;52/2019;2019_52_74;nykyinen;1
1328;52/2019;2019_52_74;nykyisten;1
1328;52/2019;2019_52_74;nämä;1
1328;52/2019;2019_52_74;ohjattiin;1
1328;52/2019;2019_52_74;olemassa;1
1328;52/2019;2019_52_74;oleskelulupien;1
1328;52/2019;2019_52_74;olevat;1
1328;52/2019;2019_52_74;on;7
1328;52/2019;2019_52_74;ovat;3
1328;52/2019;2019_52_74;pelkkä;1
1328;52/2019;2019_52_74;pitkään;1
1328;52/2019;2019_52_74;puheet;1
1328;52/2019;2019_52_74;puhemies;2
1328;52/2019;2019_52_74;päivään;1
1328;52/2019;2019_52_74;päästä;1
1328;52/2019;2019_52_74;rahat;1
1328;52/2019;2019_52_74;resurssien;1
1328;52/2019;2019_52_74;saada;1
1328;52/2019;2019_52_74;se;1
1328;52/2019;2019_52_74;silmänkääntötemppu;1
1328;52/2019;2019_52_74;sisällä;1
1328;52/2019;2019_52_74;stä;1
1328;52/2019;2019_52_74;suomeen;1
1328;52/2019;2019_52_74;tarkoittanut;1
1328;52/2019;2019_52_74;tavoitteeseen;1
1328;52/2019;2019_52_74;tehdä;1
1328;52/2019;2019_52_74;tiennyt;1
1328;52/2019;2019_52_74;todellisuudessa;1
1328;52/2019;2019_52_74;tulee;2
1328;52/2019;2019_52_74;tulevien;1
1328;52/2019;2019_52_74;tuli;1
1328;52/2019;2019_52_74;turvapaikkahakemukset;2
1328;52/2019;2019_52_74;turvapaikkahakemuksia;1
1328;52/2019;2019_52_74;turvapaikkahakemusten;1
1328;52/2019;2019_52_74;työlupahakemukset;1
1328;52/2019;2019_52_74;työlupien;1
1328;52/2019;2019_52_74;työperusteisten;1
1328;52/2019;2019_52_74;tähän;1
1328;52/2019;2019_52_74;tälle;2
1328;52/2019;2019_52_74;tältä;1
1328;52/2019;2019_52_74;tänä;1
1328;52/2019;2019_52_74;tästä;1
1328;52/2019;2019_52_74;uhka;1
1328;52/2019;2019_52_74;uutta;1
1328;52/2019;2019_52_74;vaikka;1
1328;52/2019;2019_52_74;varassa;1
1328;52/2019;2019_52_74;vielä;1
1328;52/2019;2019_52_74;vireillä;1
1328;52/2019;2019_52_74;voimaan;1
1328;52/2019;2019_52_74;vuodelle;1
1328;52/2019;2019_52_74;vuodelta;1
1328;52/2019;2019_52_74;vuodessa;1
1328;52/2019;2019_52_74;vuonna;3
1328;52/2019;2019_52_74;vähemmän;2
1328;52/2021;2021_52_89;ahtaissa;1
1328;52/2021;2021_52_89;aikaa;1
1328;52/2021;2021_52_89;ainoana;1
1328;52/2021;2021_52_89;ajoissa;1
1328;52/2021;2021_52_89;aletaan;1
1328;52/2021;2021_52_89;antoi;1
1328;52/2021;2021_52_89;arvoisa;1
1328;52/2021;2021_52_89;asiaa;1
1328;52/2021;2021_52_89;asioihin;1
1328;52/2021;2021_52_89;avata;1
1328;52/2021;2021_52_89;bumerangina;1
1328;52/2021;2021_52_89;delegoi;1
1328;52/2021;2021_52_89;ei;4
1328;52/2021;2021_52_89;etukäteen;1
1328;52/2021;2021_52_89;euroopassa;1
1328;52/2021;2021_52_89;hallitus;2
1328;52/2021;2021_52_89;hoitaa;1
1328;52/2021;2021_52_89;ja;5
1328;52/2021;2021_52_89;jonottamassa;1
1328;52/2021;2021_52_89;jossa;1
1328;52/2021;2021_52_89;jotka;1
1328;52/2021;2021_52_89;jälkijunassa;1
1328;52/2021;2021_52_89;järkeä;1
1328;52/2021;2021_52_89;kanna;1
1328;52/2021;2021_52_89;kerran;1
1328;52/2021;2021_52_89;koronarokotuksesta;1
1328;52/2021;2021_52_89;koronatestistä;1
1328;52/2021;2021_52_89;kun;2
1328;52/2021;2021_52_89;kuntoon;1
1328;52/2021;2021_52_89;käytössä;1
1328;52/2021;2021_52_89;laitettu;1
1328;52/2021;2021_52_89;lakihankkeen;1
1328;52/2021;2021_52_89;lentokentän;1
1328;52/2021;2021_52_89;lentoyhtiölle;1
1328;52/2021;2021_52_89;liikenne;1
1328;52/2021;2021_52_89;maahan;1
1328;52/2021;2021_52_89;mallia;1
1328;52/2021;2021_52_89;matkustajia;1
1328;52/2021;2021_52_89;meillä;1
1328;52/2021;2021_52_89;menolla;1
1328;52/2021;2021_52_89;miksi;2
1328;52/2021;2021_52_89;mitään;1
1328;52/2021;2021_52_89;mutta;1
1328;52/2021;2021_52_89;negatiivisesta;1
1328;52/2021;2021_52_89;nyt;1
1328;52/2021;2021_52_89;ole;2
1328;52/2021;2021_52_89;olisi;1
1328;52/2021;2021_52_89;olla;1
1328;52/2021;2021_52_89;ollut;1
1328;52/2021;2021_52_89;on;2
1328;52/2021;2021_52_89;ottaa;1
1328;52/2021;2021_52_89;pian;1
1328;52/2021;2021_52_89;puhemies;1
1328;52/2021;2021_52_89;pyydetään;1
1328;52/2021;2021_52_89;rajoja;1
1328;52/2021;2021_52_89;reagoi;1
1328;52/2021;2021_52_89;saapuvilta;1
1328;52/2021;2021_52_89;sairastetusta;1
1328;52/2021;2021_52_89;satamien;1
1328;52/2021;2021_52_89;se;1
1328;52/2021;2021_52_89;sen;1
1328;52/2021;2021_52_89;siinä;1
1328;52/2021;2021_52_89;sote-kiireiden;1
1328;52/2021;2021_52_89;stm;1
1328;52/2021;2021_52_89;suomella;1
1328;52/2021;2021_52_89;tai;1
1328;52/2021;2021_52_89;takaisin;1
1328;52/2021;2021_52_89;takia;1
1328;52/2021;2021_52_89;talman;1
1328;52/2021;2021_52_89;taudista;1
1328;52/2021;2021_52_89;terminaaleissa;1
1328;52/2021;2021_52_89;testiin;1
1328;52/2021;2021_52_89;todistusta;1
1328;52/2021;2021_52_89;tuhansia;1
1328;52/2021;2021_52_89;tuli;1
1328;52/2021;2021_52_89;tällä;1
1328;52/2021;2021_52_89;tätä;2
1328;52/2021;2021_52_89;vaan;1
1328;52/2021;2021_52_89;valmiiksi;1
1328;52/2021;2021_52_89;varustamoille;1
1328;52/2021;2021_52_89;vastuuta;1
1328;52/2021;2021_52_89;viestintäministeriölle;1
1328;52/2021;2021_52_89;voitu;1
1328;52/2021;2021_52_89;vuosi;1
1328;52/2021;2021_52_89;yritettiin;1
1328;52/2021;2021_52_89;ärade;1
1328;53/2022;2022_53_49;aidosti;1
1328;53/2022;2022_53_49;aika;1
1328;53/2022;2022_53_49;aitoa;1
1328;53/2022;2022_53_49;ajat;1
1328;53/2022;2022_53_49;alhainen;1
1328;53/2022;2022_53_49;alusta;1
1328;53/2022;2022_53_49;ammatin;1
1328;53/2022;2022_53_49;ammattia;1
1328;53/2022;2022_53_49;annettua;1
1328;53/2022;2022_53_49;arvoisa;4
1328;53/2022;2022_53_49;arvojen;1
1328;53/2022;2022_53_49;asuinalueet;1
1328;53/2022;2022_53_49;asuinalueillaan;1
1328;53/2022;2022_53_49;asuvat;1
1328;53/2022;2022_53_49;asuvien;1
1328;53/2022;2022_53_49;auta;1
1328;53/2022;2022_53_49;edellyttää;1
1328;53/2022;2022_53_49;ehditty;1
1328;53/2022;2022_53_49;ei;8
1328;53/2022;2022_53_49;elettävä;1
1328;53/2022;2022_53_49;eli;1
1328;53/2022;2022_53_49;elävät;1
1328;53/2022;2022_53_49;emmekö;1
1328;53/2022;2022_53_49;enemmän;2
1328;53/2022;2022_53_49;epäonnistunut;1
1328;53/2022;2022_53_49;epäonnistunutta;1
1328;53/2022;2022_53_49;epäuskoa;1
1328;53/2022;2022_53_49;eri;1
1328;53/2022;2022_53_49;erilaisia;2
1328;53/2022;2022_53_49;esimerkkejä;1
1328;53/2022;2022_53_49;että;5
1328;53/2022;2022_53_49;etuna;1
1328;53/2022;2022_53_49;etuuksille;1
1328;53/2022;2022_53_49;euroopan;3
1328;53/2022;2022_53_49;eurooppaa;2
1328;53/2022;2022_53_49;globaalin;1
1328;53/2022;2022_53_49;hallituksen;1
1328;53/2022;2022_53_49;hallitus;1
1328;53/2022;2022_53_49;he;1
1328;53/2022;2022_53_49;heidän;1
1328;53/2022;2022_53_49;heittely;1
1328;53/2022;2022_53_49;helpottaa;1
1328;53/2022;2022_53_49;henkilöiltä;1
1328;53/2022;2022_53_49;herättävä;1
1328;53/2022;2022_53_49;heti;1
1328;53/2022;2022_53_49;houkuteltua;1
1328;53/2022;2022_53_49;houkutteleva;1
1328;53/2022;2022_53_49;huomisesta;1
1328;53/2022;2022_53_49;hyssyttely;1
1328;53/2022;2022_53_49;hyvin;1
1328;53/2022;2022_53_49;hyvinvointivaltioihin;1
1328;53/2022;2022_53_49;hyvinvointiyhteiskunnassa;1
1328;53/2022;2022_53_49;hyväksikäytöllä;1
1328;53/2022;2022_53_49;hyväksyä;1
1328;53/2022;2022_53_49;ilmiöistä;1
1328;53/2022;2022_53_49;ilmiöitä;1
1328;53/2022;2022_53_49;ilmiöt;1
1328;53/2022;2022_53_49;irrallaan;1
1328;53/2022;2022_53_49;istumaan;1
1328;53/2022;2022_53_49;itseruoskinta;1
1328;53/2022;2022_53_49;ja;19
1328;53/2022;2022_53_49;jatkossa;1
1328;53/2022;2022_53_49;jo;4
1328;53/2022;2022_53_49;joissa;1
1328;53/2022;2022_53_49;jokaiselle;1
1328;53/2022;2022_53_49;jääköön;1
1328;53/2022;2022_53_49;kansainvälisen;1
1328;53/2022;2022_53_49;kanssa;1
1328;53/2022;2022_53_49;katsomme;1
1328;53/2022;2022_53_49;kattava;1
1328;53/2022;2022_53_49;katujengit;1
1328;53/2022;2022_53_49;kaupungeissa;1
1328;53/2022;2022_53_49;kaupunkeihin;1
1328;53/2022;2022_53_49;kehityskulusta;1
1328;53/2022;2022_53_49;kelan;1
1328;53/2022;2022_53_49;keskittyy;1
1328;53/2022;2022_53_49;keskustella;1
1328;53/2022;2022_53_49;kestämätön;1
1328;53/2022;2022_53_49;kielikurssille;1
1328;53/2022;2022_53_49;kieliopintoihin;1
1328;53/2022;2022_53_49;kieltä;1
1328;53/2022;2022_53_49;kinastellaan;1
1328;53/2022;2022_53_49;kohdalla;1
1328;53/2022;2022_53_49;kohdataan;1
1328;53/2022;2022_53_49;kolmeksi;1
1328;53/2022;2022_53_49;konkretia;1
1328;53/2022;2022_53_49;koputtaa;1
1328;53/2022;2022_53_49;kotouttajaa;1
1328;53/2022;2022_53_49;kotouttaminen;4
1328;53/2022;2022_53_49;kotouttamiseen;1
1328;53/2022;2022_53_49;kotouttamisen;2
1328;53/2022;2022_53_49;kotouttamisprosessi;1
1328;53/2022;2022_53_49;kotouttamissuunnitelma;1
1328;53/2022;2022_53_49;kotouttamissuunnitelmassa;1
1328;53/2022;2022_53_49;kuinka;1
1328;53/2022;2022_53_49;kuitenkaan;1
1328;53/2022;2022_53_49;kuljemme;1
1328;53/2022;2022_53_49;kun;2
1328;53/2022;2022_53_49;kuten;1
1328;53/2022;2022_53_49;kuultuna;1
1328;53/2022;2022_53_49;kuuluisalla;1
1328;53/2022;2022_53_49;kykyisiltä;1
1328;53/2022;2022_53_49;kykyisten;1
1328;53/2022;2022_53_49;laadukkaita;1
1328;53/2022;2022_53_49;laajemmin;1
1328;53/2022;2022_53_49;lainsäädännön;1
1328;53/2022;2022_53_49;laitetaan;1
1328;53/2022;2022_53_49;laittaa;1
1328;53/2022;2022_53_49;laittomasti;1
1328;53/2022;2022_53_49;lakien;1
1328;53/2022;2022_53_49;leimakirveiden;1
1328;53/2022;2022_53_49;liittyviä;1
1328;53/2022;2022_53_49;lisääntymään;1
1328;53/2022;2022_53_49;lomassa;1
1328;53/2022;2022_53_49;lupa-asioihin;1
1328;53/2022;2022_53_49;lähtien;1
1328;53/2022;2022_53_49;länsimaisiin;1
1328;53/2022;2022_53_49;maahanmuuttajaryhmien;2
1328;53/2022;2022_53_49;maahanmuuttajaryhmät;1
1328;53/2022;2022_53_49;maahanmuuttajavaltaiset;1
1328;53/2022;2022_53_49;maahanmuuttajaväestön;1
1328;53/2022;2022_53_49;maahanmuuttajien;3
1328;53/2022;2022_53_49;maahanmuuttajilta;1
1328;53/2022;2022_53_49;maahanmuutto;1
1328;53/2022;2022_53_49;maahanmuuttoa;1
1328;53/2022;2022_53_49;maahanmuuttolainsäädäntöön;1
1328;53/2022;2022_53_49;maailman;1
1328;53/2022;2022_53_49;maan;1
1328;53/2022;2022_53_49;maassa;2
1328;53/2022;2022_53_49;mahdollisuus;1
1328;53/2022;2022_53_49;maista;1
1328;53/2022;2022_53_49;meidän;1
1328;53/2022;2022_53_49;meillä;4
1328;53/2022;2022_53_49;miettiä;1
1328;53/2022;2022_53_49;millä;1
1328;53/2022;2022_53_49;miten;1
1328;53/2022;2022_53_49;mitenkään;1
1328;53/2022;2022_53_49;mitoituksilla;1
1328;53/2022;2022_53_49;mitä;2
1328;53/2022;2022_53_49;molemminpuolista;1
1328;53/2022;2022_53_49;monesta;1
1328;53/2022;2022_53_49;monien;1
1328;53/2022;2022_53_49;moniin;1
1328;53/2022;2022_53_49;monikulttuuristen;1
1328;53/2022;2022_53_49;monilta;1
1328;53/2022;2022_53_49;muiden;1
1328;53/2022;2022_53_49;muissa;1
1328;53/2022;2022_53_49;muista;1
1328;53/2022;2022_53_49;mukaisesti;1
1328;53/2022;2022_53_49;muualla;1
1328;53/2022;2022_53_49;muuttaa;1
1328;53/2022;2022_53_49;muuttava;1
1328;53/2022;2022_53_49;muuttavalle;1
1328;53/2022;2022_53_49;muuttavia;1
1328;53/2022;2022_53_49;muuttaville;1
1328;53/2022;2022_53_49;muuttavilta;1
1328;53/2022;2022_53_49;myöntää;1
1328;53/2022;2022_53_49;myös;8
1328;53/2022;2022_53_49;negatiiviset;1
1328;53/2022;2022_53_49;niin;3
1328;53/2022;2022_53_49;noudatettava;1
1328;53/2022;2022_53_49;nyt;2
1328;53/2022;2022_53_49;nähty;1
1328;53/2022;2022_53_49;nähtävään;1
1328;53/2022;2022_53_49;näkökulmasta;1
1328;53/2022;2022_53_49;ole;3
1328;53/2022;2022_53_49;olemmeko;1
1328;53/2022;2022_53_49;olevien;1
1328;53/2022;2022_53_49;oli;1
1328;53/2022;2022_53_49;olisi;1
1328;53/2022;2022_53_49;ollut;1
1328;53/2022;2022_53_49;omilla;2
1328;53/2022;2022_53_49;on;26
1328;53/2022;2022_53_49;ongelmat;1
1328;53/2022;2022_53_49;ongelmia;1
1328;53/2022;2022_53_49;onhan;1
1328;53/2022;2022_53_49;onnistunut;1
1328;53/2022;2022_53_49;opiskella;2
1328;53/2022;2022_53_49;opiskeltava;2
1328;53/2022;2022_53_49;opiskelun;1
1328;53/2022;2022_53_49;oppia;1
1328;53/2022;2022_53_49;osaavaa;1
1328;53/2022;2022_53_49;osaavalle;1
1328;53/2022;2022_53_49;osaksi;1
1328;53/2022;2022_53_49;osallistumista;1
1328;53/2022;2022_53_49;ottaa;1
1328;53/2022;2022_53_49;ovat;1
1328;53/2022;2022_53_49;paikka;1
1328;53/2022;2022_53_49;palautuskäytännöillä;1
1328;53/2022;2022_53_49;paljon;1
1328;53/2022;2022_53_49;palveluita;1
1328;53/2022;2022_53_49;parannettavaa;1
1328;53/2022;2022_53_49;parasta;1
1328;53/2022;2022_53_49;paremmasta;1
1328;53/2022;2022_53_49;pelkkä;1
1328;53/2022;2022_53_49;perhesiteen;1
1328;53/2022;2022_53_49;perusteella;1
1328;53/2022;2022_53_49;pitkin;1
1328;53/2022;2022_53_49;pitäisi;1
1328;53/2022;2022_53_49;pitää;3
1328;53/2022;2022_53_49;poikkeavalla;1
1328;53/2022;2022_53_49;pois;1
1328;53/2022;2022_53_49;puhemies;5
1328;53/2022;2022_53_49;puitteissa;1
1328;53/2022;2022_53_49;pyrkimyksillä;1
1328;53/2022;2022_53_49;pystyttävä;1
1328;53/2022;2022_53_49;pystyä;1
1328;53/2022;2022_53_49;pysyttävä;1
1328;53/2022;2022_53_49;rakentaminen;1
1328;53/2022;2022_53_49;ratkaistua;1
1328;53/2022;2022_53_49;rehellistä;1
1328;53/2022;2022_53_49;rikollisuutta;1
1328;53/2022;2022_53_49;rinnakkaisyhteiskuntia;1
1328;53/2022;2022_53_49;rinnalla;1
1328;53/2022;2022_53_49;ruotsin;2
1328;53/2022;2022_53_49;ruotsissa;1
1328;53/2022;2022_53_49;saa;1
1328;53/2022;2022_53_49;saada;1
1328;53/2022;2022_53_49;saamiseksi;1
1328;53/2022;2022_53_49;saamme;1
1328;53/2022;2022_53_49;samoja;1
1328;53/2022;2022_53_49;se;4
1328;53/2022;2022_53_49;selonteko;1
1328;53/2022;2022_53_49;selviä;1
1328;53/2022;2022_53_49;siitä;3
1328;53/2022;2022_53_49;siksi;2
1328;53/2022;2022_53_49;sille;1
1328;53/2022;2022_53_49;sillä;1
1328;53/2022;2022_53_49;sitoutua;1
1328;53/2022;2022_53_49;sitoutumista;1
1328;53/2022;2022_53_49;sitten;1
1328;53/2022;2022_53_49;sitä;1
1328;53/2022;2022_53_49;suhteessa;1
1328;53/2022;2022_53_49;suojelun;1
1328;53/2022;2022_53_49;suomalaiseen;2
1328;53/2022;2022_53_49;suomalaisen;1
1328;53/2022;2022_53_49;suomalaisessa;1
1328;53/2022;2022_53_49;suomalaista;1
1328;53/2022;2022_53_49;suomea;1
1328;53/2022;2022_53_49;suomeen;6
1328;53/2022;2022_53_49;suomen;1
1328;53/2022;2022_53_49;suomessa;5
1328;53/2022;2022_53_49;suomessakin;1
1328;53/2022;2022_53_49;suomi;2
1328;53/2022;2022_53_49;suoria;1
1328;53/2022;2022_53_49;synnyttänyt;1
1328;53/2022;2022_53_49;säännöillään;1
1328;53/2022;2022_53_49;sääntöjä;1
1328;53/2022;2022_53_49;tai;6
1328;53/2022;2022_53_49;takamatkalta;2
1328;53/2022;2022_53_49;takuilla;1
1328;53/2022;2022_53_49;talman;4
1328;53/2022;2022_53_49;tapahdu;1
1328;53/2022;2022_53_49;tapahtunut;1
1328;53/2022;2022_53_49;tarjottava;1
1328;53/2022;2022_53_49;tarkastelemaan;1
1328;53/2022;2022_53_49;tarpeet;1
1328;53/2022;2022_53_49;tarpeita;1
1328;53/2022;2022_53_49;tarttua;1
1328;53/2022;2022_53_49;tarvitaan;1
1328;53/2022;2022_53_49;taustat;1
1328;53/2022;2022_53_49;tavalla;2
1328;53/2022;2022_53_49;tehdä;1
1328;53/2022;2022_53_49;tehtävä;3
1328;53/2022;2022_53_49;tie;2
1328;53/2022;2022_53_49;tiellä;1
1328;53/2022;2022_53_49;todellisuuteen;1
1328;53/2022;2022_53_49;todennäköisesti;1
1328;53/2022;2022_53_49;todeta;1
1328;53/2022;2022_53_49;toimeen;1
1328;53/2022;2022_53_49;toimeksiantoa;1
1328;53/2022;2022_53_49;toivottaa;1
1328;53/2022;2022_53_49;tsemppiä;1
1328;53/2022;2022_53_49;tulee;2
1328;53/2022;2022_53_49;tulemme;1
1328;53/2022;2022_53_49;tulemmekin;1
1328;53/2022;2022_53_49;tulevat;1
1328;53/2022;2022_53_49;tulijoilta;1
1328;53/2022;2022_53_49;tullut;1
1328;53/2022;2022_53_49;turvapaikkajärjestelmän;1
1328;53/2022;2022_53_49;työ;1
1328;53/2022;2022_53_49;työikäisiltä;1
1328;53/2022;2022_53_49;työikäisten;1
1328;53/2022;2022_53_49;työllistyminen;1
1328;53/2022;2022_53_49;työn;3
1328;53/2022;2022_53_49;työttömyyttä;1
1328;53/2022;2022_53_49;työvoimaa;1
1328;53/2022;2022_53_49;työvoimalle;1
1328;53/2022;2022_53_49;tämä;1
1328;53/2022;2022_53_49;tänne;1
1328;53/2022;2022_53_49;tässä;1
1328;53/2022;2022_53_49;tästä;2
1328;53/2022;2022_53_49;töitä;3
1328;53/2022;2022_53_49;ulkomaalaiselle;1
1328;53/2022;2022_53_49;ulkomaalaisia;1
1328;53/2022;2022_53_49;ulkomaalaista;1
1328;53/2022;2022_53_49;uupuu;1
1328;53/2022;2022_53_49;uutta;1
1328;53/2022;2022_53_49;vaan;1
1328;53/2022;2022_53_49;vaatia;1
1328;53/2022;2022_53_49;vaatii;1
1328;53/2022;2022_53_49;vaatimaan;1
1328;53/2022;2022_53_49;vai;1
1328;53/2022;2022_53_49;vaihtelevat;1
1328;53/2022;2022_53_49;vaikeilla;1
1328;53/2022;2022_53_49;vaikka;1
1328;53/2022;2022_53_49;vaikutuksia;1
1328;53/2022;2022_53_49;vain;2
1328;53/2022;2022_53_49;vallitsevan;1
1328;53/2022;2022_53_49;vastaa;1
1328;53/2022;2022_53_49;vastaamaan;1
1328;53/2022;2022_53_49;voi;1
1328;53/2022;2022_53_49;vuodeksi;1
1328;53/2022;2022_53_49;välillä;1
1328;53/2022;2022_53_49;yhteiskunnan;2
1328;53/2022;2022_53_49;yhteiskuntaa;1
1328;53/2022;2022_53_49;yhteiskuntaan;3
1328;53/2022;2022_53_49;yhteiskuntien;1
1328;53/2022;2022_53_49;yksi;1
1328;53/2022;2022_53_49;yksilöllinen;1
1328;53/2022;2022_53_49;yksilöllisiä;1
1328;53/2022;2022_53_49;ärade;4
1328;54/2020;2020_54_21;alijäämä;1
1328;54/2020;2020_54_21;arvoisa;1
1328;54/2020;2020_54_21;ei;1
1328;54/2020;2020_54_21;eilisten;1
1328;54/2020;2020_54_21;esimerkiksi;1
1328;54/2020;2020_54_21;että;1
1328;54/2020;2020_54_21;halutaan;1
1328;54/2020;2020_54_21;ja;3
1328;54/2020;2020_54_21;jatkaa;1
1328;54/2020;2020_54_21;jos;2
1328;54/2020;2020_54_21;kasvavat;2
1328;54/2020;2020_54_21;keskussairaaloissa;2
1328;54/2020;2020_54_21;kiinni;1
1328;54/2020;2020_54_21;koronatartuntaa;1
1328;54/2020;2020_54_21;koronavalmiudet;1
1328;54/2020;2020_54_21;koronavirukseen;1
1328;54/2020;2020_54_21;kun;1
1328;54/2020;2020_54_21;kuopiossa;1
1328;54/2020;2020_54_21;käy;1
1328;54/2020;2020_54_21;käyvät;1
1328;54/2020;2020_54_21;leikkausjonot;2
1328;54/2020;2020_54_21;leikkauspotilaita;1
1328;54/2020;2020_54_21;lukujen;1
1328;54/2020;2020_54_21;melkein;1
1328;54/2020;2020_54_21;miksi;1
1328;54/2020;2020_54_21;mikä;1
1328;54/2020;2020_54_21;mukaan;1
1328;54/2020;2020_54_21;määriä;1
1328;54/2020;2020_54_21;määräajaksi;1
1328;54/2020;2020_54_21;normaalisti;1
1328;54/2020;2020_54_21;nyt;2
1328;54/2020;2020_54_21;näistä;1
1328;54/2020;2020_54_21;nämä;3
1328;54/2020;2020_54_21;nämäkin;1
1328;54/2020;2020_54_21;oli;1
1328;54/2020;2020_54_21;olisi;1
1328;54/2020;2020_54_21;olisivat;1
1328;54/2020;2020_54_21;on;1
1328;54/2020;2020_54_21;osa;1
1328;54/2020;2020_54_21;ovat;2
1328;54/2020;2020_54_21;pidetty;1
1328;54/2020;2020_54_21;pieniä;1
1328;54/2020;2020_54_21;pitää;1
1328;54/2020;2020_54_21;puhemies;1
1328;54/2020;2020_54_21;puolelle;1
1328;54/2020;2020_54_21;sairaalat;2
1328;54/2020;2020_54_21;sairaaloista;1
1328;54/2020;2020_54_21;siirtää;1
1328;54/2020;2020_54_21;sillä;1
1328;54/2020;2020_54_21;sitä;1
1328;54/2020;2020_54_21;taloudellinen;1
1328;54/2020;2020_54_21;tampereella;1
1328;54/2020;2020_54_21;tarkoittaa;1
1328;54/2020;2020_54_21;todella;1
1328;54/2020;2020_54_21;turussa;1
1328;54/2020;2020_54_21;tyhjillään;1
1328;54/2020;2020_54_21;tyhjäkäynnillä;2
1328;54/2020;2020_54_21;uusimaa;1
1328;54/2020;2020_54_21;varauduttu;1
1328;54/2020;2020_54_21;voida;1
1328;54/2020;2020_54_21;voineet;1
1328;54/2020;2020_54_21;yksityiselle;1
1328;54/2022;2022_54_64;arvoisa;1
1328;54/2022;2022_54_64;eduskunnassa;1
1328;54/2022;2022_54_64;emme;1
1328;54/2022;2022_54_64;ensi;1
1328;54/2022;2022_54_64;että;2
1328;54/2022;2022_54_64;hallitukselta;1
1328;54/2022;2022_54_64;hallitus;2
1328;54/2022;2022_54_64;hybridivaikuttamista;1
1328;54/2022;2022_54_64;ja;3
1328;54/2022;2022_54_64;jos;1
1328;54/2022;2022_54_64;jotain;2
1328;54/2022;2022_54_64;jouhevasti;1
1328;54/2022;2022_54_64;kansa;1
1328;54/2022;2022_54_64;kuitenkin;1
1328;54/2022;2022_54_64;kysyisinkin;1
1328;54/2022;2022_54_64;liittymisestä;1
1328;54/2022;2022_54_64;mennyt;1
1328;54/2022;2022_54_64;miettineet;1
1328;54/2022;2022_54_64;millä;1
1328;54/2022;2022_54_64;miten;1
1328;54/2022;2022_54_64;muuta;1
1328;54/2022;2022_54_64;nato-prosessi;1
1328;54/2022;2022_54_64;natoon;1
1328;54/2022;2022_54_64;niin;1
1328;54/2022;2022_54_64;nyt;1
1328;54/2022;2022_54_64;näyttää;1
1328;54/2022;2022_54_64;odottamatonta;1
1328;54/2022;2022_54_64;oletteko;1
1328;54/2022;2022_54_64;on;1
1328;54/2022;2022_54_64;puhemies;1
1328;54/2022;2022_54_64;pysyy;1
1328;54/2022;2022_54_64;päätöksen;1
1328;54/2022;2022_54_64;sitä;1
1328;54/2022;2022_54_64;tai;1
1328;54/2022;2022_54_64;talman;1
1328;54/2022;2022_54_64;tapahtuu;1
1328;54/2022;2022_54_64;tapoja;1
1328;54/2022;2022_54_64;te;1
1328;54/2022;2022_54_64;teemme;1
1328;54/2022;2022_54_64;tiedä;1
1328;54/2022;2022_54_64;toimia;1
1328;54/2022;2022_54_64;tulee;1
1328;54/2022;2022_54_64;tuleeko;1
1328;54/2022;2022_54_64;tähän;2
1328;54/2022;2022_54_64;tässä;1
1328;54/2022;2022_54_64;täällä;1
1328;54/2022;2022_54_64;ulospäin;1
1328;54/2022;2022_54_64;vaatii;1
1328;54/2022;2022_54_64;vaikuttamaan;1
1328;54/2022;2022_54_64;varmaan;1
1328;54/2022;2022_54_64;venäjä;1
1328;54/2022;2022_54_64;viikolla;1
1328;54/2022;2022_54_64;välivaiheessa;1
1328;54/2022;2022_54_64;yhtenäiseltä;1
1328;54/2022;2022_54_64;yhtenäisenä;1
1328;54/2022;2022_54_64;ärade;1
1328;54/2023;2023_54_87;arvoisa;1
1328;54/2023;2023_54_87;asiaa;1
1328;54/2023;2023_54_87;asialle;1
1328;54/2023;2023_54_87;ei;2
1328;54/2023;2023_54_87;eilen;1
1328;54/2023;2023_54_87;ette;2
1328;54/2023;2023_54_87;huulilla;1
1328;54/2023;2023_54_87;ihmeessä;1
1328;54/2023;2023_54_87;ihmistä;1
1328;54/2023;2023_54_87;ja;2
1328;54/2023;2023_54_87;joihin;1
1328;54/2023;2023_54_87;joka;2
1328;54/2023;2023_54_87;jonotti;1
1328;54/2023;2023_54_87;jotain;1
1328;54/2023;2023_54_87;jotenkin;1
1328;54/2023;2023_54_87;joudutaan;1
1328;54/2023;2023_54_87;juuso;1
1328;54/2023;2023_54_87;kaikkien;1
1328;54/2023;2023_54_87;kaudella;1
1328;54/2023;2023_54_87;koronaan;1
1328;54/2023;2023_54_87;koronapandemiasta;1
1328;54/2023;2023_54_87;koronarokotukset;1
1328;54/2023;2023_54_87;koronarokotusta;1
1328;54/2023;2023_54_87;kuin;1
1328;54/2023;2023_54_87;kuitenkin;1
1328;54/2023;2023_54_87;kuoli;1
1328;54/2023;2023_54_87;kuolleisuus;1
1328;54/2023;2023_54_87;kuulun;1
1328;54/2023;2023_54_87;kyllä;1
1328;54/2023;2023_54_87;kymäläinen;1
1328;54/2023;2023_54_87;kysymys;1
1328;54/2023;2023_54_87;lisää;1
1328;54/2023;2023_54_87;lisääntyy;1
1328;54/2023;2023_54_87;malmilta;1
1328;54/2023;2023_54_87;me;2
1328;54/2023;2023_54_87;meillä;1
1328;54/2023;2023_54_87;meiltä;1
1328;54/2023;2023_54_87;meinaatte;1
1328;54/2023;2023_54_87;ministeri;1
1328;54/2023;2023_54_87;minulle;1
1328;54/2023;2023_54_87;minäkin;1
1328;54/2023;2023_54_87;mitenkään;1
1328;54/2023;2023_54_87;mitä;2
1328;54/2023;2023_54_87;mukaan;2
1328;54/2023;2023_54_87;muuten;1
1328;54/2023;2023_54_87;naurua;1
1328;54/2023;2023_54_87;neljä;1
1328;54/2023;2023_54_87;niin;1
1328;54/2023;2023_54_87;nyt;1
1328;54/2023;2023_54_87;ohjata;1
1328;54/2023;2023_54_87;ole;3
1328;54/2023;2023_54_87;oli;1
1328;54/2023;2023_54_87;on;2
1328;54/2023;2023_54_87;opimme;1
1328;54/2023;2023_54_87;organisoineet;1
1328;54/2023;2023_54_87;organisoitu;1
1328;54/2023;2023_54_87;osattiin;1
1328;54/2023;2023_54_87;ottakaa;1
1328;54/2023;2023_54_87;pakko;1
1328;54/2023;2023_54_87;pariskunta;1
1328;54/2023;2023_54_87;pitäisi;1
1328;54/2023;2023_54_87;puhemies;1
1328;54/2023;2023_54_87;puuttuvat;1
1328;54/2023;2023_54_87;rokotetaan;1
1328;54/2023;2023_54_87;rokotetta;1
1328;54/2023;2023_54_87;rokotusta;1
1328;54/2023;2023_54_87;ruotsista;1
1328;54/2023;2023_54_87;sateessa;1
1328;54/2023;2023_54_87;se;1
1328;54/2023;2023_54_87;seissyt;1
1328;54/2023;2023_54_87;soitti;1
1328;54/2023;2023_54_87;suna;1
1328;54/2023;2023_54_87;talman;1
1328;54/2023;2023_54_87;te;3
1328;54/2023;2023_54_87;tehdä;2
1328;54/2023;2023_54_87;teillä;1
1328;54/2023;2023_54_87;thln;1
1328;54/2023;2023_54_87;tilaamaan;1
1328;54/2023;2023_54_87;tilastojen;1
1328;54/2023;2023_54_87;tuntia;1
1328;54/2023;2023_54_87;tälle;2
1328;54/2023;2023_54_87;tämä;1
1328;54/2023;2023_54_87;tänään;1
1328;54/2023;2023_54_87;tästä;1
1328;54/2023;2023_54_87;tätä;2
1328;54/2023;2023_54_87;vasta;1
1328;54/2023;2023_54_87;vastaa;1
1328;54/2023;2023_54_87;viikko;1
1328;54/2023;2023_54_87;viikolla;1
1328;54/2023;2023_54_87;viime;2
1328;54/2023;2023_54_87;vuotiaita;1
1328;54/2023;2023_54_87;vähän;1
1328;54/2023;2023_54_87;yksityiset;1
1328;54/2023;2023_54_87;yli;2
1328;54/2023;2023_54_87;ärade;1
1328;55/2021;2021_55_19;aiheuttaa;1
1328;55/2021;2021_55_19;ainutkertainen;1
1328;55/2021;2021_55_19;ainutkertaista;1
1328;55/2021;2021_55_19;ainutkertaisuudesta;1
1328;55/2021;2021_55_19;aivan;1
1328;55/2021;2021_55_19;ajavat;1
1328;55/2021;2021_55_19;alleviivannut;1
1328;55/2021;2021_55_19;annettu;1
1328;55/2021;2021_55_19;arvoisa;2
1328;55/2021;2021_55_19;asiat;1
1328;55/2021;2021_55_19;asioita;1
1328;55/2021;2021_55_19;asti;1
1328;55/2021;2021_55_19;demarien;1
1328;55/2021;2021_55_19;demokratiassa;1
1328;55/2021;2021_55_19;dokumentteja;1
1328;55/2021;2021_55_19;edes;2
1328;55/2021;2021_55_19;eduskunnassa;2
1328;55/2021;2021_55_19;ehdoton;1
1328;55/2021;2021_55_19;ehtiä;1
1328;55/2021;2021_55_19;ei;8
1328;55/2021;2021_55_19;eikä;2
1328;55/2021;2021_55_19;eli;3
1328;55/2021;2021_55_19;elpymispaketti;1
1328;55/2021;2021_55_19;elvytyspakettia;1
1328;55/2021;2021_55_19;elvytyspakettiin;1
1328;55/2021;2021_55_19;elvytystä;2
1328;55/2021;2021_55_19;enemmistön;1
1328;55/2021;2021_55_19;enemmän;1
1328;55/2021;2021_55_19;ennennäkemättömään;1
1328;55/2021;2021_55_19;eri;1
1328;55/2021;2021_55_19;eteläeurooppalaisiin;1
1328;55/2021;2021_55_19;ettei;2
1328;55/2021;2021_55_19;että;5
1328;55/2021;2021_55_19;etujaan;1
1328;55/2021;2021_55_19;etukäteen;1
1328;55/2021;2021_55_19;eu;4
1328;55/2021;2021_55_19;eu-paketissa;1
1328;55/2021;2021_55_19;eulla;1
1328;55/2021;2021_55_19;eun;6
1328;55/2021;2021_55_19;eurooppaministeri;1
1328;55/2021;2021_55_19;eussa;1
1328;55/2021;2021_55_19;euta;1
1328;55/2021;2021_55_19;hallituksella;1
1328;55/2021;2021_55_19;hallituksesta;1
1328;55/2021;2021_55_19;hallitus;2
1328;55/2021;2021_55_19;haluamaansa;1
1328;55/2021;2021_55_19;hautaansa;1
1328;55/2021;2021_55_19;he;1
1328;55/2021;2021_55_19;heinäsirkoilla;1
1328;55/2021;2021_55_19;hienosti;1
1328;55/2021;2021_55_19;hinta;1
1328;55/2021;2021_55_19;huippuvirkamiehen;1
1328;55/2021;2021_55_19;huomisessa;1
1328;55/2021;2021_55_19;huonosta;1
1328;55/2021;2021_55_19;huonosti;1
1328;55/2021;2021_55_19;hyväksyminen;1
1328;55/2021;2021_55_19;hyväksytty;1
1328;55/2021;2021_55_19;hyväksytä;1
1328;55/2021;2021_55_19;hyvästä;1
1328;55/2021;2021_55_19;hyökkäyksillä;1
1328;55/2021;2021_55_19;höynäytetään;1
1328;55/2021;2021_55_19;ilkka;2
1328;55/2021;2021_55_19;ilman;1
1328;55/2021;2021_55_19;italia;1
1328;55/2021;2021_55_19;ja;27
1328;55/2021;2021_55_19;jo;1
1328;55/2021;2021_55_19;jos;6
1328;55/2021;2021_55_19;josta;1
1328;55/2021;2021_55_19;jostain;1
1328;55/2021;2021_55_19;jostakin;1
1328;55/2021;2021_55_19;jotta;1
1328;55/2021;2021_55_19;jottei;1
1328;55/2021;2021_55_19;juttu;1
1328;55/2021;2021_55_19;jäisi;1
1328;55/2021;2021_55_19;jäsenmaiden;1
1328;55/2021;2021_55_19;kaatuu;1
1328;55/2021;2021_55_19;kahden;1
1328;55/2021;2021_55_19;kai;1
1328;55/2021;2021_55_19;kaivaa;1
1328;55/2021;2021_55_19;kanerva;2
1328;55/2021;2021_55_19;kanssa;1
1328;55/2021;2021_55_19;kantaa;1
1328;55/2021;2021_55_19;kaupan;1
1328;55/2021;2021_55_19;kehitystä;1
1328;55/2021;2021_55_19;keksimällä;1
1328;55/2021;2021_55_19;kerran;1
1328;55/2021;2021_55_19;keskustella;1
1328;55/2021;2021_55_19;kesänä;2
1328;55/2021;2021_55_19;kilpailijoihin;1
1328;55/2021;2021_55_19;kilpailukyky;1
1328;55/2021;2021_55_19;kirjauksen;1
1328;55/2021;2021_55_19;kirjaus;1
1328;55/2021;2021_55_19;kohti;1
1328;55/2021;2021_55_19;kokoomus;1
1328;55/2021;2021_55_19;kolmasosan;1
1328;55/2021;2021_55_19;komissaarien;1
1328;55/2021;2021_55_19;komissaarit;1
1328;55/2021;2021_55_19;koronan;1
1328;55/2021;2021_55_19;kuin;3
1328;55/2021;2021_55_19;kuinka;3
1328;55/2021;2021_55_19;kuitenkin;1
1328;55/2021;2021_55_19;kukaan;2
1328;55/2021;2021_55_19;kummallinen;1
1328;55/2021;2021_55_19;kumoamaan;1
1328;55/2021;2021_55_19;kun;1
1328;55/2021;2021_55_19;kustannustason;1
1328;55/2021;2021_55_19;kuuluu;3
1328;55/2021;2021_55_19;kuuluviin;1
1328;55/2021;2021_55_19;kyse;1
1328;55/2021;2021_55_19;kysymys;1
1328;55/2021;2021_55_19;kysyä;2
1328;55/2021;2021_55_19;käy;1
1328;55/2021;2021_55_19;käynyt;1
1328;55/2021;2021_55_19;kääntyy;1
1328;55/2021;2021_55_19;lainaa;1
1328;55/2021;2021_55_19;laiton;1
1328;55/2021;2021_55_19;laittaa;1
1328;55/2021;2021_55_19;lausunnot;1
1328;55/2021;2021_55_19;lentoon;1
1328;55/2021;2021_55_19;liikkuvuuden;1
1328;55/2021;2021_55_19;lisää;2
1328;55/2021;2021_55_19;loistava;1
1328;55/2021;2021_55_19;luulko;1
1328;55/2021;2021_55_19;lyhyt;1
1328;55/2021;2021_55_19;lykätään;1
1328;55/2021;2021_55_19;lähteä;1
1328;55/2021;2021_55_19;länsimaisessa;1
1328;55/2021;2021_55_19;läntiseen;1
1328;55/2021;2021_55_19;maanjäristyksillä;1
1328;55/2021;2021_55_19;maineen;1
1328;55/2021;2021_55_19;maksaa;1
1328;55/2021;2021_55_19;maksetaan;1
1328;55/2021;2021_55_19;malli;1
1328;55/2021;2021_55_19;mandaatilla;1
1328;55/2021;2021_55_19;manipulaatiosta;1
1328;55/2021;2021_55_19;meitä;1
1328;55/2021;2021_55_19;menetyksellä;1
1328;55/2021;2021_55_19;mieli;1
1328;55/2021;2021_55_19;mietitty;1
1328;55/2021;2021_55_19;miksei;1
1328;55/2021;2021_55_19;millä;1
1328;55/2021;2021_55_19;miten;1
1328;55/2021;2021_55_19;mitä;2
1328;55/2021;2021_55_19;muisti;1
1328;55/2021;2021_55_19;mukaan;1
1328;55/2021;2021_55_19;mukana;2
1328;55/2021;2021_55_19;mutta;1
1328;55/2021;2021_55_19;muuttuu;1
1328;55/2021;2021_55_19;myös;1
1328;55/2021;2021_55_19;naurettavaa;1
1328;55/2021;2021_55_19;neuvoteltu;1
1328;55/2021;2021_55_19;neuvottelemaan;1
1328;55/2021;2021_55_19;neuvotteluissa;1
1328;55/2021;2021_55_19;niin;1
1328;55/2021;2021_55_19;niistä;1
1328;55/2021;2021_55_19;noloa;1
1328;55/2021;2021_55_19;nolosta;1
1328;55/2021;2021_55_19;nousun;1
1328;55/2021;2021_55_19;noususuhdanteessa;1
1328;55/2021;2021_55_19;nyt;5
1328;55/2021;2021_55_19;näin;2
1328;55/2021;2021_55_19;näkemään;1
1328;55/2021;2021_55_19;näkökulmasta;1
1328;55/2021;2021_55_19;oikeasti;2
1328;55/2021;2021_55_19;oikeutta;1
1328;55/2021;2021_55_19;ole;3
1328;55/2021;2021_55_19;olen;2
1328;55/2021;2021_55_19;oli;1
1328;55/2021;2021_55_19;olisi;4
1328;55/2021;2021_55_19;ollut;2
1328;55/2021;2021_55_19;omaa;1
1328;55/2021;2021_55_19;omia;2
1328;55/2021;2021_55_19;on;13
1328;55/2021;2021_55_19;onko;2
1328;55/2021;2021_55_19;onnistui;1
1328;55/2021;2021_55_19;onnistuminen;1
1328;55/2021;2021_55_19;osuus;1
1328;55/2021;2021_55_19;ota;1
1328;55/2021;2021_55_19;otetaan;1
1328;55/2021;2021_55_19;ovat;1
1328;55/2021;2021_55_19;paketin;2
1328;55/2021;2021_55_19;paketista;2
1328;55/2021;2021_55_19;paketti;6
1328;55/2021;2021_55_19;pakettia;1
1328;55/2021;2021_55_19;paljon;2
1328;55/2021;2021_55_19;palkitsee;1
1328;55/2021;2021_55_19;pandemiasta;1
1328;55/2021;2021_55_19;parasta;1
1328;55/2021;2021_55_19;peloteltu;1
1328;55/2021;2021_55_19;periaatteisiin;1
1328;55/2021;2021_55_19;periaatteista;1
1328;55/2021;2021_55_19;perussopimuksiaan;1
1328;55/2021;2021_55_19;perusteellisemmin;1
1328;55/2021;2021_55_19;perustuslakivaliokunnassa;1
1328;55/2021;2021_55_19;perustuslakivaliokunta;2
1328;55/2021;2021_55_19;pesuveden;1
1328;55/2021;2021_55_19;pienemmät;1
1328;55/2021;2021_55_19;piilotella;1
1328;55/2021;2021_55_19;pitäisi;1
1328;55/2021;2021_55_19;pitänyt;2
1328;55/2021;2021_55_19;pitävät;1
1328;55/2021;2021_55_19;pitää;4
1328;55/2021;2021_55_19;pois;2
1328;55/2021;2021_55_19;populismia;2
1328;55/2021;2021_55_19;populisti;2
1328;55/2021;2021_55_19;puhemies;2
1328;55/2021;2021_55_19;puhu;1
1328;55/2021;2021_55_19;puhua;1
1328;55/2021;2021_55_19;puhuivat;1
1328;55/2021;2021_55_19;puhutaan;1
1328;55/2021;2021_55_19;puolta;2
1328;55/2021;2021_55_19;putoaa;1
1328;55/2021;2021_55_19;pysyvä;1
1328;55/2021;2021_55_19;päinvastoin;2
1328;55/2021;2021_55_19;pääministeri;1
1328;55/2021;2021_55_19;päättää;1
1328;55/2021;2021_55_19;päätyi;1
1328;55/2021;2021_55_19;rahoihin;1
1328;55/2021;2021_55_19;rankaisee;1
1328;55/2021;2021_55_19;ranska;1
1328;55/2021;2021_55_19;reutersille;1
1328;55/2021;2021_55_19;riittävästi;1
1328;55/2021;2021_55_19;rikkoo;1
1328;55/2021;2021_55_19;rivakasti;1
1328;55/2021;2021_55_19;saa;1
1328;55/2021;2021_55_19;saada;1
1328;55/2021;2021_55_19;saama;1
1328;55/2021;2021_55_19;saksa;1
1328;55/2021;2021_55_19;salailua;1
1328;55/2021;2021_55_19;salata;1
1328;55/2021;2021_55_19;salissa;1
1328;55/2021;2021_55_19;samaa;1
1328;55/2021;2021_55_19;sanoa;1
1328;55/2021;2021_55_19;se;4
1328;55/2021;2021_55_19;sellainen;1
1328;55/2021;2021_55_19;sellaista;2
1328;55/2021;2021_55_19;selviävät;1
1328;55/2021;2021_55_19;selvänä;1
1328;55/2021;2021_55_19;sen;2
1328;55/2021;2021_55_19;seurauksia;1
1328;55/2021;2021_55_19;sidottiin;1
1328;55/2021;2021_55_19;siihen;2
1328;55/2021;2021_55_19;siitä;1
1328;55/2021;2021_55_19;sitten;1
1328;55/2021;2021_55_19;suhteessa;1
1328;55/2021;2021_55_19;sullemulle-tuuliviiri;1
1328;55/2021;2021_55_19;suomalaisten;1
1328;55/2021;2021_55_19;suomea;3
1328;55/2021;2021_55_19;suomelle;1
1328;55/2021;2021_55_19;suomen;6
1328;55/2021;2021_55_19;suomi;2
1328;55/2021;2021_55_19;suuntaan;1
1328;55/2021;2021_55_19;takia;1
1328;55/2021;2021_55_19;takinkääntöä;1
1328;55/2021;2021_55_19;takki;1
1328;55/2021;2021_55_19;talman;2
1328;55/2021;2021_55_19;taloudesta;1
1328;55/2021;2021_55_19;taloudet;1
1328;55/2021;2021_55_19;tarkkarajainen;1
1328;55/2021;2021_55_19;tarkkarajaista;1
1328;55/2021;2021_55_19;tekee;2
1328;55/2021;2021_55_19;tekemään;1
1328;55/2021;2021_55_19;tiedetään;1
1328;55/2021;2021_55_19;tietoa;1
1328;55/2021;2021_55_19;tilanteessa;1
1328;55/2021;2021_55_19;toimita;1
1328;55/2021;2021_55_19;totta;1
1328;55/2021;2021_55_19;tukevat;1
1328;55/2021;2021_55_19;tulette;1
1328;55/2021;2021_55_19;tulevat;1
1328;55/2021;2021_55_19;tulla;1
1328;55/2021;2021_55_19;tullut;2
1328;55/2021;2021_55_19;tuoreet;1
1328;55/2021;2021_55_19;tuppurainen;1
1328;55/2021;2021_55_19;tuppuraisen;1
1328;55/2021;2021_55_19;turhaan;1
1328;55/2021;2021_55_19;turvallisuuden;1
1328;55/2021;2021_55_19;tyhjän;1
1328;55/2021;2021_55_19;tytin;1
1328;55/2021;2021_55_19;tytti;1
1328;55/2021;2021_55_19;tähän;1
1328;55/2021;2021_55_19;tällaiset;1
1328;55/2021;2021_55_19;tämä;2
1328;55/2021;2021_55_19;tämäkö;1
1328;55/2021;2021_55_19;tämän;1
1328;55/2021;2021_55_19;tänään;2
1328;55/2021;2021_55_19;tässä;2
1328;55/2021;2021_55_19;tästä;1
1328;55/2021;2021_55_19;tätä;1
1328;55/2021;2021_55_19;täysin;1
1328;55/2021;2021_55_19;unionia;1
1328;55/2021;2021_55_19;unohdu;1
1328;55/2021;2021_55_19;uutinen;1
1328;55/2021;2021_55_19;uutistoimisto;1
1328;55/2021;2021_55_19;uutta;1
1328;55/2021;2021_55_19;vaan;1
1328;55/2021;2021_55_19;vaatii;1
1328;55/2021;2021_55_19;vai;1
1328;55/2021;2021_55_19;vaikka;1
1328;55/2021;2021_55_19;vain;1
1328;55/2021;2021_55_19;valiokunnissa;1
1328;55/2021;2021_55_19;valtiovarainvaliokunnan;1
1328;55/2021;2021_55_19;vapaan;2
1328;55/2021;2021_55_19;varalle;1
1328;55/2021;2021_55_19;varasuunnitelmaa;1
1328;55/2021;2021_55_19;varjolla;1
1328;55/2021;2021_55_19;varoituksesta;1
1328;55/2021;2021_55_19;vasta;1
1328;55/2021;2021_55_19;vauhtia;1
1328;55/2021;2021_55_19;velka;1
1328;55/2021;2021_55_19;velkapaketista;1
1328;55/2021;2021_55_19;velkarahaa;1
1328;55/2021;2021_55_19;venäläisten;1
1328;55/2021;2021_55_19;veroja;1
1328;55/2021;2021_55_19;verounionia;1
1328;55/2021;2021_55_19;vetää;1
1328;55/2021;2021_55_19;viedä;1
1328;55/2021;2021_55_19;viedään;1
1328;55/2021;2021_55_19;vielä;1
1328;55/2021;2021_55_19;viennin;1
1328;55/2021;2021_55_19;vienti;1
1328;55/2021;2021_55_19;vievät;1
1328;55/2021;2021_55_19;vihdoin;1
1328;55/2021;2021_55_19;viime;2
1328;55/2021;2021_55_19;voi;3
1328;55/2021;2021_55_19;voidaan;1
1328;55/2021;2021_55_19;voikin;1
1328;55/2021;2021_55_19;voin;1
1328;55/2021;2021_55_19;yhteisiä;1
1328;55/2021;2021_55_19;yhteistä;1
1328;55/2021;2021_55_19;yhteisöön;1
1328;55/2021;2021_55_19;yhtä;1
1328;55/2021;2021_55_19;yleisradiota;1
1328;55/2021;2021_55_19;ylikuumenemisen;1
1328;55/2021;2021_55_19;ylpeä;2
1328;55/2021;2021_55_19;yritetään;1
1328;55/2021;2021_55_19;yrittää;1
1328;55/2021;2021_55_19;yritysten;1
1328;55/2021;2021_55_19;älkää;1
1328;55/2021;2021_55_19;ärade;2
1328;55/2021;2021_55_19;äänensä;1
1328;55/2021;2021_55_19;äänestyksessä;1
1328;55/2021;2021_55_19;äänestäjän;1
1328;55/2021;2021_55_19;ääni;1
1328;56/2019;2019_56_60;aikojen;1
1328;56/2019;2019_56_60;arvoisa;1
1328;56/2019;2019_56_60;en;1
1328;56/2019;2019_56_60;että;1
1328;56/2019;2019_56_60;herra;1
1328;56/2019;2019_56_60;hän;1
1328;56/2019;2019_56_60;ihmisiä;1
1328;56/2019;2019_56_60;ja;1
1328;56/2019;2019_56_60;just;1
1328;56/2019;2019_56_60;kuitenkin;1
1328;56/2019;2019_56_60;kun;1
1328;56/2019;2019_56_60;kunnon;1
1328;56/2019;2019_56_60;kyselytunnilla;1
1328;56/2019;2019_56_60;kysyin;1
1328;56/2019;2019_56_60;lehdistä;1
1328;56/2019;2019_56_60;lomauttaa;1
1328;56/2019;2019_56_60;lomauttamassa;1
1328;56/2019;2019_56_60;luettiin;1
1328;56/2019;2019_56_60;lyhentämistä;1
1328;56/2019;2019_56_60;maahanmuuttovirasto;2
1328;56/2019;2019_56_60;meinaa;1
1328;56/2019;2019_56_60;menevät;1
1328;56/2019;2019_56_60;ministeri;1
1328;56/2019;2019_56_60;miten;1
1328;56/2019;2019_56_60;mitä;1
1328;56/2019;2019_56_60;näiden;1
1328;56/2019;2019_56_60;nämä;1
1328;56/2019;2019_56_60;ohisalolta;1
1328;56/2019;2019_56_60;oikein;1
1328;56/2019;2019_56_60;on;1
1328;56/2019;2019_56_60;puhemies;1
1328;56/2019;2019_56_60;saanut;1
1328;56/2019;2019_56_60;siihen;1
1328;56/2019;2019_56_60;sitten;1
1328;56/2019;2019_56_60;tehdä;1
1328;56/2019;2019_56_60;vaaditaan;1
1328;56/2019;2019_56_60;vastausta;1
1328;56/2019;2019_56_60;viime;1
1328;56/2019;2019_56_60;yhteen;1
1328;56/2019;2019_56_60;äsken;1
1328;56/2022;2022_56_16;aamulla;1
1328;56/2022;2022_56_16;aikaista;1
1328;56/2022;2022_56_16;aikana;1
1328;56/2022;2022_56_16;aikanaan;1
1328;56/2022;2022_56_16;aivan;2
1328;56/2022;2022_56_16;ajaksi;1
1328;56/2022;2022_56_16;ajattelu;1
1328;56/2022;2022_56_16;ajoitusta;1
1328;56/2022;2022_56_16;aktiivisesti;1
1328;56/2022;2022_56_16;alikersantti;1
1328;56/2022;2022_56_16;aloittanut;1
1328;56/2022;2022_56_16;antaa;1
1328;56/2022;2022_56_16;arvioitu;1
1328;56/2022;2022_56_16;arvoisa;4
1328;56/2022;2022_56_16;aseita;1
1328;56/2022;2022_56_16;asemamme;1
1328;56/2022;2022_56_16;asevelvollisuus;1
1328;56/2022;2022_56_16;asevelvollisuutta;1
1328;56/2022;2022_56_16;asia;1
1328;56/2022;2022_56_16;asioistamme;1
1328;56/2022;2022_56_16;asja;1
1328;56/2022;2022_56_16;asti;2
1328;56/2022;2022_56_16;avoin;1
1328;56/2022;2022_56_16;budjetti;1
1328;56/2022;2022_56_16;budjettikysymys;1
1328;56/2022;2022_56_16;demokratiaan;1
1328;56/2022;2022_56_16;edesmenneelle;1
1328;56/2022;2022_56_16;edvin;1
1328;56/2022;2022_56_16;ehkäisevä;1
1328;56/2022;2022_56_16;ehtoja;1
1328;56/2022;2022_56_16;ei;4
1328;56/2022;2022_56_16;eikä;1
1328;56/2022;2022_56_16;eivät;1
1328;56/2022;2022_56_16;elää;2
1328;56/2022;2022_56_16;ennalta;1
1328;56/2022;2022_56_16;enää;1
1328;56/2022;2022_56_16;eppäile;1
1328;56/2022;2022_56_16;eri;1
1328;56/2022;2022_56_16;et;1
1328;56/2022;2022_56_16;etkä;1
1328;56/2022;2022_56_16;että;10
1328;56/2022;2022_56_16;etu;1
1328;56/2022;2022_56_16;euroopassa;1
1328;56/2022;2022_56_16;hakea;1
1328;56/2022;2022_56_16;hakemisesta;1
1328;56/2022;2022_56_16;hakemista;1
1328;56/2022;2022_56_16;halua;1
1328;56/2022;2022_56_16;haluaisin;1
1328;56/2022;2022_56_16;hattuun;1
1328;56/2022;2022_56_16;he;1
1328;56/2022;2022_56_16;helmikuuta;1
1328;56/2022;2022_56_16;hetkeen;1
1328;56/2022;2022_56_16;hetkessä;1
1328;56/2022;2022_56_16;historiassa;1
1328;56/2022;2022_56_16;hitoilkaa;1
1328;56/2022;2022_56_16;hukkaan;1
1328;56/2022;2022_56_16;huolen;1
1328;56/2022;2022_56_16;hyvin;1
1328;56/2022;2022_56_16;hyvä;1
1328;56/2022;2022_56_16;hyvää;1
1328;56/2022;2022_56_16;hyökkäyksen;1
1328;56/2022;2022_56_16;hänen;1
1328;56/2022;2022_56_16;hää;2
1328;56/2022;2022_56_16;investointeihin;1
1328;56/2022;2022_56_16;isälleni;1
1328;56/2022;2022_56_16;isäni;3
1328;56/2022;2022_56_16;isänmaan;1
1328;56/2022;2022_56_16;ja;21
1328;56/2022;2022_56_16;jatkossakin;2
1328;56/2022;2022_56_16;johdonmukaisesti;1
1328;56/2022;2022_56_16;joita;2
1328;56/2022;2022_56_16;joka;1
1328;56/2022;2022_56_16;jos;3
1328;56/2022;2022_56_16;jota;1
1328;56/2022;2022_56_16;joutua;1
1328;56/2022;2022_56_16;joutuneet;1
1328;56/2022;2022_56_16;julmuuksia;1
1328;56/2022;2022_56_16;juoksemaa;1
1328;56/2022;2022_56_16;juossa;1
1328;56/2022;2022_56_16;jäitä;1
1328;56/2022;2022_56_16;järjen;1
1328;56/2022;2022_56_16;jäseneksi;3
1328;56/2022;2022_56_16;jäsenmaansa;1
1328;56/2022;2022_56_16;jäsenyyden;1
1328;56/2022;2022_56_16;jäsenyys;1
1328;56/2022;2022_56_16;kaiken;1
1328;56/2022;2022_56_16;kaikilta;1
1328;56/2022;2022_56_16;kaikin;1
1328;56/2022;2022_56_16;kaikissa;1
1328;56/2022;2022_56_16;kaikki;2
1328;56/2022;2022_56_16;kaivataan;1
1328;56/2022;2022_56_16;kannalta;1
1328;56/2022;2022_56_16;kannattaa;2
1328;56/2022;2022_56_16;kansaa;1
1328;56/2022;2022_56_16;kansallista;1
1328;56/2022;2022_56_16;kansan;1
1328;56/2022;2022_56_16;kanssa;1
1328;56/2022;2022_56_16;kassoha;1
1328;56/2022;2022_56_16;kasvuun;1
1328;56/2022;2022_56_16;keinoin;1
1328;56/2022;2022_56_16;kertoa;1
1328;56/2022;2022_56_16;keskeisessä;1
1328;56/2022;2022_56_16;keskustelu;1
1328;56/2022;2022_56_16;kestävyyttä;1
1328;56/2022;2022_56_16;kirjailija;1
1328;56/2022;2022_56_16;kokemaan;2
1328;56/2022;2022_56_16;koskaan;2
1328;56/2022;2022_56_16;kriisinsietokykyä;1
1328;56/2022;2022_56_16;kuin;2
1328;56/2022;2022_56_16;kulmakiviä;1
1328;56/2022;2022_56_16;kun;6
1328;56/2022;2022_56_16;kunnioittaa;1
1328;56/2022;2022_56_16;kuten;1
1328;56/2022;2022_56_16;kuuluvat;1
1328;56/2022;2022_56_16;kuvaajana;1
1328;56/2022;2022_56_16;kyl;1
1328;56/2022;2022_56_16;kyllä;1
1328;56/2022;2022_56_16;kyse;3
1328;56/2022;2022_56_16;laineen;1
1328;56/2022;2022_56_16;leikkaajana;1
1328;56/2022;2022_56_16;liian;1
1328;56/2022;2022_56_16;liikaa;1
1328;56/2022;2022_56_16;liitto;1
1328;56/2022;2022_56_16;linnan;1
1328;56/2022;2022_56_16;luo;1
1328;56/2022;2022_56_16;lähe;1
1328;56/2022;2022_56_16;lähet;1
1328;56/2022;2022_56_16;lähinnä;1
1328;56/2022;2022_56_16;lähteä;1
1328;56/2022;2022_56_16;lähtökohdistamme;1
1328;56/2022;2022_56_16;lähtökohtana;1
1328;56/2022;2022_56_16;länsimaiseen;1
1328;56/2022;2022_56_16;löytää;1
1328;56/2022;2022_56_16;maa;1
1328;56/2022;2022_56_16;maailma;1
1328;56/2022;2022_56_16;maanpuolustustahto;1
1328;56/2022;2022_56_16;maanpuolustustahtoa;1
1328;56/2022;2022_56_16;maariskiä;1
1328;56/2022;2022_56_16;maatamme;1
1328;56/2022;2022_56_16;mahdollisimman;1
1328;56/2022;2022_56_16;mahdollisin;1
1328;56/2022;2022_56_16;matkailun;1
1328;56/2022;2022_56_16;meidän;4
1328;56/2022;2022_56_16;meiltä;1
1328;56/2022;2022_56_16;menee;2
1328;56/2022;2022_56_16;menneet;1
1328;56/2022;2022_56_16;mennä;1
1328;56/2022;2022_56_16;merkittävä;1
1328;56/2022;2022_56_16;mieleni;1
1328;56/2022;2022_56_16;mielipide;1
1328;56/2022;2022_56_16;miesten;1
1328;56/2022;2022_56_16;miettien;1
1328;56/2022;2022_56_16;millään;1
1328;56/2022;2022_56_16;minkä;1
1328;56/2022;2022_56_16;minulla;1
1328;56/2022;2022_56_16;monesta;1
1328;56/2022;2022_56_16;monttuu;1
1328;56/2022;2022_56_16;muiden;1
1328;56/2022;2022_56_16;muistaa;1
1328;56/2022;2022_56_16;mukana;2
1328;56/2022;2022_56_16;murtuu;1
1328;56/2022;2022_56_16;mut;1
1328;56/2022;2022_56_16;mutta;4
1328;56/2022;2022_56_16;muutin;1
1328;56/2022;2022_56_16;myös;4
1328;56/2022;2022_56_16;naisten;1
1328;56/2022;2022_56_16;nato;2
1328;56/2022;2022_56_16;nato-jäsenyys;2
1328;56/2022;2022_56_16;nato-myönteinen;1
1328;56/2022;2022_56_16;nato-päätöksessä;1
1328;56/2022;2022_56_16;natolle;1
1328;56/2022;2022_56_16;naton;3
1328;56/2022;2022_56_16;natossa;2
1328;56/2022;2022_56_16;nii;2
1328;56/2022;2022_56_16;niin;2
1328;56/2022;2022_56_16;nopeasti;1
1328;56/2022;2022_56_16;nyt;7
1328;56/2022;2022_56_16;näi;1
1328;56/2022;2022_56_16;näkökulmasta;1
1328;56/2022;2022_56_16;olemme;1
1328;56/2022;2022_56_16;olen;1
1328;56/2022;2022_56_16;oli;4
1328;56/2022;2022_56_16;olin;1
1328;56/2022;2022_56_16;olla;2
1328;56/2022;2022_56_16;ollut;1
1328;56/2022;2022_56_16;oma;3
1328;56/2022;2022_56_16;omista;2
1328;56/2022;2022_56_16;on;24
1328;56/2022;2022_56_16;ostaa;1
1328;56/2022;2022_56_16;ovat;2
1328;56/2022;2022_56_16;paikkansa;1
1328;56/2022;2022_56_16;paikollais;1
1328;56/2022;2022_56_16;painetta;1
1328;56/2022;2022_56_16;palkka-armeijan;1
1328;56/2022;2022_56_16;panna;1
1328;56/2022;2022_56_16;paras;1
1328;56/2022;2022_56_16;perusta;1
1328;56/2022;2022_56_16;perusteella;1
1328;56/2022;2022_56_16;peruuttamaton;1
1328;56/2022;2022_56_16;peräs;1
1328;56/2022;2022_56_16;pidä;1
1328;56/2022;2022_56_16;pidämme;1
1328;56/2022;2022_56_16;pitää;7
1328;56/2022;2022_56_16;pohja;1
1328;56/2022;2022_56_16;pohjalahel;1
1328;56/2022;2022_56_16;pohjoisessa;2
1328;56/2022;2022_56_16;pohjoismaiden;1
1328;56/2022;2022_56_16;pois;1
1328;56/2022;2022_56_16;puhemies;4
1328;56/2022;2022_56_16;puhutaan;1
1328;56/2022;2022_56_16;pulinat;1
1328;56/2022;2022_56_16;puolustaa;1
1328;56/2022;2022_56_16;puolustamassa;1
1328;56/2022;2022_56_16;puolustamisen;1
1328;56/2022;2022_56_16;puolustuksen;2
1328;56/2022;2022_56_16;puolustuksessa;1
1328;56/2022;2022_56_16;puolustusliitto;2
1328;56/2022;2022_56_16;puolustussovan;1
1328;56/2022;2022_56_16;pysyt;1
1328;56/2022;2022_56_16;päättäväisesti;1
1328;56/2022;2022_56_16;päätöksemme;1
1328;56/2022;2022_56_16;päätöksiä;1
1328;56/2022;2022_56_16;päätös;2
1328;56/2022;2022_56_16;rahalla;4
1328;56/2022;2022_56_16;rakentamassa;1
1328;56/2022;2022_56_16;ratekia;1
1328;56/2022;2022_56_16;ratkaisut;1
1328;56/2022;2022_56_16;rauhallisessa;1
1328;56/2022;2022_56_16;rauhassa;1
1328;56/2022;2022_56_16;rokan;1
1328;56/2022;2022_56_16;roolissa;1
1328;56/2022;2022_56_16;ruotsi;1
1328;56/2022;2022_56_16;saa;3
1328;56/2022;2022_56_16;saakka;1
1328;56/2022;2022_56_16;saat;1
1328;56/2022;2022_56_16;saavat;1
1328;56/2022;2022_56_16;saisivat;1
1328;56/2022;2022_56_16;salissa;1
1328;56/2022;2022_56_16;sammaa;1
1328;56/2022;2022_56_16;sananvapaus;1
1328;56/2022;2022_56_16;sanelemaan;1
1328;56/2022;2022_56_16;sanoin;1
1328;56/2022;2022_56_16;se;5
1328;56/2022;2022_56_16;sekä;2
1328;56/2022;2022_56_16;selkeän;1
1328;56/2022;2022_56_16;selkänojan;1
1328;56/2022;2022_56_16;sellaiseksi;1
1328;56/2022;2022_56_16;sellaisia;1
1328;56/2022;2022_56_16;selviävät;1
1328;56/2022;2022_56_16;sen;3
1328;56/2022;2022_56_16;sie;5
1328;56/2022;2022_56_16;siihenkin;1
1328;56/2022;2022_56_16;siitä;5
1328;56/2022;2022_56_16;silti;1
1328;56/2022;2022_56_16;sisäinen;1
1328;56/2022;2022_56_16;sodan;1
1328;56/2022;2022_56_16;sodissa;1
1328;56/2022;2022_56_16;sotien;1
1328;56/2022;2022_56_16;sotilaan;1
1328;56/2022;2022_56_16;sotimisen;1
1328;56/2022;2022_56_16;sovi;1
1328;56/2022;2022_56_16;suhteen;1
1328;56/2022;2022_56_16;sukupolven;1
1328;56/2022;2022_56_16;suojaaminen;1
1328;56/2022;2022_56_16;suomalaiset;2
1328;56/2022;2022_56_16;suomalaisten;1
1328;56/2022;2022_56_16;suomea;1
1328;56/2022;2022_56_16;suomella;1
1328;56/2022;2022_56_16;suomelle;1
1328;56/2022;2022_56_16;suomen;4
1328;56/2022;2022_56_16;suomessa;1
1328;56/2022;2022_56_16;suomi;5
1328;56/2022;2022_56_16;suunnasta;1
1328;56/2022;2022_56_16;syntyy;1
1328;56/2022;2022_56_16;tae;1
1328;56/2022;2022_56_16;tahtoa;1
1328;56/2022;2022_56_16;talman;4
1328;56/2022;2022_56_16;talouden;1
1328;56/2022;2022_56_16;tapahtui;1
1328;56/2022;2022_56_16;tarkoituksena;1
1328;56/2022;2022_56_16;tehdä;2
1328;56/2022;2022_56_16;tehdään;1
1328;56/2022;2022_56_16;tehnyt;1
1328;56/2022;2022_56_16;tehty;1
1328;56/2022;2022_56_16;tekköö;1
1328;56/2022;2022_56_16;tekstistä;1
1328;56/2022;2022_56_16;tiivistyvä;1
1328;56/2022;2022_56_16;tilanne;1
1328;56/2022;2022_56_16;tilanteemme;1
1328;56/2022;2022_56_16;tilanteissa;1
1328;56/2022;2022_56_16;tiukemman;1
1328;56/2022;2022_56_16;toimia;1
1328;56/2022;2022_56_16;toimivat;1
1328;56/2022;2022_56_16;totuutensa;1
1328;56/2022;2022_56_16;tulevaisuudessa;1
1328;56/2022;2022_56_16;tulevaisuutta;1
1328;56/2022;2022_56_16;tulla;1
1328;56/2022;2022_56_16;tulloo;1
1328;56/2022;2022_56_16;tunnelmaa;1
1328;56/2022;2022_56_16;tunnustaa;1
1328;56/2022;2022_56_16;tuntemattoman;1
1328;56/2022;2022_56_16;turvaa;1
1328;56/2022;2022_56_16;turvaksi;1
1328;56/2022;2022_56_16;turvallisessa;1
1328;56/2022;2022_56_16;turvallisuuden;2
1328;56/2022;2022_56_16;turvallisuusjärjestystä;1
1328;56/2022;2022_56_16;työpaikkoihin;1
1328;56/2022;2022_56_16;työtä;1
1328;56/2022;2022_56_16;tähän;2
1328;56/2022;2022_56_16;tähänkin;1
1328;56/2022;2022_56_16;tämän;1
1328;56/2022;2022_56_16;tärkeitä;1
1328;56/2022;2022_56_16;tärkeä;2
1328;56/2022;2022_56_16;tässä;3
1328;56/2022;2022_56_16;tästä;1
1328;56/2022;2022_56_16;tää;1
1328;56/2022;2022_56_16;tään;1
1328;56/2022;2022_56_16;uhraukset;1
1328;56/2022;2022_56_16;ulkoista;1
1328;56/2022;2022_56_16;ulkopuolella;1
1328;56/2022;2022_56_16;uskoa;1
1328;56/2022;2022_56_16;uusiksi;3
1328;56/2022;2022_56_16;uutta;1
1328;56/2022;2022_56_16;vaan;1
1328;56/2022;2022_56_16;vaiheessa;1
1328;56/2022;2022_56_16;vaikutus;1
1328;56/2022;2022_56_16;vain;1
1328;56/2022;2022_56_16;valitettavan;1
1328;56/2022;2022_56_16;valtionjohdon;1
1328;56/2022;2022_56_16;venäjä;1
1328;56/2022;2022_56_16;venäjällä;1
1328;56/2022;2022_56_16;viedä;1
1328;56/2022;2022_56_16;vielä;2
1328;56/2022;2022_56_16;viemässä;1
1328;56/2022;2022_56_16;viestin;1
1328;56/2022;2022_56_16;voi;4
1328;56/2022;2022_56_16;voivat;1
1328;56/2022;2022_56_16;vuoden;1
1328;56/2022;2022_56_16;vuosikymmenien;1
1328;56/2022;2022_56_16;vähentää;1
1328;56/2022;2022_56_16;väinö;1
1328;56/2022;2022_56_16;yhdessä;2
1328;56/2022;2022_56_16;yhteistyö;1
1328;56/2022;2022_56_16;yhtenäisyys;1
1328;56/2022;2022_56_16;yhtenäisyyttä;1
1328;56/2022;2022_56_16;yhtää;1
1328;56/2022;2022_56_16;yksityiskohdat;1
1328;56/2022;2022_56_16;yleinen;1
1328;56/2022;2022_56_16;yleistä;1
1328;56/2022;2022_56_16;ylipäätään;1
1328;56/2022;2022_56_16;ylläpitää;1
1328;56/2022;2022_56_16;ymmärtäen;1
1328;56/2022;2022_56_16;ymmärtää;1
1328;56/2022;2022_56_16;yössä;2
1328;56/2022;2022_56_16;älä;1
1328;56/2022;2022_56_16;ärade;4
1328;56/2023;2023_56_27;aallon;1
1328;56/2023;2023_56_27;aikaa;1
1328;56/2023;2023_56_27;aikaisemmin;1
1328;56/2023;2023_56_27;aiotaan;1
1328;56/2023;2023_56_27;aivan;2
1328;56/2023;2023_56_27;alkaa;1
1328;56/2023;2023_56_27;aloittavaa;1
1328;56/2023;2023_56_27;antaa;1
1328;56/2023;2023_56_27;armeijasta;1
1328;56/2023;2023_56_27;arvioitu;1
1328;56/2023;2023_56_27;arvoisa;2
1328;56/2023;2023_56_27;belgia;1
1328;56/2023;2023_56_27;ei;4
1328;56/2023;2023_56_27;eli;1
1328;56/2023;2023_56_27;enemmänkin;1
1328;56/2023;2023_56_27;ensi;2
1328;56/2023;2023_56_27;ensimmäisen;1
1328;56/2023;2023_56_27;erittäin;1
1328;56/2023;2023_56_27;että;3
1328;56/2023;2023_56_27;eu;1
1328;56/2023;2023_56_27;eun;5
1328;56/2023;2023_56_27;heidät;1
1328;56/2023;2023_56_27;heistä;1
1328;56/2023;2023_56_27;herkut;1
1328;56/2023;2023_56_27;hoidetaan;2
1328;56/2023;2023_56_27;hoituvat;1
1328;56/2023;2023_56_27;hyvin;1
1328;56/2023;2023_56_27;hyvä;3
1328;56/2023;2023_56_27;hyödystä;1
1328;56/2023;2023_56_27;ilmeisesti;1
1328;56/2023;2023_56_27;iso;1
1328;56/2023;2023_56_27;isommalle;1
1328;56/2023;2023_56_27;ja;15
1328;56/2023;2023_56_27;johtaa;1
1328;56/2023;2023_56_27;jopa;1
1328;56/2023;2023_56_27;jos;1
1328;56/2023;2023_56_27;josta;1
1328;56/2023;2023_56_27;jotka;1
1328;56/2023;2023_56_27;joukkoja;2
1328;56/2023;2023_56_27;joukkojen;2
1328;56/2023;2023_56_27;joukoissa;1
1328;56/2023;2023_56_27;joukot;2
1328;56/2023;2023_56_27;julkista;1
1328;56/2023;2023_56_27;järjestää;1
1328;56/2023;2023_56_27;jäsenyyden;1
1328;56/2023;2023_56_27;jäsenyys;1
1328;56/2023;2023_56_27;kaatuu;1
1328;56/2023;2023_56_27;kaikki;3
1328;56/2023;2023_56_27;kannatamme;1
1328;56/2023;2023_56_27;kanssa;1
1328;56/2023;2023_56_27;kertaakaan;1
1328;56/2023;2023_56_27;keskustelua;2
1328;56/2023;2023_56_27;kiitos;1
1328;56/2023;2023_56_27;kokoamisesta;1
1328;56/2023;2023_56_27;koota;1
1328;56/2023;2023_56_27;korvaukset;1
1328;56/2023;2023_56_27;koskee;1
1328;56/2023;2023_56_27;koskemaan;1
1328;56/2023;2023_56_27;koulutetaan;1
1328;56/2023;2023_56_27;kriisinhallinnassa;1
1328;56/2023;2023_56_27;kriisinhallintatehtäviin;1
1328;56/2023;2023_56_27;kriisinhallintatehtävissä;1
1328;56/2023;2023_56_27;kun;2
1328;56/2023;2023_56_27;kuuluu;1
1328;56/2023;2023_56_27;kyllä;1
1328;56/2023;2023_56_27;kymmenessä;1
1328;56/2023;2023_56_27;kymmenkertainen;1
1328;56/2023;2023_56_27;kyse;1
1328;56/2023;2023_56_27;kyselemään;1
1328;56/2023;2023_56_27;kysymykselle;1
1328;56/2023;2023_56_27;kysymys;1
1328;56/2023;2023_56_27;käsky;1
1328;56/2023;2023_56_27;käy;1
1328;56/2023;2023_56_27;käydä;1
1328;56/2023;2023_56_27;käydään;1
1328;56/2023;2023_56_27;käyttänyt;1
1328;56/2023;2023_56_27;käyty;1
1328;56/2023;2023_56_27;käytännössä;1
1328;56/2023;2023_56_27;lainsäädäntöä;1
1328;56/2023;2023_56_27;lakimuutoksia;1
1328;56/2023;2023_56_27;lautaselle;1
1328;56/2023;2023_56_27;liian;3
1328;56/2023;2023_56_27;löytyykö;1
1328;56/2023;2023_56_27;madridissa;1
1328;56/2023;2023_56_27;mahdollisia;1
1328;56/2023;2023_56_27;maksetaan;1
1328;56/2023;2023_56_27;mennään;2
1328;56/2023;2023_56_27;mieluisat;1
1328;56/2023;2023_56_27;mikä;1
1328;56/2023;2023_56_27;mikään;1
1328;56/2023;2023_56_27;minkälaisia;1
1328;56/2023;2023_56_27;missä;1
1328;56/2023;2023_56_27;miten;5
1328;56/2023;2023_56_27;moniin;1
1328;56/2023;2023_56_27;muistaa;1
1328;56/2023;2023_56_27;mukana;2
1328;56/2023;2023_56_27;mutta;3
1328;56/2023;2023_56_27;muutos;1
1328;56/2023;2023_56_27;myös;3
1328;56/2023;2023_56_27;määrä;1
1328;56/2023;2023_56_27;nato;2
1328;56/2023;2023_56_27;nato-jäsentä;1
1328;56/2023;2023_56_27;naton;6
1328;56/2023;2023_56_27;niin;1
1328;56/2023;2023_56_27;nopean;7
1328;56/2023;2023_56_27;noukkimassa;1
1328;56/2023;2023_56_27;noutopöytä;1
1328;56/2023;2023_56_27;nyt;1
1328;56/2023;2023_56_27;oikeuksia;1
1328;56/2023;2023_56_27;ole;3
1328;56/2023;2023_56_27;olevan;1
1328;56/2023;2023_56_27;ollaan;1
1328;56/2023;2023_56_27;ollut;1
1328;56/2023;2023_56_27;omalla;1
1328;56/2023;2023_56_27;on;19
1328;56/2023;2023_56_27;osallistumassa;1
1328;56/2023;2023_56_27;osallistuminen;1
1328;56/2023;2023_56_27;osallistuu;1
1328;56/2023;2023_56_27;osalta;1
1328;56/2023;2023_56_27;osastoa;1
1328;56/2023;2023_56_27;osuuden;1
1328;56/2023;2023_56_27;ovat;2
1328;56/2023;2023_56_27;paljon;3
1328;56/2023;2023_56_27;paljonko;1
1328;56/2023;2023_56_27;pelkästä;1
1328;56/2023;2023_56_27;perusta;1
1328;56/2023;2023_56_27;perustuvasta;1
1328;56/2023;2023_56_27;pitää;1
1328;56/2023;2023_56_27;pohjan;1
1328;56/2023;2023_56_27;puhemies;2
1328;56/2023;2023_56_27;puhuttu;2
1328;56/2023;2023_56_27;puolesta;1
1328;56/2023;2023_56_27;puolustusvoimat;1
1328;56/2023;2023_56_27;päivässä;1
1328;56/2023;2023_56_27;päätös;2
1328;56/2023;2023_56_27;rahaa;1
1328;56/2023;2023_56_27;rakennetaan;1
1328;56/2023;2023_56_27;ranska;1
1328;56/2023;2023_56_27;reserviläisiin;1
1328;56/2023;2023_56_27;reserviläisiä;1
1328;56/2023;2023_56_27;reserviläisten;1
1328;56/2023;2023_56_27;rooli;1
1328;56/2023;2023_56_27;salaisesti;1
1328;56/2023;2023_56_27;se;4
1328;56/2023;2023_56_27;sekä;1
1328;56/2023;2023_56_27;sille;1
1328;56/2023;2023_56_27;silloin;4
1328;56/2023;2023_56_27;sitä;1
1328;56/2023;2023_56_27;sopimuksia;1
1328;56/2023;2023_56_27;sotilaallisiin;1
1328;56/2023;2023_56_27;sotilaan;1
1328;56/2023;2023_56_27;sotilaita;1
1328;56/2023;2023_56_27;sotilas;1
1328;56/2023;2023_56_27;sotilasliitto;1
1328;56/2023;2023_56_27;sotilasta;3
1328;56/2023;2023_56_27;suomalainen;1
1328;56/2023;2023_56_27;suomalaista;1
1328;56/2023;2023_56_27;suomalaisten;1
1328;56/2023;2023_56_27;suomea;1
1328;56/2023;2023_56_27;suomelle;1
1328;56/2023;2023_56_27;suomen;3
1328;56/2023;2023_56_27;suomessa;1
1328;56/2023;2023_56_27;suomi;3
1328;56/2023;2023_56_27;taas;1
1328;56/2023;2023_56_27;taistelujoukko;1
1328;56/2023;2023_56_27;taistelujoukkoihin;1
1328;56/2023;2023_56_27;taistelujoukoista;1
1328;56/2023;2023_56_27;taistelujoukosta;1
1328;56/2023;2023_56_27;taisteluosastoon;1
1328;56/2023;2023_56_27;talman;2
1328;56/2023;2023_56_27;tarvitaan;1
1328;56/2023;2023_56_27;tavoite;1
1328;56/2023;2023_56_27;tehtiin;1
1328;56/2023;2023_56_27;tehty;1
1328;56/2023;2023_56_27;tehtäviä;1
1328;56/2023;2023_56_27;tekemään;1
1328;56/2023;2023_56_27;toiminnan;7
1328;56/2023;2023_56_27;toimintaan;1
1328;56/2023;2023_56_27;tule;1
1328;56/2023;2023_56_27;tulee;1
1328;56/2023;2023_56_27;tulevat;1
1328;56/2023;2023_56_27;tuoretta;1
1328;56/2023;2023_56_27;tuskin;1
1328;56/2023;2023_56_27;tällaista;1
1328;56/2023;2023_56_27;tämä;3
1328;56/2023;2023_56_27;tärkeämmälle;1
1328;56/2023;2023_56_27;tästä;3
1328;56/2023;2023_56_27;tätä;1
1328;56/2023;2023_56_27;täydessä;1
1328;56/2023;2023_56_27;ulkomailla;1
1328;56/2023;2023_56_27;uusiin;1
1328;56/2023;2023_56_27;vaatii;1
1328;56/2023;2023_56_27;vaatimaan;1
1328;56/2023;2023_56_27;vaikka;1
1328;56/2023;2023_56_27;vain;1
1328;56/2023;2023_56_27;valmistelemassa;1
1328;56/2023;2023_56_27;valmistelua;1
1328;56/2023;2023_56_27;valmiudessa;1
1328;56/2023;2023_56_27;valmiusjoukoille;1
1328;56/2023;2023_56_27;valmiutta;1
1328;56/2023;2023_56_27;vapaaehtoisia;1
1328;56/2023;2023_56_27;varmasti;1
1328;56/2023;2023_56_27;varusmiehiä;1
1328;56/2023;2023_56_27;vastuisiin;1
1328;56/2023;2023_56_27;velvoittaa;1
1328;56/2023;2023_56_27;velvollisuuksia;1
1328;56/2023;2023_56_27;viimeistään;1
1328;56/2023;2023_56_27;vuonna;2
1328;56/2023;2023_56_27;vuonnakaan;1
1328;56/2023;2023_56_27;vuorollaan;1
1328;56/2023;2023_56_27;vähän;2
1328;56/2023;2023_56_27;yhteensä;1
1328;56/2023;2023_56_27;ymmärrettävä;1
1328;56/2023;2023_56_27;ärade;2
1328;57/2020;2020_57_11;aika;1
1328;57/2020;2020_57_11;aivan;1
1328;57/2020;2020_57_11;ajaa;1
1328;57/2020;2020_57_11;ajelehdimme;1
1328;57/2020;2020_57_11;alla;1
1328;57/2020;2020_57_11;alvimaksuja;1
1328;57/2020;2020_57_11;arpa;1
1328;57/2020;2020_57_11;arvoisa;2
1328;57/2020;2020_57_11;asiasta;1
1328;57/2020;2020_57_11;asti;1
1328;57/2020;2020_57_11;auttaa;1
1328;57/2020;2020_57_11;auttaisivat;1
1328;57/2020;2020_57_11;budjetteja;1
1328;57/2020;2020_57_11;edellytyksillä;1
1328;57/2020;2020_57_11;edes;1
1328;57/2020;2020_57_11;ei;8
1328;57/2020;2020_57_11;eivät;1
1328;57/2020;2020_57_11;elämme;1
1328;57/2020;2020_57_11;emme;1
1328;57/2020;2020_57_11;enemmän;1
1328;57/2020;2020_57_11;ensimmäiselle;1
1328;57/2020;2020_57_11;epäreiluuden;1
1328;57/2020;2020_57_11;erikoisliikkeitä;1
1328;57/2020;2020_57_11;esimerkiksi;3
1328;57/2020;2020_57_11;esimerkki;1
1328;57/2020;2020_57_11;eteenpäin;2
1328;57/2020;2020_57_11;etenkin;1
1328;57/2020;2020_57_11;että;8
1328;57/2020;2020_57_11;euroa;3
1328;57/2020;2020_57_11;euron;1
1328;57/2020;2020_57_11;hakua;1
1328;57/2020;2020_57_11;hallitus;7
1328;57/2020;2020_57_11;hallitusohjelmaan;1
1328;57/2020;2020_57_11;haluan;1
1328;57/2020;2020_57_11;halvalla;1
1328;57/2020;2020_57_11;harteilla;1
1328;57/2020;2020_57_11;helpota;1
1328;57/2020;2020_57_11;hengen;3
1328;57/2020;2020_57_11;henkilökohtainen;1
1328;57/2020;2020_57_11;hetkeksi;1
1328;57/2020;2020_57_11;hotelleja;1
1328;57/2020;2020_57_11;huikea;1
1328;57/2020;2020_57_11;hukattu;1
1328;57/2020;2020_57_11;huolta;1
1328;57/2020;2020_57_11;huoltovarmuuden;1
1328;57/2020;2020_57_11;hyvä;1
1328;57/2020;2020_57_11;hyvälle;1
1328;57/2020;2020_57_11;hämmentäviä;1
1328;57/2020;2020_57_11;ihmisiä;1
1328;57/2020;2020_57_11;isompi;1
1328;57/2020;2020_57_11;isossa-britanniassa;1
1328;57/2020;2020_57_11;isot;1
1328;57/2020;2020_57_11;itsestään;1
1328;57/2020;2020_57_11;ja;14
1328;57/2020;2020_57_11;jaetaan;1
1328;57/2020;2020_57_11;jakoperusteet;1
1328;57/2020;2020_57_11;jaossa;1
1328;57/2020;2020_57_11;jatkaa;1
1328;57/2020;2020_57_11;jo;1
1328;57/2020;2020_57_11;joilla;1
1328;57/2020;2020_57_11;joita;1
1328;57/2020;2020_57_11;joka;1
1328;57/2020;2020_57_11;jonka;1
1328;57/2020;2020_57_11;jos;3
1328;57/2020;2020_57_11;jossa;1
1328;57/2020;2020_57_11;jotain;1
1328;57/2020;2020_57_11;jotka;2
1328;57/2020;2020_57_11;julkinen;1
1328;57/2020;2020_57_11;julkiselle;1
1328;57/2020;2020_57_11;julkisen;3
1328;57/2020;2020_57_11;juuri;5
1328;57/2020;2020_57_11;jälkimmäiselle;1
1328;57/2020;2020_57_11;jälkimmäistä;1
1328;57/2020;2020_57_11;jälkivalvonta;1
1328;57/2020;2020_57_11;jälleen;1
1328;57/2020;2020_57_11;jää;2
1328;57/2020;2020_57_11;kaatumaan;1
1328;57/2020;2020_57_11;kaatumassa;1
1328;57/2020;2020_57_11;kaihertamaan;1
1328;57/2020;2020_57_11;kaiken;1
1328;57/2020;2020_57_11;kaikenlaisille;1
1328;57/2020;2020_57_11;kaikki;1
1328;57/2020;2020_57_11;kannalta;2
1328;57/2020;2020_57_11;kansaa;1
1328;57/2020;2020_57_11;kanssa;1
1328;57/2020;2020_57_11;kasvuyrittäjät;1
1328;57/2020;2020_57_11;katkeruuden;1
1328;57/2020;2020_57_11;kehitellä;1
1328;57/2020;2020_57_11;kehityshanke;1
1328;57/2020;2020_57_11;kehitystuen;1
1328;57/2020;2020_57_11;kerrannaisvaikutus;1
1328;57/2020;2020_57_11;keskeisiä;1
1328;57/2020;2020_57_11;kevennetään;1
1328;57/2020;2020_57_11;kiinni;1
1328;57/2020;2020_57_11;kiinteiden;1
1328;57/2020;2020_57_11;kiireellä;1
1328;57/2020;2020_57_11;kirjattuja;1
1328;57/2020;2020_57_11;kokoisille;1
1328;57/2020;2020_57_11;konkurssi;1
1328;57/2020;2020_57_11;konkurssilainsäädäntöön;1
1328;57/2020;2020_57_11;konsultilta;1
1328;57/2020;2020_57_11;koronan;1
1328;57/2020;2020_57_11;koskee;1
1328;57/2020;2020_57_11;kuin;4
1328;57/2020;2020_57_11;kulujen;1
1328;57/2020;2020_57_11;kunnianhimoisen;1
1328;57/2020;2020_57_11;kunnon;1
1328;57/2020;2020_57_11;kunnossa;1
1328;57/2020;2020_57_11;kuten;3
1328;57/2020;2020_57_11;kuuloinen;1
1328;57/2020;2020_57_11;kuussa;1
1328;57/2020;2020_57_11;kykyä;1
1328;57/2020;2020_57_11;kyse;1
1328;57/2020;2020_57_11;käyttöä;1
1328;57/2020;2020_57_11;lainaa;1
1328;57/2020;2020_57_11;laki;1
1328;57/2020;2020_57_11;lasku;1
1328;57/2020;2020_57_11;leijumaan;1
1328;57/2020;2020_57_11;leikannut;1
1328;57/2020;2020_57_11;lepää;1
1328;57/2020;2020_57_11;liian;1
1328;57/2020;2020_57_11;liike;1
1328;57/2020;2020_57_11;liikevaihto;1
1328;57/2020;2020_57_11;liukuhihnalta;1
1328;57/2020;2020_57_11;lomautusuhan;1
1328;57/2020;2020_57_11;lopulla;1
1328;57/2020;2020_57_11;luvun;1
1328;57/2020;2020_57_11;lähetä;1
1328;57/2020;2020_57_11;lähiaikoina;1
1328;57/2020;2020_57_11;mahdolliseksi;1
1328;57/2020;2020_57_11;mahdollisuuksiin;1
1328;57/2020;2020_57_11;maksamaan;1
1328;57/2020;2020_57_11;massiivinen;1
1328;57/2020;2020_57_11;matkailualan;1
1328;57/2020;2020_57_11;me;1
1328;57/2020;2020_57_11;meidän;2
1328;57/2020;2020_57_11;menolisäyksiä;1
1328;57/2020;2020_57_11;mikä;1
1328;57/2020;2020_57_11;millaisilla;1
1328;57/2020;2020_57_11;ministeri;1
1328;57/2020;2020_57_11;mitään;1
1328;57/2020;2020_57_11;muiden;1
1328;57/2020;2020_57_11;muistuttaa;1
1328;57/2020;2020_57_11;muita;1
1328;57/2020;2020_57_11;muokkaavat;1
1328;57/2020;2020_57_11;murroksessa;1
1328;57/2020;2020_57_11;murusia;1
1328;57/2020;2020_57_11;mutta;1
1328;57/2020;2020_57_11;muustakin;1
1328;57/2020;2020_57_11;muut;1
1328;57/2020;2020_57_11;muutaman;2
1328;57/2020;2020_57_11;muuten;1
1328;57/2020;2020_57_11;myönnettyjen;1
1328;57/2020;2020_57_11;myös;2
1328;57/2020;2020_57_11;määrä;1
1328;57/2020;2020_57_11;ne;2
1328;57/2020;2020_57_11;niiden;2
1328;57/2020;2020_57_11;niin;1
1328;57/2020;2020_57_11;niinkään;1
1328;57/2020;2020_57_11;niitä;1
1328;57/2020;2020_57_11;nopeasti;1
1328;57/2020;2020_57_11;normaalia;1
1328;57/2020;2020_57_11;nyt;6
1328;57/2020;2020_57_11;nähneet;1
1328;57/2020;2020_57_11;näiden;1
1328;57/2020;2020_57_11;näyttää;2
1328;57/2020;2020_57_11;oikea;1
1328;57/2020;2020_57_11;oikeusturvan;1
1328;57/2020;2020_57_11;ole;2
1328;57/2020;2020_57_11;olemaan;1
1328;57/2020;2020_57_11;olennaisia;1
1328;57/2020;2020_57_11;olennaisin;1
1328;57/2020;2020_57_11;olettaa;1
1328;57/2020;2020_57_11;olevien;1
1328;57/2020;2020_57_11;olisi;1
1328;57/2020;2020_57_11;olla;2
1328;57/2020;2020_57_11;olleet;1
1328;57/2020;2020_57_11;ollut;1
1328;57/2020;2020_57_11;on;11
1328;57/2020;2020_57_11;oppivelvollisuuden;1
1328;57/2020;2020_57_11;osa;1
1328;57/2020;2020_57_11;osoittaa;1
1328;57/2020;2020_57_11;osta;1
1328;57/2020;2020_57_11;ostaa;1
1328;57/2020;2020_57_11;ovat;5
1328;57/2020;2020_57_11;painivia;1
1328;57/2020;2020_57_11;pakottanut;1
1328;57/2020;2020_57_11;pakotti;1
1328;57/2020;2020_57_11;palauttamaan;1
1328;57/2020;2020_57_11;paljon;1
1328;57/2020;2020_57_11;palkkoja;1
1328;57/2020;2020_57_11;parkkisakkoja;1
1328;57/2020;2020_57_11;perusedellytys;1
1328;57/2020;2020_57_11;pidentämistä;1
1328;57/2020;2020_57_11;pidä;1
1328;57/2020;2020_57_11;pienet;1
1328;57/2020;2020_57_11;pieni;1
1328;57/2020;2020_57_11;pieniä;1
1328;57/2020;2020_57_11;pikavauhtia;1
1328;57/2020;2020_57_11;pilvi;1
1328;57/2020;2020_57_11;pitäisi;3
1328;57/2020;2020_57_11;pitää;2
1328;57/2020;2020_57_11;poikkeuksellisen;1
1328;57/2020;2020_57_11;pois;1
1328;57/2020;2020_57_11;poistamaan;1
1328;57/2020;2020_57_11;porukasta;1
1328;57/2020;2020_57_11;puhemies;2
1328;57/2020;2020_57_11;puuttua;1
1328;57/2020;2020_57_11;rahasta;1
1328;57/2020;2020_57_11;raportointivelvollisuus;1
1328;57/2020;2020_57_11;ratkaisut;1
1328;57/2020;2020_57_11;ravintolat;1
1328;57/2020;2020_57_11;ravintolayrittäjille;1
1328;57/2020;2020_57_11;ravintoloita;1
1328;57/2020;2020_57_11;ruotsissa;2
1328;57/2020;2020_57_11;räikein;1
1328;57/2020;2020_57_11;saa;2
1328;57/2020;2020_57_11;saaneet;2
1328;57/2020;2020_57_11;saatavaa;1
1328;57/2020;2020_57_11;saavat;1
1328;57/2020;2020_57_11;saksassa;1
1328;57/2020;2020_57_11;samalla;1
1328;57/2020;2020_57_11;se;2
1328;57/2020;2020_57_11;sekä;1
1328;57/2020;2020_57_11;selkeän;1
1328;57/2020;2020_57_11;sellainen;1
1328;57/2020;2020_57_11;sellaisia;2
1328;57/2020;2020_57_11;sellaisten;1
1328;57/2020;2020_57_11;selvitys;1
1328;57/2020;2020_57_11;selvää;1
1328;57/2020;2020_57_11;sen;1
1328;57/2020;2020_57_11;seurauksena;1
1328;57/2020;2020_57_11;sidottu;1
1328;57/2020;2020_57_11;siitä;1
1328;57/2020;2020_57_11;sijaan;1
1328;57/2020;2020_57_11;sijoittajat;1
1328;57/2020;2020_57_11;siksi;2
1328;57/2020;2020_57_11;silti;1
1328;57/2020;2020_57_11;siltä;2
1328;57/2020;2020_57_11;sitä;3
1328;57/2020;2020_57_11;sopivalta;1
1328;57/2020;2020_57_11;sopivan;1
1328;57/2020;2020_57_11;suomalaisen;1
1328;57/2020;2020_57_11;suomessa;1
1328;57/2020;2020_57_11;suomesta;1
1328;57/2020;2020_57_11;suoraan;1
1328;57/2020;2020_57_11;suosta;1
1328;57/2020;2020_57_11;suostunut;2
1328;57/2020;2020_57_11;suunnitelmaan;1
1328;57/2020;2020_57_11;suunnitelmia;1
1328;57/2020;2020_57_11;suunnitteilla;1
1328;57/2020;2020_57_11;taas;1
1328;57/2020;2020_57_11;tai;4
1328;57/2020;2020_57_11;talman;1
1328;57/2020;2020_57_11;taloudelle;1
1328;57/2020;2020_57_11;talouden;3
1328;57/2020;2020_57_11;talous;1
1328;57/2020;2020_57_11;tanskassa;1
1328;57/2020;2020_57_11;tapamme;1
1328;57/2020;2020_57_11;tapauksessa;1
1328;57/2020;2020_57_11;tapoja;1
1328;57/2020;2020_57_11;tappio;1
1328;57/2020;2020_57_11;tarjoamista;1
1328;57/2020;2020_57_11;tarjottu;1
1328;57/2020;2020_57_11;tarvitsemme;2
1328;57/2020;2020_57_11;tasapainottamista;1
1328;57/2020;2020_57_11;tavallisen;1
1328;57/2020;2020_57_11;tavallisia;1
1328;57/2020;2020_57_11;tehdä;2
1328;57/2020;2020_57_11;tehtävät;1
1328;57/2020;2020_57_11;tekijä;1
1328;57/2020;2020_57_11;teollisuussijoituksen;1
1328;57/2020;2020_57_11;terve;1
1328;57/2020;2020_57_11;tiekartan;1
1328;57/2020;2020_57_11;tietysti;1
1328;57/2020;2020_57_11;tietävät;1
1328;57/2020;2020_57_11;tili;1
1328;57/2020;2020_57_11;toimia;1
1328;57/2020;2020_57_11;toimilla;2
1328;57/2020;2020_57_11;toimiva;1
1328;57/2020;2020_57_11;toistaiseksi;1
1328;57/2020;2020_57_11;tuen;1
1328;57/2020;2020_57_11;tuhansia;1
1328;57/2020;2020_57_11;tuki;1
1328;57/2020;2020_57_11;tukia;1
1328;57/2020;2020_57_11;tulee;3
1328;57/2020;2020_57_11;tulevaisuuteen;1
1328;57/2020;2020_57_11;tulevia;1
1328;57/2020;2020_57_11;tuo;1
1328;57/2020;2020_57_11;tuore;1
1328;57/2020;2020_57_11;tuotekehitystukea;1
1328;57/2020;2020_57_11;tyhjä;1
1328;57/2020;2020_57_11;työllistäviä;1
1328;57/2020;2020_57_11;työllistävät;2
1328;57/2020;2020_57_11;työnantajamaksuja;1
1328;57/2020;2020_57_11;työntekijä;1
1328;57/2020;2020_57_11;työntekijämäärään;1
1328;57/2020;2020_57_11;työntekijöiden;1
1328;57/2020;2020_57_11;työpaikkojen;1
1328;57/2020;2020_57_11;tähän;1
1328;57/2020;2020_57_11;tällainen;1
1328;57/2020;2020_57_11;tämänhetkisillä;1
1328;57/2020;2020_57_11;tässäkin;1
1328;57/2020;2020_57_11;tästä;1
1328;57/2020;2020_57_11;uhkana;1
1328;57/2020;2020_57_11;ulkomaalaiset;1
1328;57/2020;2020_57_11;vaalikauden;1
1328;57/2020;2020_57_11;vaatii;1
1328;57/2020;2020_57_11;vaikeasti;1
1328;57/2020;2020_57_11;vaikuttaa;1
1328;57/2020;2020_57_11;vain;3
1328;57/2020;2020_57_11;valtiolta;1
1328;57/2020;2020_57_11;valtion;1
1328;57/2020;2020_57_11;valvotaan;1
1328;57/2020;2020_57_11;varmasti;1
1328;57/2020;2020_57_11;varmistua;1
1328;57/2020;2020_57_11;varsinkin;1
1328;57/2020;2020_57_11;vastustavat;1
1328;57/2020;2020_57_11;veronmaksajien;1
1328;57/2020;2020_57_11;vielä;1
1328;57/2020;2020_57_11;viisinumeroinen;1
1328;57/2020;2020_57_11;virheet;1
1328;57/2020;2020_57_11;voidaan;1
1328;57/2020;2020_57_11;vuodessa;1
1328;57/2020;2020_57_11;vuokranalennuksiin;1
1328;57/2020;2020_57_11;vuokranantajia;1
1328;57/2020;2020_57_11;vuokrien;1
1328;57/2020;2020_57_11;vuosikausiksi;1
1328;57/2020;2020_57_11;vuosikymmen;1
1328;57/2020;2020_57_11;väkisin;1
1328;57/2020;2020_57_11;välttääksemme;1
1328;57/2020;2020_57_11;yhden;2
1328;57/2020;2020_57_11;yksi;2
1328;57/2020;2020_57_11;yksinyrittäjät;1
1328;57/2020;2020_57_11;ylipäätänsä;1
1328;57/2020;2020_57_11;ylös;1
1328;57/2020;2020_57_11;ympärillä;1
1328;57/2020;2020_57_11;yrittäjien;2
1328;57/2020;2020_57_11;yrittäjiä;1
1328;57/2020;2020_57_11;yrittäjän;1
1328;57/2020;2020_57_11;yrittäjäsukupolven;1
1328;57/2020;2020_57_11;yritykset;4
1328;57/2020;2020_57_11;yrityksille;2
1328;57/2020;2020_57_11;yrityksiä;4
1328;57/2020;2020_57_11;yritys;1
1328;57/2020;2020_57_11;yrityskenttä;1
1328;57/2020;2020_57_11;yritystukimiljoonien;1
1328;57/2020;2020_57_11;ärade;1
1328;58/2021;2021_58_24;aikaan;1
1328;58/2021;2021_58_24;aina;1
1328;58/2021;2021_58_24;aitoja;1
1328;58/2021;2021_58_24;ajan;1
1328;58/2021;2021_58_24;alas;1
1328;58/2021;2021_58_24;alkaa;1
1328;58/2021;2021_58_24;alkukustannuksiin;1
1328;58/2021;2021_58_24;aloittaa;1
1328;58/2021;2021_58_24;annettiin;1
1328;58/2021;2021_58_24;ansiotuloista;1
1328;58/2021;2021_58_24;antaa;1
1328;58/2021;2021_58_24;antoi;1
1328;58/2021;2021_58_24;arvoisa;3
1328;58/2021;2021_58_24;asia;2
1328;58/2021;2021_58_24;bensan;2
1328;58/2021;2021_58_24;byrokratiaa;1
1328;58/2021;2021_58_24;eduskuntavaalien;1
1328;58/2021;2021_58_24;een;1
1328;58/2021;2021_58_24;ehditty;1
1328;58/2021;2021_58_24;ehdottoman;1
1328;58/2021;2021_58_24;ehdotus;1
1328;58/2021;2021_58_24;ei;11
1328;58/2021;2021_58_24;eihän;1
1328;58/2021;2021_58_24;eikä;1
1328;58/2021;2021_58_24;eikö;1
1328;58/2021;2021_58_24;eli;3
1328;58/2021;2021_58_24;enemmän;2
1328;58/2021;2021_58_24;enempää;1
1328;58/2021;2021_58_24;eniten;1
1328;58/2021;2021_58_24;ennen;1
1328;58/2021;2021_58_24;entistä;1
1328;58/2021;2021_58_24;erikoissairaanhoito;1
1328;58/2021;2021_58_24;esimerkiksi;3
1328;58/2021;2021_58_24;ettei;2
1328;58/2021;2021_58_24;että;3
1328;58/2021;2021_58_24;eun;2
1328;58/2021;2021_58_24;euroa;2
1328;58/2021;2021_58_24;euron;1
1328;58/2021;2021_58_24;hallintoa;1
1328;58/2021;2021_58_24;hallituksella;1
1328;58/2021;2021_58_24;hallitus;1
1328;58/2021;2021_58_24;hallitusta;1
1328;58/2021;2021_58_24;hallitusten;1
1328;58/2021;2021_58_24;hankinnat;1
1328;58/2021;2021_58_24;hankinnoista;1
1328;58/2021;2021_58_24;heikoin;1
1328;58/2021;2021_58_24;helsingin;1
1328;58/2021;2021_58_24;herätystä;1
1328;58/2021;2021_58_24;hiilineutraali;1
1328;58/2021;2021_58_24;hinnasta;1
1328;58/2021;2021_58_24;hinta;2
1328;58/2021;2021_58_24;hintaa;1
1328;58/2021;2021_58_24;hoitoon;1
1328;58/2021;2021_58_24;hokeneet;1
1328;58/2021;2021_58_24;hosuminen;1
1328;58/2021;2021_58_24;huonompaan;1
1328;58/2021;2021_58_24;huonosti;1
1328;58/2021;2021_58_24;ihmeen;1
1328;58/2021;2021_58_24;ilmastonmuutoksen;1
1328;58/2021;2021_58_24;insinöörien;1
1328;58/2021;2021_58_24;isäntää;1
1328;58/2021;2021_58_24;ja;23
1328;58/2021;2021_58_24;jatkossa;1
1328;58/2021;2021_58_24;jatkua;1
1328;58/2021;2021_58_24;jo;1
1328;58/2021;2021_58_24;johti;1
1328;58/2021;2021_58_24;joka;1
1328;58/2021;2021_58_24;jolla;1
1328;58/2021;2021_58_24;jonoja;1
1328;58/2021;2021_58_24;jos;1
1328;58/2021;2021_58_24;julkinen;1
1328;58/2021;2021_58_24;julkisella;1
1328;58/2021;2021_58_24;julkisen;1
1328;58/2021;2021_58_24;julkiset;2
1328;58/2021;2021_58_24;kaiken;1
1328;58/2021;2021_58_24;kaikilla;1
1328;58/2021;2021_58_24;kaikki;1
1328;58/2021;2021_58_24;kalliiksi;1
1328;58/2021;2021_58_24;kalliimpaa;1
1328;58/2021;2021_58_24;kannattaa;1
1328;58/2021;2021_58_24;kannustaa;1
1328;58/2021;2021_58_24;kansa;1
1328;58/2021;2021_58_24;kasvua;1
1328;58/2021;2021_58_24;katoavat;1
1328;58/2021;2021_58_24;kaupan;1
1328;58/2021;2021_58_24;kaupunki;1
1328;58/2021;2021_58_24;kehyksissä;2
1328;58/2021;2021_58_24;kehysriihessä;2
1328;58/2021;2021_58_24;kenelläkään;1
1328;58/2021;2021_58_24;kepu;2
1328;58/2021;2021_58_24;kerää;1
1328;58/2021;2021_58_24;keskittyä;1
1328;58/2021;2021_58_24;keskittämisellä;1
1328;58/2021;2021_58_24;keskusta;1
1328;58/2021;2021_58_24;keventämisestä;1
1328;58/2021;2021_58_24;kiinnostanut;1
1328;58/2021;2021_58_24;kiire;3
1328;58/2021;2021_58_24;kiireellä;1
1328;58/2021;2021_58_24;kipeitä;1
1328;58/2021;2021_58_24;kokemusta;1
1328;58/2021;2021_58_24;kokonaiskustannukset;1
1328;58/2021;2021_58_24;kokoomuksen;1
1328;58/2021;2021_58_24;kompensaatiota;1
1328;58/2021;2021_58_24;konkurssissa;1
1328;58/2021;2021_58_24;korjata;1
1328;58/2021;2021_58_24;koronaa;1
1328;58/2021;2021_58_24;koronan;1
1328;58/2021;2021_58_24;koroteta;1
1328;58/2021;2021_58_24;korottaa;1
1328;58/2021;2021_58_24;kovalla;1
1328;58/2021;2021_58_24;kovin;1
1328;58/2021;2021_58_24;kuin;2
1328;58/2021;2021_58_24;kuinka;2
1328;58/2021;2021_58_24;kuitenkaan;1
1328;58/2021;2021_58_24;kukaan;1
1328;58/2021;2021_58_24;kunnianhimoisin;1
1328;58/2021;2021_58_24;kunnille;1
1328;58/2021;2021_58_24;kunnissa;1
1328;58/2021;2021_58_24;kunnista;2
1328;58/2021;2021_58_24;kunnossa;1
1328;58/2021;2021_58_24;kunta;1
1328;58/2021;2021_58_24;kuntia;1
1328;58/2021;2021_58_24;kuntien;2
1328;58/2021;2021_58_24;kuntoon;2
1328;58/2021;2021_58_24;kuuluu;1
1328;58/2021;2021_58_24;kuusi;1
1328;58/2021;2021_58_24;kyllä;1
1328;58/2021;2021_58_24;kymmenen;1
1328;58/2021;2021_58_24;kysymys;1
1328;58/2021;2021_58_24;kättä;1
1328;58/2021;2021_58_24;käyttävät;1
1328;58/2021;2021_58_24;köyhiä;1
1328;58/2021;2021_58_24;laittaa;1
1328;58/2021;2021_58_24;laskun;1
1328;58/2021;2021_58_24;liian;1
1328;58/2021;2021_58_24;liike;1
1328;58/2021;2021_58_24;lisää;5
1328;58/2021;2021_58_24;lähti;1
1328;58/2021;2021_58_24;lämmintä;1
1328;58/2021;2021_58_24;lääkäri;1
1328;58/2021;2021_58_24;maailman;2
1328;58/2021;2021_58_24;maakunnat;1
1328;58/2021;2021_58_24;maan;1
1328;58/2021;2021_58_24;maksaa;1
1328;58/2021;2021_58_24;maksukykyiset;1
1328;58/2021;2021_58_24;marin;1
1328;58/2021;2021_58_24;markkinoiden;1
1328;58/2021;2021_58_24;matalin;1
1328;58/2021;2021_58_24;meidän;1
1328;58/2021;2021_58_24;meille;1
1328;58/2021;2021_58_24;meillä;4
1328;58/2021;2021_58_24;menetyksiin;1
1328;58/2021;2021_58_24;menevät;1
1328;58/2021;2021_58_24;mennä;1
1328;58/2021;2021_58_24;menoa;1
1328;58/2021;2021_58_24;mielestä;1
1328;58/2021;2021_58_24;mihin;2
1328;58/2021;2021_58_24;mikä;2
1328;58/2021;2021_58_24;miljardia;4
1328;58/2021;2021_58_24;miljardin;1
1328;58/2021;2021_58_24;miljoonaa;2
1328;58/2021;2021_58_24;miljoonan;2
1328;58/2021;2021_58_24;ministerit;2
1328;58/2021;2021_58_24;minkä;2
1328;58/2021;2021_58_24;mitä;3
1328;58/2021;2021_58_24;mitään;3
1328;58/2021;2021_58_24;muistanut;1
1328;58/2021;2021_58_24;mutta;5
1328;58/2021;2021_58_24;muut;1
1328;58/2021;2021_58_24;muutoksia;1
1328;58/2021;2021_58_24;muuttaa;1
1328;58/2021;2021_58_24;määrää;1
1328;58/2021;2021_58_24;niin;1
1328;58/2021;2021_58_24;nimittäin;1
1328;58/2021;2021_58_24;nostamme;1
1328;58/2021;2021_58_24;nousee;1
1328;58/2021;2021_58_24;nousemaan;1
1328;58/2021;2021_58_24;nousivat;1
1328;58/2021;2021_58_24;nykyisellä;1
1328;58/2021;2021_58_24;nyt;3
1328;58/2021;2021_58_24;näin;2
1328;58/2021;2021_58_24;näkyy;1
1328;58/2021;2021_58_24;oikeasti;1
1328;58/2021;2021_58_24;ole;5
1328;58/2021;2021_58_24;oli;2
1328;58/2021;2021_58_24;olisi;1
1328;58/2021;2021_58_24;olla;2
1328;58/2021;2021_58_24;on;16
1328;58/2021;2021_58_24;onni;1
1328;58/2021;2021_58_24;osa;1
1328;58/2021;2021_58_24;osaamisella;1
1328;58/2021;2021_58_24;ostamisen;1
1328;58/2021;2021_58_24;otamme;1
1328;58/2021;2021_58_24;otetaan;3
1328;58/2021;2021_58_24;ottavat;1
1328;58/2021;2021_58_24;ovat;2
1328;58/2021;2021_58_24;paikallista;1
1328;58/2021;2021_58_24;paljon;3
1328;58/2021;2021_58_24;paljonko;1
1328;58/2021;2021_58_24;palvelua;1
1328;58/2021;2021_58_24;parasta;1
1328;58/2021;2021_58_24;paremmalla;1
1328;58/2021;2021_58_24;parempaa;2
1328;58/2021;2021_58_24;pettävän;1
1328;58/2021;2021_58_24;pian;1
1328;58/2021;2021_58_24;piti;2
1328;58/2021;2021_58_24;pitkiä;1
1328;58/2021;2021_58_24;pitäisi;2
1328;58/2021;2021_58_24;pitää;4
1328;58/2021;2021_58_24;pohjan;1
1328;58/2021;2021_58_24;pohjoismaista;1
1328;58/2021;2021_58_24;polttoaineiden;1
1328;58/2021;2021_58_24;prosentissa;1
1328;58/2021;2021_58_24;prosentista;1
1328;58/2021;2021_58_24;prosenttia;3
1328;58/2021;2021_58_24;pudotettiin;1
1328;58/2021;2021_58_24;puhemies;3
1328;58/2021;2021_58_24;puhu;1
1328;58/2021;2021_58_24;puhuu;1
1328;58/2021;2021_58_24;puolet;1
1328;58/2021;2021_58_24;puolitoista;1
1328;58/2021;2021_58_24;putiikkimme;1
1328;58/2021;2021_58_24;pysytty;1
1328;58/2021;2021_58_24;päälle;3
1328;58/2021;2021_58_24;päästökaupan;1
1328;58/2021;2021_58_24;päästökauppakompensaationsa;1
1328;58/2021;2021_58_24;päätökset;1
1328;58/2021;2021_58_24;päätöksiä;1
1328;58/2021;2021_58_24;rahaa;2
1328;58/2021;2021_58_24;rahalla;1
1328;58/2021;2021_58_24;rakennetaan;2
1328;58/2021;2021_58_24;rakentaa;1
1328;58/2021;2021_58_24;rakenteita;1
1328;58/2021;2021_58_24;ratkaisuja;1
1328;58/2021;2021_58_24;rauhassa;1
1328;58/2021;2021_58_24;riiheen;2
1328;58/2021;2021_58_24;riitelee;1
1328;58/2021;2021_58_24;riittävä;1
1328;58/2021;2021_58_24;rikki;1
1328;58/2021;2021_58_24;ruotsin;2
1328;58/2021;2021_58_24;saa;1
1328;58/2021;2021_58_24;saarikko;1
1328;58/2021;2021_58_24;sai;2
1328;58/2021;2021_58_24;saisi;1
1328;58/2021;2021_58_24;saivat;1
1328;58/2021;2021_58_24;saksa;1
1328;58/2021;2021_58_24;sallimassa;1
1328;58/2021;2021_58_24;sama;1
1328;58/2021;2021_58_24;samaan;1
1328;58/2021;2021_58_24;sanoa;1
1328;58/2021;2021_58_24;sdp;1
1328;58/2021;2021_58_24;se;4
1328;58/2021;2021_58_24;seitsemänkertaisesti;1
1328;58/2021;2021_58_24;sellaista;1
1328;58/2021;2021_58_24;selväksi;1
1328;58/2021;2021_58_24;sen;1
1328;58/2021;2021_58_24;seuraavien;1
1328;58/2021;2021_58_24;siihen;2
1328;58/2021;2021_58_24;siinä;2
1328;58/2021;2021_58_24;siirretään;1
1328;58/2021;2021_58_24;siitä;2
1328;58/2021;2021_58_24;siksi;1
1328;58/2021;2021_58_24;sitten;1
1328;58/2021;2021_58_24;sitä;1
1328;58/2021;2021_58_24;sopeutusohjelmasta;1
1328;58/2021;2021_58_24;sopimista;1
1328;58/2021;2021_58_24;sosiaalimenot;1
1328;58/2021;2021_58_24;sosialismin;1
1328;58/2021;2021_58_24;sote-uudistuksen;1
1328;58/2021;2021_58_24;sote-uudistusta;1
1328;58/2021;2021_58_24;sotesta;1
1328;58/2021;2021_58_24;sovittiin;1
1328;58/2021;2021_58_24;suljetaan;1
1328;58/2021;2021_58_24;summa;1
1328;58/2021;2021_58_24;suomella;1
1328;58/2021;2021_58_24;suomen;1
1328;58/2021;2021_58_24;suomi;1
1328;58/2021;2021_58_24;suunnitella;1
1328;58/2021;2021_58_24;suuntaa;1
1328;58/2021;2021_58_24;suurimmat;1
1328;58/2021;2021_58_24;suurin;1
1328;58/2021;2021_58_24;sähkö;1
1328;58/2021;2021_58_24;sähköveron;1
1328;58/2021;2021_58_24;säätytalolla;1
1328;58/2021;2021_58_24;takia;2
1328;58/2021;2021_58_24;talman;3
1328;58/2021;2021_58_24;talouden;1
1328;58/2021;2021_58_24;talous;2
1328;58/2021;2021_58_24;tarvitse;2
1328;58/2021;2021_58_24;tarvitsee;1
1328;58/2021;2021_58_24;tarvittavat;1
1328;58/2021;2021_58_24;tasapainottamiseen;1
1328;58/2021;2021_58_24;tavoite;3
1328;58/2021;2021_58_24;tavoittein;1
1328;58/2021;2021_58_24;teemme;1
1328;58/2021;2021_58_24;tehdä;3
1328;58/2021;2021_58_24;tehnyt;1
1328;58/2021;2021_58_24;tehokkaampaa;1
1328;58/2021;2021_58_24;tehtaat;1
1328;58/2021;2021_58_24;tekee;1
1328;58/2021;2021_58_24;tekniikalla;1
1328;58/2021;2021_58_24;teollisuuden;1
1328;58/2021;2021_58_24;terveyskeskuksissa;1
1328;58/2021;2021_58_24;terveyspalvelut;1
1328;58/2021;2021_58_24;terveysvakuutuksia;1
1328;58/2021;2021_58_24;todellakaan;1
1328;58/2021;2021_58_24;toimenpiteitä;1
1328;58/2021;2021_58_24;toimia;1
1328;58/2021;2021_58_24;torjunta;1
1328;58/2021;2021_58_24;tuettiin;1
1328;58/2021;2021_58_24;tule;1
1328;58/2021;2021_58_24;tulee;2
1328;58/2021;2021_58_24;tulevat;1
1328;58/2021;2021_58_24;tulla;1
1328;58/2021;2021_58_24;tullut;2
1328;58/2021;2021_58_24;tunnissa;1
1328;58/2021;2021_58_24;tuotettu;1
1328;58/2021;2021_58_24;tuulivoimaa;1
1328;58/2021;2021_58_24;työikäiset;1
1328;58/2021;2021_58_24;työllisyysaste;1
1328;58/2021;2021_58_24;työllisyystoimia;1
1328;58/2021;2021_58_24;työpaikat;1
1328;58/2021;2021_58_24;työpaikkoja;1
1328;58/2021;2021_58_24;työterveyshuoltoa;1
1328;58/2021;2021_58_24;työttömyysturvaan;1
1328;58/2021;2021_58_24;tämä;2
1328;58/2021;2021_58_24;tämän;2
1328;58/2021;2021_58_24;tärkeä;1
1328;58/2021;2021_58_24;tätä;2
1328;58/2021;2021_58_24;täysin;1
1328;58/2021;2021_58_24;uudistaa;1
1328;58/2021;2021_58_24;uusia;2
1328;58/2021;2021_58_24;vain;1
1328;58/2021;2021_58_24;vaje;1
1328;58/2021;2021_58_24;valmiiksi;1
1328;58/2021;2021_58_24;valtio;2
1328;58/2021;2021_58_24;valtiolta;1
1328;58/2021;2021_58_24;valtiovarainministeriöllä;1
1328;58/2021;2021_58_24;varjossa;1
1328;58/2021;2021_58_24;varojensa;1
1328;58/2021;2021_58_24;vastuulle;1
1328;58/2021;2021_58_24;velkaa;5
1328;58/2021;2021_58_24;velkaannutaan;1
1328;58/2021;2021_58_24;veroa;1
1328;58/2021;2021_58_24;veroja;2
1328;58/2021;2021_58_24;verotuksella;1
1328;58/2021;2021_58_24;veroäyriä;1
1328;58/2021;2021_58_24;verrattuna;1
1328;58/2021;2021_58_24;vielä;1
1328;58/2021;2021_58_24;vihervasemmiston;1
1328;58/2021;2021_58_24;viikkoa;1
1328;58/2021;2021_58_24;voi;2
1328;58/2021;2021_58_24;vuodessa;2
1328;58/2021;2021_58_24;vuonna;1
1328;58/2021;2021_58_24;vuorotellen;1
1328;58/2021;2021_58_24;vuotta;1
1328;58/2021;2021_58_24;välikysymystä;1
1328;58/2021;2021_58_24;yhteisistä;1
1328;58/2021;2021_58_24;yhteistyöllä;1
1328;58/2021;2021_58_24;yhteistyötä;1
1328;58/2021;2021_58_24;yhtä;1
1328;58/2021;2021_58_24;yksi;1
1328;58/2021;2021_58_24;yli;2
1328;58/2021;2021_58_24;ylijäämän;1
1328;58/2021;2021_58_24;ympäristömaksuista;1
1328;58/2021;2021_58_24;yrittämisestä;1
1328;58/2021;2021_58_24;yrityksiä;1
1328;58/2021;2021_58_24;yritysten;1
1328;58/2021;2021_58_24;ärade;3
1328;58/2022;2022_58_15;aikaansa;1
1328;58/2022;2022_58_15;aivan;1
1328;58/2022;2022_58_15;alle;1
1328;58/2022;2022_58_15;arvoisa;1
1328;58/2022;2022_58_15;asuu;1
1328;58/2022;2022_58_15;eduskuntaa;1
1328;58/2022;2022_58_15;että;2
1328;58/2022;2022_58_15;haluan;1
1328;58/2022;2022_58_15;historiallisena;1
1328;58/2022;2022_58_15;ja;2
1328;58/2022;2022_58_15;jotka;1
1328;58/2022;2022_58_15;kaikille;1
1328;58/2022;2022_58_15;kansa;1
1328;58/2022;2022_58_15;kansaa;1
1328;58/2022;2022_58_15;kansalaisia;1
1328;58/2022;2022_58_15;kansan;1
1328;58/2022;2022_58_15;kevät;1
1328;58/2022;2022_58_15;kiitelty;1
1328;58/2022;2022_58_15;kiittää;1
1328;58/2022;2022_58_15;kolmessa;1
1328;58/2022;2022_58_15;kun;1
1328;58/2022;2022_58_15;kuukaudessa;1
1328;58/2022;2022_58_15;kyllä;1
1328;58/2022;2022_58_15;liittoutumisesta;1
1328;58/2022;2022_58_15;meille;1
1328;58/2022;2022_58_15;mielipide;1
1328;58/2022;2022_58_15;mikä;1
1328;58/2022;2022_58_15;molempia;1
1328;58/2022;2022_58_15;muotoutui;1
1328;58/2022;2022_58_15;mutta;1
1328;58/2022;2022_58_15;myös;1
1328;58/2022;2022_58_15;natoon;1
1328;58/2022;2022_58_15;nyt;1
1328;58/2022;2022_58_15;näyttänyt;1
1328;58/2022;2022_58_15;ohjasi;1
1328;58/2022;2022_58_15;oli;1
1328;58/2022;2022_58_15;on;2
1328;58/2022;2022_58_15;puhemies;1
1328;58/2022;2022_58_15;päivänä;1
1328;58/2022;2022_58_15;päättäjien;1
1328;58/2022;2022_58_15;sekä;1
1328;58/2022;2022_58_15;selkeä;1
1328;58/2022;2022_58_15;selviää;1
1328;58/2022;2022_58_15;seuraavat;1
1328;58/2022;2022_58_15;suomen;1
1328;58/2022;2022_58_15;suora;1
1328;58/2022;2022_58_15;syystä;1
1328;58/2022;2022_58_15;talman;1
1328;58/2022;2022_58_15;toimintaa;1
1328;58/2022;2022_58_15;tämä;2
1328;58/2022;2022_58_15;tänä;1
1328;58/2022;2022_58_15;täällä;1
1328;58/2022;2022_58_15;valtionjohtoa;1
1328;58/2022;2022_58_15;valveutuneita;1
1328;58/2022;2022_58_15;viesti;1
1328;58/2022;2022_58_15;ärade;1
1328;58/2022;2022_58_15;äänestämme;1
1328;58/2024;2024_58_104;ajoittuu;1
1328;58/2024;2024_58_104;arvoisa;1
1328;58/2024;2024_58_104;arvonlisäveron;2
1328;58/2024;2024_58_104;asia;1
1328;58/2024;2024_58_104;että;2
1328;58/2024;2024_58_104;hallituksen;1
1328;58/2024;2024_58_104;huonoon;1
1328;58/2024;2024_58_104;ihan;1
1328;58/2024;2024_58_104;kaikilla;1
1328;58/2024;2024_58_104;kaksi;1
1328;58/2024;2024_58_104;kiitos;1
1328;58/2024;2024_58_104;koska;1
1328;58/2024;2024_58_104;kuinka;1
1328;58/2024;2024_58_104;kuitenkin;1
1328;58/2024;2024_58_104;kun;1
1328;58/2024;2024_58_104;kuristaa;1
1328;58/2024;2024_58_104;kuristus;1
1328;58/2024;2024_58_104;laskelmia;2
1328;58/2024;2024_58_104;lisää;2
1328;58/2024;2024_58_104;markkinoilta;1
1328;58/2024;2024_58_104;mennyt;1
1328;58/2024;2024_58_104;miljardi;1
1328;58/2024;2024_58_104;miljardia;1
1328;58/2024;2024_58_104;mitä;1
1328;58/2024;2024_58_104;niin;2
1328;58/2024;2024_58_104;nosto;1
1328;58/2024;2024_58_104;nyt;1
1328;58/2024;2024_58_104;ohjelmassa;1
1328;58/2024;2024_58_104;olette;1
1328;58/2024;2024_58_104;on;4
1328;58/2024;2024_58_104;otetaan;1
1328;58/2024;2024_58_104;paikkaan;1
1328;58/2024;2024_58_104;paljon;1
1328;58/2024;2024_58_104;paljonko;1
1328;58/2024;2024_58_104;pois;1
1328;58/2024;2024_58_104;puhemies;1
1328;58/2024;2024_58_104;saadaan;1
1328;58/2024;2024_58_104;saatte;1
1328;58/2024;2024_58_104;satatuhatta;1
1328;58/2024;2024_58_104;se;2
1328;58/2024;2024_58_104;selvä;1
1328;58/2024;2024_58_104;siitä;2
1328;58/2024;2024_58_104;säästötoimet;1
1328;58/2024;2024_58_104;talman;1
1328;58/2024;2024_58_104;taloutta;1
1328;58/2024;2024_58_104;te;3
1328;58/2024;2024_58_104;teette;1
1328;58/2024;2024_58_104;tehneet;1
1328;58/2024;2024_58_104;toimenpiteillä;1
1328;58/2024;2024_58_104;tullut;1
1328;58/2024;2024_58_104;työllisiä;1
1328;58/2024;2024_58_104;työllistä;1
1328;58/2024;2024_58_104;työllisyyteen;1
1328;58/2024;2024_58_104;työtöntä;1
1328;58/2024;2024_58_104;vaikuttaa;1
1328;58/2024;2024_58_104;ärade;1
1328;59/2021;2021_59_26;aikaan;1
1328;59/2021;2021_59_26;aikanaan;1
1328;59/2021;2021_59_26;aitoja;1
1328;59/2021;2021_59_26;ajavat;1
1328;59/2021;2021_59_26;allekirjoittaa;1
1328;59/2021;2021_59_26;antaa;1
1328;59/2021;2021_59_26;antti;1
1328;59/2021;2021_59_26;arvoisa;3
1328;59/2021;2021_59_26;asiantuntijat;2
1328;59/2021;2021_59_26;asioista;1
1328;59/2021;2021_59_26;autolla;1
1328;59/2021;2021_59_26;bensalla;1
1328;59/2021;2021_59_26;bensan;2
1328;59/2021;2021_59_26;biopohjaista;1
1328;59/2021;2021_59_26;budjetin;1
1328;59/2021;2021_59_26;demareille;1
1328;59/2021;2021_59_26;demarihallitus;1
1328;59/2021;2021_59_26;demarit;3
1328;59/2021;2021_59_26;dieselillä;1
1328;59/2021;2021_59_26;eduista;1
1328;59/2021;2021_59_26;een;1
1328;59/2021;2021_59_26;ehditty;1
1328;59/2021;2021_59_26;ei;7
1328;59/2021;2021_59_26;eikä;2
1328;59/2021;2021_59_26;eikö;1
1328;59/2021;2021_59_26;eilen;1
1328;59/2021;2021_59_26;eivät;2
1328;59/2021;2021_59_26;eli;3
1328;59/2021;2021_59_26;elvyttävät;1
1328;59/2021;2021_59_26;eläminen;1
1328;59/2021;2021_59_26;elämästä;1
1328;59/2021;2021_59_26;emme;1
1328;59/2021;2021_59_26;enemmän;3
1328;59/2021;2021_59_26;ennemmin;1
1328;59/2021;2021_59_26;ennen;1
1328;59/2021;2021_59_26;esimerkkiä;2
1328;59/2021;2021_59_26;että;6
1328;59/2021;2021_59_26;eu;1
1328;59/2021;2021_59_26;eu-maiden;1
1328;59/2021;2021_59_26;eun;1
1328;59/2021;2021_59_26;eurooppaan;1
1328;59/2021;2021_59_26;faktoilla;1
1328;59/2021;2021_59_26;haetaan;1
1328;59/2021;2021_59_26;hallitukselle;1
1328;59/2021;2021_59_26;hallituksesta;1
1328;59/2021;2021_59_26;hallitus;3
1328;59/2021;2021_59_26;haluaa;1
1328;59/2021;2021_59_26;henkilöauto;1
1328;59/2021;2021_59_26;hetki;1
1328;59/2021;2021_59_26;hinnalla;1
1328;59/2021;2021_59_26;hinta;3
1328;59/2021;2021_59_26;hintoihin;1
1328;59/2021;2021_59_26;hosumalla;1
1328;59/2021;2021_59_26;huolta;1
1328;59/2021;2021_59_26;hylkää;1
1328;59/2021;2021_59_26;hylättiin;1
1328;59/2021;2021_59_26;hyvin;1
1328;59/2021;2021_59_26;hyvänsä;1
1328;59/2021;2021_59_26;ihmetellä;1
1328;59/2021;2021_59_26;ihmisiä;1
1328;59/2021;2021_59_26;ilkka;1
1328;59/2021;2021_59_26;ilmastotavoite;1
1328;59/2021;2021_59_26;insinöörien;1
1328;59/2021;2021_59_26;itse;1
1328;59/2021;2021_59_26;ja;25
1328;59/2021;2021_59_26;jaettiin;1
1328;59/2021;2021_59_26;jatkavat;1
1328;59/2021;2021_59_26;jatkuva;1
1328;59/2021;2021_59_26;johtaa;1
1328;59/2021;2021_59_26;jos;1
1328;59/2021;2021_59_26;jota;1
1328;59/2021;2021_59_26;julisti;1
1328;59/2021;2021_59_26;julkisen;1
1328;59/2021;2021_59_26;julkisessa;1
1328;59/2021;2021_59_26;juuri;1
1328;59/2021;2021_59_26;jälkeen;1
1328;59/2021;2021_59_26;kaasuautoilla;1
1328;59/2021;2021_59_26;kaiken;3
1328;59/2021;2021_59_26;kaikki;2
1328;59/2021;2021_59_26;kaksi;1
1328;59/2021;2021_59_26;kalliimpaa;1
1328;59/2021;2021_59_26;kallista;1
1328;59/2021;2021_59_26;kamreerit;5
1328;59/2021;2021_59_26;kanerva;1
1328;59/2021;2021_59_26;kannattaa;1
1328;59/2021;2021_59_26;kannattava;1
1328;59/2021;2021_59_26;kannattavat;1
1328;59/2021;2021_59_26;kannustavaa;1
1328;59/2021;2021_59_26;kasvoivat;1
1328;59/2021;2021_59_26;kasvu;2
1328;59/2021;2021_59_26;kasvuun;1
1328;59/2021;2021_59_26;katsokaa;1
1328;59/2021;2021_59_26;kehtaavat;1
1328;59/2021;2021_59_26;keksitään;1
1328;59/2021;2021_59_26;kertaa;1
1328;59/2021;2021_59_26;kertaan;1
1328;59/2021;2021_59_26;keskusta;2
1328;59/2021;2021_59_26;keskustan;1
1328;59/2021;2021_59_26;kevennettiin;1
1328;59/2021;2021_59_26;kielellä;1
1328;59/2021;2021_59_26;kiinni;1
1328;59/2021;2021_59_26;kikkailua;1
1328;59/2021;2021_59_26;kohtalon;1
1328;59/2021;2021_59_26;kokenut;1
1328;59/2021;2021_59_26;koronatukea;1
1328;59/2021;2021_59_26;korotti;1
1328;59/2021;2021_59_26;korvamerkitty;1
1328;59/2021;2021_59_26;korvamerkitä;1
1328;59/2021;2021_59_26;koska;1
1328;59/2021;2021_59_26;koskee;1
1328;59/2021;2021_59_26;kriisissä;1
1328;59/2021;2021_59_26;kuin;4
1328;59/2021;2021_59_26;kuinka;1
1328;59/2021;2021_59_26;kulut;1
1328;59/2021;2021_59_26;kulutukseen;1
1328;59/2021;2021_59_26;kunnan;1
1328;59/2021;2021_59_26;kunnianhimoisin;1
1328;59/2021;2021_59_26;kunnille;1
1328;59/2021;2021_59_26;kuntaministeri;1
1328;59/2021;2021_59_26;kuntaveron;1
1328;59/2021;2021_59_26;kuntien;1
1328;59/2021;2021_59_26;kustannustukihakemuksista;1
1328;59/2021;2021_59_26;kuumenee;1
1328;59/2021;2021_59_26;kyllä;4
1328;59/2021;2021_59_26;kymmenen;1
1328;59/2021;2021_59_26;kysymys;1
1328;59/2021;2021_59_26;kärsimme;1
1328;59/2021;2021_59_26;käytetty;1
1328;59/2021;2021_59_26;laadun;1
1328;59/2021;2021_59_26;lainsäädännössä;1
1328;59/2021;2021_59_26;laulu;1
1328;59/2021;2021_59_26;liikkumaan;1
1328;59/2021;2021_59_26;liikkuva;1
1328;59/2021;2021_59_26;linjallaan;1
1328;59/2021;2021_59_26;lisäksi;1
1328;59/2021;2021_59_26;lisää;2
1328;59/2021;2021_59_26;lopettaa;1
1328;59/2021;2021_59_26;loppuvat;1
1328;59/2021;2021_59_26;lopulta;1
1328;59/2021;2021_59_26;luvut;1
1328;59/2021;2021_59_26;lypsylehmä;1
1328;59/2021;2021_59_26;maailman;2
1328;59/2021;2021_59_26;maksaa;1
1328;59/2021;2021_59_26;maksat;1
1328;59/2021;2021_59_26;marin;1
1328;59/2021;2021_59_26;markkinoiden;1
1328;59/2021;2021_59_26;matkaverot;1
1328;59/2021;2021_59_26;meidän;1
1328;59/2021;2021_59_26;meillä;2
1328;59/2021;2021_59_26;meitä;2
1328;59/2021;2021_59_26;meno;1
1328;59/2021;2021_59_26;menolla;1
1328;59/2021;2021_59_26;metsäteollisuuden;1
1328;59/2021;2021_59_26;miksi;2
1328;59/2021;2021_59_26;mikä;2
1328;59/2021;2021_59_26;miljardia;1
1328;59/2021;2021_59_26;miljoonaa;1
1328;59/2021;2021_59_26;millä;1
1328;59/2021;2021_59_26;ministerit;1
1328;59/2021;2021_59_26;ministeriöistä;1
1328;59/2021;2021_59_26;minua;1
1328;59/2021;2021_59_26;mitä;2
1328;59/2021;2021_59_26;mitään;2
1328;59/2021;2021_59_26;moneen;1
1328;59/2021;2021_59_26;moraalikatoon;1
1328;59/2021;2021_59_26;muiden;1
1328;59/2021;2021_59_26;muista;1
1328;59/2021;2021_59_26;mukaan;1
1328;59/2021;2021_59_26;mutta;5
1328;59/2021;2021_59_26;muualle;1
1328;59/2021;2021_59_26;muut;1
1328;59/2021;2021_59_26;muuta;1
1328;59/2021;2021_59_26;muuten;1
1328;59/2021;2021_59_26;myöhemmin;1
1328;59/2021;2021_59_26;määräile;2
1328;59/2021;2021_59_26;määräilevät;3
1328;59/2021;2021_59_26;ne;4
1328;59/2021;2021_59_26;niin;1
1328;59/2021;2021_59_26;nostettiin;1
1328;59/2021;2021_59_26;nousee;2
1328;59/2021;2021_59_26;nykyiseen;1
1328;59/2021;2021_59_26;nykyisellä;1
1328;59/2021;2021_59_26;nyt;3
1328;59/2021;2021_59_26;näin;2
1328;59/2021;2021_59_26;näyttää;1
1328;59/2021;2021_59_26;ole;1
1328;59/2021;2021_59_26;olen;1
1328;59/2021;2021_59_26;olisi;1
1328;59/2021;2021_59_26;olla;3
1328;59/2021;2021_59_26;omalla;1
1328;59/2021;2021_59_26;omansa;1
1328;59/2021;2021_59_26;omasta;1
1328;59/2021;2021_59_26;omista;1
1328;59/2021;2021_59_26;on;11
1328;59/2021;2021_59_26;onneksi;1
1328;59/2021;2021_59_26;otetaan;1
1328;59/2021;2021_59_26;ottamista;1
1328;59/2021;2021_59_26;ovat;1
1328;59/2021;2021_59_26;paateroa;1
1328;59/2021;2021_59_26;painetta;1
1328;59/2021;2021_59_26;pakko;1
1328;59/2021;2021_59_26;paljon;1
1328;59/2021;2021_59_26;palveluiden;1
1328;59/2021;2021_59_26;paremmat;1
1328;59/2021;2021_59_26;pari;2
1328;59/2021;2021_59_26;pelko;1
1328;59/2021;2021_59_26;perussuomalaisten;1
1328;59/2021;2021_59_26;perusta;1
1328;59/2021;2021_59_26;pettymys;1
1328;59/2021;2021_59_26;pian;1
1328;59/2021;2021_59_26;piti;1
1328;59/2021;2021_59_26;pitäisi;3
1328;59/2021;2021_59_26;pitäkö;1
1328;59/2021;2021_59_26;pitää;5
1328;59/2021;2021_59_26;poikkeus;1
1328;59/2021;2021_59_26;polttoaineesta;1
1328;59/2021;2021_59_26;polttoaineiden;1
1328;59/2021;2021_59_26;polttonesteen;1
1328;59/2021;2021_59_26;progressiivisempi;1
1328;59/2021;2021_59_26;prosentissa;1
1328;59/2021;2021_59_26;prosentista;1
1328;59/2021;2021_59_26;prosenttia;1
1328;59/2021;2021_59_26;pudotettiin;1
1328;59/2021;2021_59_26;puheet;1
1328;59/2021;2021_59_26;puhemies;3
1328;59/2021;2021_59_26;puskurit;1
1328;59/2021;2021_59_26;pystyy;1
1328;59/2021;2021_59_26;pääministeri;3
1328;59/2021;2021_59_26;pääomatuloista;1
1328;59/2021;2021_59_26;pääse;1
1328;59/2021;2021_59_26;päästä;1
1328;59/2021;2021_59_26;päästökaupan;1
1328;59/2021;2021_59_26;rahan;1
1328;59/2021;2021_59_26;rahat;1
1328;59/2021;2021_59_26;rakentaa;2
1328;59/2021;2021_59_26;ratkaisee;1
1328;59/2021;2021_59_26;rinne;1
1328;59/2021;2021_59_26;ruotsiin;1
1328;59/2021;2021_59_26;ruuhkamaksut;1
1328;59/2021;2021_59_26;ryhmästä;1
1328;59/2021;2021_59_26;saada;1
1328;59/2021;2021_59_26;saavutetuista;1
1328;59/2021;2021_59_26;saksa;1
1328;59/2021;2021_59_26;saksaan;1
1328;59/2021;2021_59_26;sallima;1
1328;59/2021;2021_59_26;sama;2
1328;59/2021;2021_59_26;samaan;1
1328;59/2021;2021_59_26;samalla;1
1328;59/2021;2021_59_26;sanoi;1
1328;59/2021;2021_59_26;se;3
1328;59/2021;2021_59_26;sekoitevelvoite;1
1328;59/2021;2021_59_26;sekundaa;1
1328;59/2021;2021_59_26;sellaista;1
1328;59/2021;2021_59_26;sen;2
1328;59/2021;2021_59_26;seuraavassa;1
1328;59/2021;2021_59_26;siellä;3
1328;59/2021;2021_59_26;siitä;1
1328;59/2021;2021_59_26;silloin;1
1328;59/2021;2021_59_26;sinä;1
1328;59/2021;2021_59_26;sitten;2
1328;59/2021;2021_59_26;sopivammiksi;1
1328;59/2021;2021_59_26;sosiaaliturvaa;1
1328;59/2021;2021_59_26;suhteessa;1
1328;59/2021;2021_59_26;sukupolvien;1
1328;59/2021;2021_59_26;suomalaista;1
1328;59/2021;2021_59_26;sutta;1
1328;59/2021;2021_59_26;suunnitteilla;1
1328;59/2021;2021_59_26;syksynä;1
1328;59/2021;2021_59_26;syyttää;1
1328;59/2021;2021_59_26;sähkö;2
1328;59/2021;2021_59_26;sähkövero;1
1328;59/2021;2021_59_26;sähköveroa;2
1328;59/2021;2021_59_26;sääntö;1
1328;59/2021;2021_59_26;tai;3
1328;59/2021;2021_59_26;takia;1
1328;59/2021;2021_59_26;talman;3
1328;59/2021;2021_59_26;talouden;1
1328;59/2021;2021_59_26;taloudessa;1
1328;59/2021;2021_59_26;taloudesta;1
1328;59/2021;2021_59_26;talous;1
1328;59/2021;2021_59_26;talouspolitiikan;1
1328;59/2021;2021_59_26;taloutta;1
1328;59/2021;2021_59_26;tapahtui;1
1328;59/2021;2021_59_26;tappiin;1
1328;59/2021;2021_59_26;tarvitse;1
1328;59/2021;2021_59_26;tee;1
1328;59/2021;2021_59_26;tehdä;1
1328;59/2021;2021_59_26;tehtaat;1
1328;59/2021;2021_59_26;tekniikalla;1
1328;59/2021;2021_59_26;tentissä;1
1328;59/2021;2021_59_26;teollisuuden;4
1328;59/2021;2021_59_26;tietullit;1
1328;59/2021;2021_59_26;todistaa;1
1328;59/2021;2021_59_26;toimia;1
1328;59/2021;2021_59_26;tukea;1
1328;59/2021;2021_59_26;tukemisesta;1
1328;59/2021;2021_59_26;tukensa;1
1328;59/2021;2021_59_26;tule;1
1328;59/2021;2021_59_26;tulee;1
1328;59/2021;2021_59_26;tulevien;1
1328;59/2021;2021_59_26;tuo;2
1328;59/2021;2021_59_26;tuore;1
1328;59/2021;2021_59_26;tuotettu;1
1328;59/2021;2021_59_26;tuottaa;1
1328;59/2021;2021_59_26;tuulivoimaa;1
1328;59/2021;2021_59_26;tuulivoimalla;1
1328;59/2021;2021_59_26;tyhminä;1
1328;59/2021;2021_59_26;työhön;1
1328;59/2021;2021_59_26;työpaikkoja;1
1328;59/2021;2021_59_26;työttömyys;1
1328;59/2021;2021_59_26;työtä;1
1328;59/2021;2021_59_26;tällä;1
1328;59/2021;2021_59_26;tämän;2
1328;59/2021;2021_59_26;tärkeintä;1
1328;59/2021;2021_59_26;ulkomaan;1
1328;59/2021;2021_59_26;uskokaa;1
1328;59/2021;2021_59_26;uudistuksia;1
1328;59/2021;2021_59_26;vai;1
1328;59/2021;2021_59_26;vaihdetaan;1
1328;59/2021;2021_59_26;vaiheistaa;1
1328;59/2021;2021_59_26;vaiheistettu;1
1328;59/2021;2021_59_26;vaikka;1
1328;59/2021;2021_59_26;vain;2
1328;59/2021;2021_59_26;vakaussopimukset;1
1328;59/2021;2021_59_26;valtiovarainministeriö;2
1328;59/2021;2021_59_26;varoittavat;1
1328;59/2021;2021_59_26;varoitti;1
1328;59/2021;2021_59_26;vauhdilla;1
1328;59/2021;2021_59_26;velaksi;1
1328;59/2021;2021_59_26;velkaantumisesta;1
1328;59/2021;2021_59_26;velkajarrua;1
1328;59/2021;2021_59_26;velkalastimme;1
1328;59/2021;2021_59_26;veroja;3
1328;59/2021;2021_59_26;veronalennuksilla;1
1328;59/2021;2021_59_26;veronmaksaja;1
1328;59/2021;2021_59_26;viedään;1
1328;59/2021;2021_59_26;vielä;1
1328;59/2021;2021_59_26;vihervasemmisto;1
1328;59/2021;2021_59_26;vihreiden;1
1328;59/2021;2021_59_26;viidesosan;1
1328;59/2021;2021_59_26;viime;1
1328;59/2021;2021_59_26;viimein;1
1328;59/2021;2021_59_26;voi;1
1328;59/2021;2021_59_26;vuodenvaihteessa;1
1328;59/2021;2021_59_26;vuodessa;1
1328;59/2021;2021_59_26;vuotta;2
1328;59/2021;2021_59_26;yhdysvaltojen;1
1328;59/2021;2021_59_26;yhteisestä;1
1328;59/2021;2021_59_26;ylimääräistä;1
1328;59/2021;2021_59_26;yläraja;1
1328;59/2021;2021_59_26;ymmärrä;1
1328;59/2021;2021_59_26;yrittäjänä;1
1328;59/2021;2021_59_26;yrittämisestä;1
1328;59/2021;2021_59_26;yritysjohtoa;1
1328;59/2021;2021_59_26;yritysten;2
1328;59/2021;2021_59_26;yritystoiminta;1
1328;59/2021;2021_59_26;älkää;1
1328;59/2021;2021_59_26;ärade;3
1328;59/2023;2023_59_18;aikuinen;1
1328;59/2023;2023_59_18;aikuiset;2
1328;59/2023;2023_59_18;aikuisten;2
1328;59/2023;2023_59_18;aina;1
1328;59/2023;2023_59_18;aivan;2
1328;59/2023;2023_59_18;ajan;1
1328;59/2023;2023_59_18;ajatus;2
1328;59/2023;2023_59_18;ajoissa;1
1328;59/2023;2023_59_18;ala-asteilla;1
1328;59/2023;2023_59_18;ammatteihin;1
1328;59/2023;2023_59_18;anonyymit;1
1328;59/2023;2023_59_18;arvoisa;5
1328;59/2023;2023_59_18;arvostaminen;1
1328;59/2023;2023_59_18;aseellisen;1
1328;59/2023;2023_59_18;asiallinen;1
1328;59/2023;2023_59_18;asioita;1
1328;59/2023;2023_59_18;auktoriteetit;1
1328;59/2023;2023_59_18;auktoriteetti;1
1328;59/2023;2023_59_18;auttamiseen;1
1328;59/2023;2023_59_18;edes;1
1328;59/2023;2023_59_18;edistämään;1
1328;59/2023;2023_59_18;ei;6
1328;59/2023;2023_59_18;eikö;1
1328;59/2023;2023_59_18;eivät;2
1328;59/2023;2023_59_18;elämässä;1
1328;59/2023;2023_59_18;elämästään;1
1328;59/2023;2023_59_18;elävät;1
1328;59/2023;2023_59_18;elää;1
1328;59/2023;2023_59_18;en;1
1328;59/2023;2023_59_18;enemmän;1
1328;59/2023;2023_59_18;ensi;1
1328;59/2023;2023_59_18;ensisijainen;1
1328;59/2023;2023_59_18;enää;1
1328;59/2023;2023_59_18;epäonnistuttu;1
1328;59/2023;2023_59_18;eri;1
1328;59/2023;2023_59_18;erittäin;1
1328;59/2023;2023_59_18;erityisesti;1
1328;59/2023;2023_59_18;etenkin;1
1328;59/2023;2023_59_18;ettei;1
1328;59/2023;2023_59_18;etteivät;1
1328;59/2023;2023_59_18;että;7
1328;59/2023;2023_59_18;haluaisit;1
1328;59/2023;2023_59_18;harrastuksiin;1
1328;59/2023;2023_59_18;heidän;1
1328;59/2023;2023_59_18;heillä;1
1328;59/2023;2023_59_18;heiltä;1
1328;59/2023;2023_59_18;heistä;1
1328;59/2023;2023_59_18;hoitamiseen;1
1328;59/2023;2023_59_18;huolehtia;1
1328;59/2023;2023_59_18;huolehtii;1
1328;59/2023;2023_59_18;huolissani;1
1328;59/2023;2023_59_18;huolta;3
1328;59/2023;2023_59_18;huomata;1
1328;59/2023;2023_59_18;huonosti;1
1328;59/2023;2023_59_18;hyvin;1
1328;59/2023;2023_59_18;hyvinvointiyhteiskunnan;2
1328;59/2023;2023_59_18;hyvä;1
1328;59/2023;2023_59_18;hyödyllistä;1
1328;59/2023;2023_59_18;ihmettele;1
1328;59/2023;2023_59_18;ihminen;1
1328;59/2023;2023_59_18;ihmisiä;1
1328;59/2023;2023_59_18;ihmisten;1
1328;59/2023;2023_59_18;ihmistä;1
1328;59/2023;2023_59_18;ikäluokasta;1
1328;59/2023;2023_59_18;ikävin;1
1328;59/2023;2023_59_18;ilman;1
1328;59/2023;2023_59_18;ilmiö;1
1328;59/2023;2023_59_18;ilmiöstä;1
1328;59/2023;2023_59_18;iltaisin;1
1328;59/2023;2023_59_18;itseäsi;1
1328;59/2023;2023_59_18;ja;33
1328;59/2023;2023_59_18;jatkossa;1
1328;59/2023;2023_59_18;jo;2
1328;59/2023;2023_59_18;joka;1
1328;59/2023;2023_59_18;jokainen;1
1328;59/2023;2023_59_18;jokaisesta;1
1328;59/2023;2023_59_18;jos;1
1328;59/2023;2023_59_18;junaan;1
1328;59/2023;2023_59_18;juomassa;1
1328;59/2023;2023_59_18;kaiken;1
1328;59/2023;2023_59_18;kaikille;1
1328;59/2023;2023_59_18;kaikissa;1
1328;59/2023;2023_59_18;kaikkea;1
1328;59/2023;2023_59_18;kaikkeen;1
1328;59/2023;2023_59_18;kaikki;1
1328;59/2023;2023_59_18;kaikkia;1
1328;59/2023;2023_59_18;kalliiksi;1
1328;59/2023;2023_59_18;kannalta;2
1328;59/2023;2023_59_18;kansan;1
1328;59/2023;2023_59_18;kanssakäymiseen;1
1328;59/2023;2023_59_18;karmea;1
1328;59/2023;2023_59_18;kasvaa;1
1328;59/2023;2023_59_18;katujengit;1
1328;59/2023;2023_59_18;kaupassa;1
1328;59/2023;2023_59_18;keskellä;1
1328;59/2023;2023_59_18;kiihdyttävät;1
1328;59/2023;2023_59_18;kiusaajasta;1
1328;59/2023;2023_59_18;kiusaamiseen;1
1328;59/2023;2023_59_18;kiusaamista;1
1328;59/2023;2023_59_18;kiusatusta;1
1328;59/2023;2023_59_18;kodeilla;1
1328;59/2023;2023_59_18;kohdeltavan;1
1328;59/2023;2023_59_18;kohtaamme;1
1328;59/2023;2023_59_18;kohtele;1
1328;59/2023;2023_59_18;koko;3
1328;59/2023;2023_59_18;kommunikointi;1
1328;59/2023;2023_59_18;koskevat;1
1328;59/2023;2023_59_18;koteja;1
1328;59/2023;2023_59_18;kotona;1
1328;59/2023;2023_59_18;koulujen;1
1328;59/2023;2023_59_18;koulukiusaamiseen;2
1328;59/2023;2023_59_18;koulukiusaamisessa;1
1328;59/2023;2023_59_18;koulussa;1
1328;59/2023;2023_59_18;koulutustaso;1
1328;59/2023;2023_59_18;kouluun;1
1328;59/2023;2023_59_18;kovin;1
1328;59/2023;2023_59_18;kuin;4
1328;59/2023;2023_59_18;kuinka;2
1328;59/2023;2023_59_18;kun;2
1328;59/2023;2023_59_18;kuten;1
1328;59/2023;2023_59_18;kutsunnat;1
1328;59/2023;2023_59_18;kyllä;1
1328;59/2023;2023_59_18;kyse;3
1328;59/2023;2023_59_18;käden;1
1328;59/2023;2023_59_18;käyttäydymme;1
1328;59/2023;2023_59_18;käyttää;1
1328;59/2023;2023_59_18;käyttöön;1
1328;59/2023;2023_59_18;köyhyydellä;1
1328;59/2023;2023_59_18;köyhyydessä;2
1328;59/2023;2023_59_18;köyhyys;1
1328;59/2023;2023_59_18;laajemmasta;1
1328;59/2023;2023_59_18;lahjoja;1
1328;59/2023;2023_59_18;lapsen;3
1328;59/2023;2023_59_18;lapset;1
1328;59/2023;2023_59_18;lapsiköyhyys;1
1328;59/2023;2023_59_18;lapsilta;1
1328;59/2023;2023_59_18;lapsista;5
1328;59/2023;2023_59_18;laskee;1
1328;59/2023;2023_59_18;laskelmien;1
1328;59/2023;2023_59_18;lasta;1
1328;59/2023;2023_59_18;lasten;3
1328;59/2023;2023_59_18;liian;1
1328;59/2023;2023_59_18;liikaa;1
1328;59/2023;2023_59_18;lisääntynyt;1
1328;59/2023;2023_59_18;luotto;1
1328;59/2023;2023_59_18;länsirataan;1
1328;59/2023;2023_59_18;maailmaankin;1
1328;59/2023;2023_59_18;maanantaiaamuna;1
1328;59/2023;2023_59_18;masentuneiden;1
1328;59/2023;2023_59_18;me;2
1328;59/2023;2023_59_18;media;1
1328;59/2023;2023_59_18;meidän;1
1328;59/2023;2023_59_18;meillä;3
1328;59/2023;2023_59_18;menettää;1
1328;59/2023;2023_59_18;menneet;1
1328;59/2023;2023_59_18;mennä;1
1328;59/2023;2023_59_18;merkittävä;1
1328;59/2023;2023_59_18;mielestäni;1
1328;59/2023;2023_59_18;mieltä;1
1328;59/2023;2023_59_18;mikään;1
1328;59/2023;2023_59_18;minkä;1
1328;59/2023;2023_59_18;miten;3
1328;59/2023;2023_59_18;mitään;1
1328;59/2023;2023_59_18;molemmista;1
1328;59/2023;2023_59_18;moneen;1
1328;59/2023;2023_59_18;monenlaisia;1
1328;59/2023;2023_59_18;muka;1
1328;59/2023;2023_59_18;mukaan;1
1328;59/2023;2023_59_18;mutta;1
1328;59/2023;2023_59_18;muu;1
1328;59/2023;2023_59_18;muuhunkin;1
1328;59/2023;2023_59_18;muuta;1
1328;59/2023;2023_59_18;niin;3
1328;59/2023;2023_59_18;nopeammin;1
1328;59/2023;2023_59_18;nuoret;2
1328;59/2023;2023_59_18;nuorille;1
1328;59/2023;2023_59_18;nuorilta;1
1328;59/2023;2023_59_18;nuorten;5
1328;59/2023;2023_59_18;nykyiseen;1
1328;59/2023;2023_59_18;nyt;1
1328;59/2023;2023_59_18;näin;1
1328;59/2023;2023_59_18;näkyy;2
1328;59/2023;2023_59_18;nälkäisiä;1
1328;59/2023;2023_59_18;ole;5
1328;59/2023;2023_59_18;olemme;1
1328;59/2023;2023_59_18;olen;2
1328;59/2023;2023_59_18;olisi;2
1328;59/2023;2023_59_18;olla;1
1328;59/2023;2023_59_18;oman;1
1328;59/2023;2023_59_18;on;16
1328;59/2023;2023_59_18;opettajaa;1
1328;59/2023;2023_59_18;opintoja;1
1328;59/2023;2023_59_18;opintotukiaan;1
1328;59/2023;2023_59_18;opiskelijat;1
1328;59/2023;2023_59_18;opiskelijoiden;1
1328;59/2023;2023_59_18;oppisopimusmallilla;1
1328;59/2023;2023_59_18;osa;2
1328;59/2023;2023_59_18;ostaa;1
1328;59/2023;2023_59_18;ovat;2
1328;59/2023;2023_59_18;pahalta;1
1328;59/2023;2023_59_18;pahasti;1
1328;59/2023;2023_59_18;pakko;1
1328;59/2023;2023_59_18;paljon;2
1328;59/2023;2023_59_18;palveluksen;1
1328;59/2023;2023_59_18;panostettavista;1
1328;59/2023;2023_59_18;parempi;2
1328;59/2023;2023_59_18;pelkästään;1
1328;59/2023;2023_59_18;perheitä;1
1328;59/2023;2023_59_18;perusta;1
1328;59/2023;2023_59_18;pidentämään;1
1328;59/2023;2023_59_18;pidettävä;1
1328;59/2023;2023_59_18;pidämme;1
1328;59/2023;2023_59_18;pitäisi;1
1328;59/2023;2023_59_18;pitää;3
1328;59/2023;2023_59_18;poliisi;1
1328;59/2023;2023_59_18;psykologia;1
1328;59/2023;2023_59_18;puhemies;5
1328;59/2023;2023_59_18;puhuminen;1
1328;59/2023;2023_59_18;puolella;1
1328;59/2023;2023_59_18;puuttua;1
1328;59/2023;2023_59_18;puuttumiseen;1
1328;59/2023;2023_59_18;puuttuu;1
1328;59/2023;2023_59_18;puuttuvat;1
1328;59/2023;2023_59_18;pysty;1
1328;59/2023;2023_59_18;pystyy;2
1328;59/2023;2023_59_18;pystyä;1
1328;59/2023;2023_59_18;päistä;1
1328;59/2023;2023_59_18;päivä;1
1328;59/2023;2023_59_18;päiväkotiin;1
1328;59/2023;2023_59_18;rahaa;1
1328;59/2023;2023_59_18;rahat;1
1328;59/2023;2023_59_18;ravintolassa;1
1328;59/2023;2023_59_18;ravintoloissa;1
1328;59/2023;2023_59_18;riittää;1
1328;59/2023;2023_59_18;riitä;1
1328;59/2023;2023_59_18;saadaan;1
1328;59/2023;2023_59_18;sadistisena;1
1328;59/2023;2023_59_18;sairaista;3
1328;59/2023;2023_59_18;saisimme;1
1328;59/2023;2023_59_18;samoja;1
1328;59/2023;2023_59_18;sanoa;2
1328;59/2023;2023_59_18;sanottava;1
1328;59/2023;2023_59_18;se;4
1328;59/2023;2023_59_18;siirtyy;1
1328;59/2023;2023_59_18;siitä;5
1328;59/2023;2023_59_18;silloin;2
1328;59/2023;2023_59_18;silti;1
1328;59/2023;2023_59_18;sitä;1
1328;59/2023;2023_59_18;somessa;1
1328;59/2023;2023_59_18;sopii;1
1328;59/2023;2023_59_18;sosiaalinen;1
1328;59/2023;2023_59_18;suomalaisesta;1
1328;59/2023;2023_59_18;suomalaisia;1
1328;59/2023;2023_59_18;suomalaisten;1
1328;59/2023;2023_59_18;suomen;1
1328;59/2023;2023_59_18;suomessa;1
1328;59/2023;2023_59_18;suomesta;1
1328;59/2023;2023_59_18;suorittaisi;1
1328;59/2023;2023_59_18;synttäreille;1
1328;59/2023;2023_59_18;tai;4
1328;59/2023;2023_59_18;taitoja;1
1328;59/2023;2023_59_18;takia;1
1328;59/2023;2023_59_18;talman;4
1328;59/2023;2023_59_18;tapahtuu;1
1328;59/2023;2023_59_18;tarvita;1
1328;59/2023;2023_59_18;tasoja;1
1328;59/2023;2023_59_18;tehtävä;1
1328;59/2023;2023_59_18;tekemiseen;1
1328;59/2023;2023_59_18;tekemään;2
1328;59/2023;2023_59_18;tekevät;1
1328;59/2023;2023_59_18;tilanteissa;1
1328;59/2023;2023_59_18;tiskin;1
1328;59/2023;2023_59_18;tiukat;1
1328;59/2023;2023_59_18;toimeentulosta;1
1328;59/2023;2023_59_18;toimivan;1
1328;59/2023;2023_59_18;toisella;1
1328;59/2023;2023_59_18;toisemme;1
1328;59/2023;2023_59_18;toisen;1
1328;59/2023;2023_59_18;toiset;1
1328;59/2023;2023_59_18;toista;1
1328;59/2023;2023_59_18;tukevat;1
1328;59/2023;2023_59_18;tulee;1
1328;59/2023;2023_59_18;tulevaisuuden;1
1328;59/2023;2023_59_18;tulevaisuudesta;1
1328;59/2023;2023_59_18;tulevaisuudestaan;1
1328;59/2023;2023_59_18;tulevaisuuteen;2
1328;59/2023;2023_59_18;tulevaisuutta;1
1328;59/2023;2023_59_18;tulevat;1
1328;59/2023;2023_59_18;tulorajat;1
1328;59/2023;2023_59_18;tunnin;1
1328;59/2023;2023_59_18;tunnistaa;2
1328;59/2023;2023_59_18;tuntuu;1
1328;59/2023;2023_59_18;tuonut;1
1328;59/2023;2023_59_18;tuoreiden;1
1328;59/2023;2023_59_18;turun;1
1328;59/2023;2023_59_18;turvallisuustilanne;1
1328;59/2023;2023_59_18;tutkimustietoa;1
1328;59/2023;2023_59_18;työuria;1
1328;59/2023;2023_59_18;työvoima;1
1328;59/2023;2023_59_18;tämmöinen;1
1328;59/2023;2023_59_18;tämän;2
1328;59/2023;2023_59_18;tätä;2
1328;59/2023;2023_59_18;töihin;1
1328;59/2023;2023_59_18;töissä;1
1328;59/2023;2023_59_18;töitä;1
1328;59/2023;2023_59_18;uhrille;1
1328;59/2023;2023_59_18;usko;1
1328;59/2023;2023_59_18;uusia;1
1328;59/2023;2023_59_18;uusin;1
1328;59/2023;2023_59_18;vaan;1
1328;59/2023;2023_59_18;vaativiin;1
1328;59/2023;2023_59_18;vaikka;1
1328;59/2023;2023_59_18;vaikutus;1
1328;59/2023;2023_59_18;valmistumaan;1
1328;59/2023;2023_59_18;vanhemmilla;1
1328;59/2023;2023_59_18;vanhempia;1
1328;59/2023;2023_59_18;vanhuksista;3
1328;59/2023;2023_59_18;varaa;2
1328;59/2023;2023_59_18;varoista;1
1328;59/2023;2023_59_18;vastuu;1
1328;59/2023;2023_59_18;verran;1
1328;59/2023;2023_59_18;videot;1
1328;59/2023;2023_59_18;viikonloppuisin;1
1328;59/2023;2023_59_18;viikonloppuna;1
1328;59/2023;2023_59_18;vikaan;1
1328;59/2023;2023_59_18;voi;1
1328;59/2023;2023_59_18;voimavarat;1
1328;59/2023;2023_59_18;voin;1
1328;59/2023;2023_59_18;voivat;1
1328;59/2023;2023_59_18;vuonna;1
1328;59/2023;2023_59_18;vähenee;1
1328;59/2023;2023_59_18;vähentäisivät;1
1328;59/2023;2023_59_18;väkivalta;1
1328;59/2023;2023_59_18;väkivaltana;1
1328;59/2023;2023_59_18;väliseen;1
1328;59/2023;2023_59_18;väsyneitä;1
1328;59/2023;2023_59_18;yhdenkään;1
1328;59/2023;2023_59_18;yhteiskunnan;1
1328;59/2023;2023_59_18;yhteiskunnasta;1
1328;59/2023;2023_59_18;yhtälö;1
1328;59/2023;2023_59_18;yhtään;1
1328;59/2023;2023_59_18;yksittäiselle;1
1328;59/2023;2023_59_18;ystävällinen;1
1328;59/2023;2023_59_18;ärade;4
1328;6/2020;2020_6_62;apua;1
1328;6/2020;2020_6_62;arvoisa;2
1328;6/2020;2020_6_62;auttamaan;1
1328;6/2020;2020_6_62;ei;1
1328;6/2020;2020_6_62;eivät;1
1328;6/2020;2020_6_62;ette;1
1328;6/2020;2020_6_62;että;1
1328;6/2020;2020_6_62;haluta;1
1328;6/2020;2020_6_62;halutaan;1
1328;6/2020;2020_6_62;heidät;1
1328;6/2020;2020_6_62;henkilöstömitoituksen;1
1328;6/2020;2020_6_62;hoitajat;1
1328;6/2020;2020_6_62;hoitajia;2
1328;6/2020;2020_6_62;hoitajien;1
1328;6/2020;2020_6_62;hoitajille;1
1328;6/2020;2020_6_62;isommat;1
1328;6/2020;2020_6_62;ja;4
1328;6/2020;2020_6_62;jo;1
1328;6/2020;2020_6_62;jos;1
1328;6/2020;2020_6_62;kannatatteko;1
1328;6/2020;2020_6_62;kansasta;1
1328;6/2020;2020_6_62;keväällä;1
1328;6/2020;2020_6_62;kun;1
1328;6/2020;2020_6_62;kunnat;1
1328;6/2020;2020_6_62;lisää;1
1328;6/2020;2020_6_62;lähtenyt;1
1328;6/2020;2020_6_62;lähtijöitä;1
1328;6/2020;2020_6_62;marin;2
1328;6/2020;2020_6_62;muita;1
1328;6/2020;2020_6_62;mukaan;2
1328;6/2020;2020_6_62;mutta;2
1328;6/2020;2020_6_62;norjaan;1
1328;6/2020;2020_6_62;nostaa;1
1328;6/2020;2020_6_62;nyt;1
1328;6/2020;2020_6_62;olette;1
1328;6/2020;2020_6_62;oletteko;1
1328;6/2020;2020_6_62;on;2
1328;6/2020;2020_6_62;osa;1
1328;6/2020;2020_6_62;ovat;1
1328;6/2020;2020_6_62;palkankorotukset;2
1328;6/2020;2020_6_62;palkankorotuksia;1
1328;6/2020;2020_6_62;palkkaneuvotteluihin;1
1328;6/2020;2020_6_62;palkkaneuvotteluissa;1
1328;6/2020;2020_6_62;palkkatalkoisiin;1
1328;6/2020;2020_6_62;palkkoja;1
1328;6/2020;2020_6_62;prosenttia;1
1328;6/2020;2020_6_62;puhemies;1
1328;6/2020;2020_6_62;pysty;1
1328;6/2020;2020_6_62;pääministeri;2
1328;6/2020;2020_6_62;päätetään;1
1328;6/2020;2020_6_62;ruotsiin;1
1328;6/2020;2020_6_62;saada;1
1328;6/2020;2020_6_62;siihen;1
1328;6/2020;2020_6_62;soisi;1
1328;6/2020;2020_6_62;sotkeutumaan;1
1328;6/2020;2020_6_62;suuremmat;1
1328;6/2020;2020_6_62;suurin;1
1328;6/2020;2020_6_62;takaisin;1
1328;6/2020;2020_6_62;talkoissa;1
1328;6/2020;2020_6_62;tarve;1
1328;6/2020;2020_6_62;tarvitaan;1
1328;6/2020;2020_6_62;te;1
1328;6/2020;2020_6_62;tehneet;1
1328;6/2020;2020_6_62;tule;1
1328;6/2020;2020_6_62;tulemaan;1
1328;6/2020;2020_6_62;tuoreen;1
1328;6/2020;2020_6_62;tutkimuksen;1
1328;6/2020;2020_6_62;uusia;1
1328;6/2020;2020_6_62;vaatineet;1
1328;6/2020;2020_6_62;valmis;1
1328;6/2020;2020_6_62;valtio;1
1328;6/2020;2020_6_62;valtion;1
1328;6/2020;2020_6_62;vanhustenhoidon;1
1328;6/2020;2020_6_62;vastaajista;1
1328;6/2020;2020_6_62;vientituloja;1
1328;6/2020;2020_6_62;voi;1
1328;6/2020;2020_6_62;ymmärrän;1
1328;6/2021;2021_6_26;aikaan;1
1328;6/2021;2021_6_26;aikaansaamisen;1
1328;6/2021;2021_6_26;aikanaan;1
1328;6/2021;2021_6_26;ainakaan;1
1328;6/2021;2021_6_26;ainutkertaisuutta;2
1328;6/2021;2021_6_26;aivan;2
1328;6/2021;2021_6_26;ajan;3
1328;6/2021;2021_6_26;antama;1
1328;6/2021;2021_6_26;arvoisa;3
1328;6/2021;2021_6_26;avata;1
1328;6/2021;2021_6_26;edelleen;1
1328;6/2021;2021_6_26;edes;1
1328;6/2021;2021_6_26;ei;6
1328;6/2021;2021_6_26;eivät;4
1328;6/2021;2021_6_26;eli;1
1328;6/2021;2021_6_26;elpymispaketista;1
1328;6/2021;2021_6_26;elvytyspaketissa;1
1328;6/2021;2021_6_26;elvytyspaketti;2
1328;6/2021;2021_6_26;emme;1
1328;6/2021;2021_6_26;enemmän;1
1328;6/2021;2021_6_26;ensisijaisista;1
1328;6/2021;2021_6_26;esimerkiksi;1
1328;6/2021;2021_6_26;espanja;1
1328;6/2021;2021_6_26;espanjaa;1
1328;6/2021;2021_6_26;espanjan;1
1328;6/2021;2021_6_26;estetä;1
1328;6/2021;2021_6_26;ette;1
1328;6/2021;2021_6_26;ettei;2
1328;6/2021;2021_6_26;että;5
1328;6/2021;2021_6_26;eu;5
1328;6/2021;2021_6_26;eu-veroina;1
1328;6/2021;2021_6_26;euhun;1
1328;6/2021;2021_6_26;eulle;1
1328;6/2021;2021_6_26;eun;6
1328;6/2021;2021_6_26;euroa;3
1328;6/2021;2021_6_26;euroilla;1
1328;6/2021;2021_6_26;euroja;2
1328;6/2021;2021_6_26;euron;1
1328;6/2021;2021_6_26;eusta;1
1328;6/2021;2021_6_26;hakee;1
1328;6/2021;2021_6_26;hallitukselta;1
1328;6/2021;2021_6_26;he;2
1328;6/2021;2021_6_26;heikkenee;1
1328;6/2021;2021_6_26;heinäkuussa;1
1328;6/2021;2021_6_26;hoida;1
1328;6/2021;2021_6_26;huomiolle;1
1328;6/2021;2021_6_26;huonosti;2
1328;6/2021;2021_6_26;hyväksi;1
1328;6/2021;2021_6_26;höynäytettiin;1
1328;6/2021;2021_6_26;instrumenttia;1
1328;6/2021;2021_6_26;italia;1
1328;6/2021;2021_6_26;italiaa;1
1328;6/2021;2021_6_26;italian;1
1328;6/2021;2021_6_26;ja;20
1328;6/2021;2021_6_26;jakavat;1
1328;6/2021;2021_6_26;johdosta;1
1328;6/2021;2021_6_26;johtaa;1
1328;6/2021;2021_6_26;joko;1
1328;6/2021;2021_6_26;jopa;1
1328;6/2021;2021_6_26;jos;1
1328;6/2021;2021_6_26;jotkut;1
1328;6/2021;2021_6_26;jäsenmaat;1
1328;6/2021;2021_6_26;jäsenmaiden;1
1328;6/2021;2021_6_26;jäsenvaltiosta;1
1328;6/2021;2021_6_26;jäänyt;1
1328;6/2021;2021_6_26;kansa;1
1328;6/2021;2021_6_26;kasvua;1
1328;6/2021;2021_6_26;kautta;1
1328;6/2021;2021_6_26;kertonut;1
1328;6/2021;2021_6_26;keskeisenä;1
1328;6/2021;2021_6_26;keskeyttää;1
1328;6/2021;2021_6_26;kesällä;2
1328;6/2021;2021_6_26;kevene;1
1328;6/2021;2021_6_26;kilpailua;3
1328;6/2021;2021_6_26;kilpailuetua;1
1328;6/2021;2021_6_26;kilpailukyky;1
1328;6/2021;2021_6_26;kilpailun;1
1328;6/2021;2021_6_26;kilpailusääntöjen;1
1328;6/2021;2021_6_26;koko;4
1328;6/2021;2021_6_26;koputtaa;1
1328;6/2021;2021_6_26;koronan;1
1328;6/2021;2021_6_26;koska;1
1328;6/2021;2021_6_26;kuinka;1
1328;6/2021;2021_6_26;kuitenkaan;1
1328;6/2021;2021_6_26;kuitenkin;1
1328;6/2021;2021_6_26;kun;3
1328;6/2021;2021_6_26;kunnille;1
1328;6/2021;2021_6_26;kustannukset;2
1328;6/2021;2021_6_26;kymmenillä;1
1328;6/2021;2021_6_26;kymmeniä;1
1328;6/2021;2021_6_26;kyse;1
1328;6/2021;2021_6_26;kysymyksen;1
1328;6/2021;2021_6_26;kysyn;1
1328;6/2021;2021_6_26;kärsivät;1
1328;6/2021;2021_6_26;käyttöön;1
1328;6/2021;2021_6_26;lainanhoito;1
1328;6/2021;2021_6_26;lainoja;1
1328;6/2021;2021_6_26;laittaa;1
1328;6/2021;2021_6_26;liian;1
1328;6/2021;2021_6_26;liike;1
1328;6/2021;2021_6_26;liikkuvuutta;1
1328;6/2021;2021_6_26;liittyä;1
1328;6/2021;2021_6_26;lisäksi;1
1328;6/2021;2021_6_26;lisää;1
1328;6/2021;2021_6_26;loppuun;1
1328;6/2021;2021_6_26;luku;1
1328;6/2021;2021_6_26;lukuja;1
1328;6/2021;2021_6_26;luotan;1
1328;6/2021;2021_6_26;luvattiin;3
1328;6/2021;2021_6_26;lähti;1
1328;6/2021;2021_6_26;maakunnille;1
1328;6/2021;2021_6_26;maat;1
1328;6/2021;2021_6_26;maiden;1
1328;6/2021;2021_6_26;maidensa;1
1328;6/2021;2021_6_26;maksaa;2
1328;6/2021;2021_6_26;maksamana;1
1328;6/2021;2021_6_26;maksamme;1
1328;6/2021;2021_6_26;maksujaan;1
1328;6/2021;2021_6_26;maksuosuus;1
1328;6/2021;2021_6_26;mallioppilaana;1
1328;6/2021;2021_6_26;marin;2
1328;6/2021;2021_6_26;meille;1
1328;6/2021;2021_6_26;meitä;1
1328;6/2021;2021_6_26;menneet;1
1328;6/2021;2021_6_26;mennä;1
1328;6/2021;2021_6_26;merkittävästi;1
1328;6/2021;2021_6_26;mihin;3
1328;6/2021;2021_6_26;mikä;1
1328;6/2021;2021_6_26;miljardeilla;1
1328;6/2021;2021_6_26;miljardeja;2
1328;6/2021;2021_6_26;miljardia;7
1328;6/2021;2021_6_26;miljardiin;1
1328;6/2021;2021_6_26;miljardin;2
1328;6/2021;2021_6_26;millaisista;1
1328;6/2021;2021_6_26;minimissään;1
1328;6/2021;2021_6_26;ministereitä;1
1328;6/2021;2021_6_26;ministerit;1
1328;6/2021;2021_6_26;mitä;3
1328;6/2021;2021_6_26;monta;1
1328;6/2021;2021_6_26;muiden;1
1328;6/2021;2021_6_26;mukaan;2
1328;6/2021;2021_6_26;mutta;2
1328;6/2021;2021_6_26;muut;2
1328;6/2021;2021_6_26;muuttuvia;1
1328;6/2021;2021_6_26;myös;1
1328;6/2021;2021_6_26;nettomaksaja;1
1328;6/2021;2021_6_26;neuvotella;1
1328;6/2021;2021_6_26;neuvoteltu;2
1328;6/2021;2021_6_26;niiden;1
1328;6/2021;2021_6_26;niistä;1
1328;6/2021;2021_6_26;niitä;1
1328;6/2021;2021_6_26;nostaa;1
1328;6/2021;2021_6_26;nyt;2
1328;6/2021;2021_6_26;näin;2
1328;6/2021;2021_6_26;näitä;1
1328;6/2021;2021_6_26;näyttää;1
1328;6/2021;2021_6_26;ohella;1
1328;6/2021;2021_6_26;oikealta;1
1328;6/2021;2021_6_26;oikeasti;1
1328;6/2021;2021_6_26;oikeusvaltioperiaatetta;1
1328;6/2021;2021_6_26;ole;1
1328;6/2021;2021_6_26;olette;1
1328;6/2021;2021_6_26;oli;1
1328;6/2021;2021_6_26;ollaan;2
1328;6/2021;2021_6_26;ollut;1
1328;6/2021;2021_6_26;omien;1
1328;6/2021;2021_6_26;omilla;1
1328;6/2021;2021_6_26;on;14
1328;6/2021;2021_6_26;ottamassa;1
1328;6/2021;2021_6_26;ovat;1
1328;6/2021;2021_6_26;paketilla;2
1328;6/2021;2021_6_26;paketin;1
1328;6/2021;2021_6_26;paketissa;1
1328;6/2021;2021_6_26;paketista;1
1328;6/2021;2021_6_26;palveluiden;1
1328;6/2021;2021_6_26;perässä;1
1328;6/2021;2021_6_26;pian;1
1328;6/2021;2021_6_26;pienenee;1
1328;6/2021;2021_6_26;piti;1
1328;6/2021;2021_6_26;pitäisi;2
1328;6/2021;2021_6_26;pitää;2
1328;6/2021;2021_6_26;puhemies;4
1328;6/2021;2021_6_26;puhua;1
1328;6/2021;2021_6_26;puhutaan;1
1328;6/2021;2021_6_26;pysy;1
1328;6/2021;2021_6_26;pysyttekö;1
1328;6/2021;2021_6_26;pääministeri;2
1328;6/2021;2021_6_26;pääomien;1
1328;6/2021;2021_6_26;rahojamme;1
1328;6/2021;2021_6_26;rouva;1
1328;6/2021;2021_6_26;saada;1
1328;6/2021;2021_6_26;saamme;1
1328;6/2021;2021_6_26;saavat;2
1328;6/2021;2021_6_26;samaan;1
1328;6/2021;2021_6_26;sanoitte;1
1328;6/2021;2021_6_26;se;8
1328;6/2021;2021_6_26;seitsemässä;1
1328;6/2021;2021_6_26;selkeän;1
1328;6/2021;2021_6_26;selkeät;1
1328;6/2021;2021_6_26;sellaiseen;1
1328;6/2021;2021_6_26;sen;1
1328;6/2021;2021_6_26;seuraa;1
1328;6/2021;2021_6_26;siihen;2
1328;6/2021;2021_6_26;sijaan;1
1328;6/2021;2021_6_26;siksi;2
1328;6/2021;2021_6_26;silloin;2
1328;6/2021;2021_6_26;siltä;1
1328;6/2021;2021_6_26;sitten;1
1328;6/2021;2021_6_26;sitä;2
1328;6/2021;2021_6_26;sitäkään;1
1328;6/2021;2021_6_26;sopimuksella;1
1328;6/2021;2021_6_26;sopimus;1
1328;6/2021;2021_6_26;sopivat;2
1328;6/2021;2021_6_26;sovittiin;1
1328;6/2021;2021_6_26;summa;1
1328;6/2021;2021_6_26;summista;1
1328;6/2021;2021_6_26;suomalaiset;1
1328;6/2021;2021_6_26;suomalaisiin;1
1328;6/2021;2021_6_26;suomalaisille;1
1328;6/2021;2021_6_26;suomen;6
1328;6/2021;2021_6_26;suomi;4
1328;6/2021;2021_6_26;suoranaisesti;1
1328;6/2021;2021_6_26;suuntaan;1
1328;6/2021;2021_6_26;tai;1
1328;6/2021;2021_6_26;takaa;1
1328;6/2021;2021_6_26;takaisin;2
1328;6/2021;2021_6_26;takia;1
1328;6/2021;2021_6_26;talman;3
1328;6/2021;2021_6_26;tarkkarajaisuutta;2
1328;6/2021;2021_6_26;tavaroiden;1
1328;6/2021;2021_6_26;tehtävänä;1
1328;6/2021;2021_6_26;teiltä;1
1328;6/2021;2021_6_26;tekivät;1
1328;6/2021;2021_6_26;tiedä;1
1328;6/2021;2021_6_26;tienneet;1
1328;6/2021;2021_6_26;tilanteesta;1
1328;6/2021;2021_6_26;toimenpiteillä;1
1328;6/2021;2021_6_26;toimillaan;1
1328;6/2021;2021_6_26;toimivan;1
1328;6/2021;2021_6_26;toiseen;1
1328;6/2021;2021_6_26;toissijaisesti;1
1328;6/2021;2021_6_26;tuetaan;1
1328;6/2021;2021_6_26;tulee;1
1328;6/2021;2021_6_26;tullut;3
1328;6/2021;2021_6_26;tuore;1
1328;6/2021;2021_6_26;tähän;1
1328;6/2021;2021_6_26;tällä;2
1328;6/2021;2021_6_26;tämä;2
1328;6/2021;2021_6_26;tämän;1
1328;6/2021;2021_6_26;tärkeä;1
1328;6/2021;2021_6_26;tärkeätä;2
1328;6/2021;2021_6_26;tässä;1
1328;6/2021;2021_6_26;tästä;3
1328;6/2021;2021_6_26;unionia;1
1328;6/2021;2021_6_26;unioniin;1
1328;6/2021;2021_6_26;uusiksi;2
1328;6/2021;2021_6_26;uutta;1
1328;6/2021;2021_6_26;vaan;1
1328;6/2021;2021_6_26;vain;2
1328;6/2021;2021_6_26;vakuus;1
1328;6/2021;2021_6_26;valehtele;1
1328;6/2021;2021_6_26;valtiolle;1
1328;6/2021;2021_6_26;vapaakaupan;1
1328;6/2021;2021_6_26;vapaakauppa;2
1328;6/2021;2021_6_26;vapaata;1
1328;6/2021;2021_6_26;varjossa;1
1328;6/2021;2021_6_26;varmaa;1
1328;6/2021;2021_6_26;varmistaa;1
1328;6/2021;2021_6_26;vasta;1
1328;6/2021;2021_6_26;vastaavat;1
1328;6/2021;2021_6_26;vastaukset;1
1328;6/2021;2021_6_26;vastuista;1
1328;6/2021;2021_6_26;vastuuministereiltä;1
1328;6/2021;2021_6_26;vastuut;1
1328;6/2021;2021_6_26;velan;1
1328;6/2021;2021_6_26;veroja;1
1328;6/2021;2021_6_26;verotus;1
1328;6/2021;2021_6_26;verrattuna;1
1328;6/2021;2021_6_26;vielä;2
1328;6/2021;2021_6_26;viemässä;2
1328;6/2021;2021_6_26;vientimahdollisuuksien;1
1328;6/2021;2021_6_26;vieressä;1
1328;6/2021;2021_6_26;vihreätä;1
1328;6/2021;2021_6_26;voi;2
1328;6/2021;2021_6_26;voimassa;1
1328;6/2021;2021_6_26;voimattomana;1
1328;6/2021;2021_6_26;voivat;1
1328;6/2021;2021_6_26;vuodessa;2
1328;6/2021;2021_6_26;vuosina;1
1328;6/2021;2021_6_26;vuotta;1
1328;6/2021;2021_6_26;vähemmän;1
1328;6/2021;2021_6_26;vähälle;1
1328;6/2021;2021_6_26;välikysymykseen;1
1328;6/2021;2021_6_26;vääristää;3
1328;6/2021;2021_6_26;yhden;1
1328;6/2021;2021_6_26;yhteisvastuullisia;1
1328;6/2021;2021_6_26;yksinkertaisesti;1
1328;6/2021;2021_6_26;yrittäjille;1
1328;6/2021;2021_6_26;yritykset;2
1328;6/2021;2021_6_26;yrityksiin;1
1328;6/2021;2021_6_26;yrityksille;2
1328;6/2021;2021_6_26;yritysten;1
1328;6/2021;2021_6_26;ärade;3
1328;6/2022;2022_6_20;ajankohtaisiin;1
1328;6/2022;2022_6_20;ajantasaisen;1
1328;6/2022;2022_6_20;arviointia;1
1328;6/2022;2022_6_20;arvoisa;3
1328;6/2022;2022_6_20;asemoituminen;1
1328;6/2022;2022_6_20;asianmukaisesti;1
1328;6/2022;2022_6_20;avainasemassa;1
1328;6/2022;2022_6_20;demokratiana;1
1328;6/2022;2022_6_20;edellyttää;1
1328;6/2022;2022_6_20;edessä;1
1328;6/2022;2022_6_20;edistää;1
1328;6/2022;2022_6_20;eduskuntatalon;1
1328;6/2022;2022_6_20;ei;1
1328;6/2022;2022_6_20;enemmän;1
1328;6/2022;2022_6_20;ennakointi;1
1328;6/2022;2022_6_20;ennen;1
1328;6/2022;2022_6_20;ensisijaisesti;1
1328;6/2022;2022_6_20;epätasa-arvoisesta;1
1328;6/2022;2022_6_20;epätasainen;1
1328;6/2022;2022_6_20;erityisesti;1
1328;6/2022;2022_6_20;esimerkiksi;1
1328;6/2022;2022_6_20;eteen;1
1328;6/2022;2022_6_20;että;3
1328;6/2022;2022_6_20;eun;1
1328;6/2022;2022_6_20;euroopan;1
1328;6/2022;2022_6_20;fyysinen;1
1328;6/2022;2022_6_20;haasteisiin;1
1328;6/2022;2022_6_20;haasteita;1
1328;6/2022;2022_6_20;havaita;1
1328;6/2022;2022_6_20;heijastuu;1
1328;6/2022;2022_6_20;helsingin;1
1328;6/2022;2022_6_20;hetkellä;1
1328;6/2022;2022_6_20;huomioon;1
1328;6/2022;2022_6_20;hybridiuhkien;1
1328;6/2022;2022_6_20;hybridivaikuttamista;1
1328;6/2022;2022_6_20;hyvinvoinnin;1
1328;6/2022;2022_6_20;hyväksymisen;1
1328;6/2022;2022_6_20;hyväksyä;1
1328;6/2022;2022_6_20;ihmisoikeuksien;1
1328;6/2022;2022_6_20;ihmisoikeusvelvoitteet;1
1328;6/2022;2022_6_20;intresseihin;1
1328;6/2022;2022_6_20;ja;20
1328;6/2022;2022_6_20;jakautuminen;1
1328;6/2022;2022_6_20;jatkuvaa;1
1328;6/2022;2022_6_20;jatkuvassa;1
1328;6/2022;2022_6_20;jatkuvasti;1
1328;6/2022;2022_6_20;jo;1
1328;6/2022;2022_6_20;joihin;1
1328;6/2022;2022_6_20;joissain;1
1328;6/2022;2022_6_20;joita;1
1328;6/2022;2022_6_20;jos;1
1328;6/2022;2022_6_20;jotta;3
1328;6/2022;2022_6_20;joutua;1
1328;6/2022;2022_6_20;jälkeen;1
1328;6/2022;2022_6_20;jäsenmaissa;1
1328;6/2022;2022_6_20;jäsenvaltioiden;1
1328;6/2022;2022_6_20;kaikki;1
1328;6/2022;2022_6_20;kannata;1
1328;6/2022;2022_6_20;kansainväliset;1
1328;6/2022;2022_6_20;kansalaisten;1
1328;6/2022;2022_6_20;kansallinen;1
1328;6/2022;2022_6_20;kansalliseen;2
1328;6/2022;2022_6_20;kansalliselle;1
1328;6/2022;2022_6_20;kansallisen;3
1328;6/2022;2022_6_20;kansallisesti;1
1328;6/2022;2022_6_20;kansallista;1
1328;6/2022;2022_6_20;kasvaa;1
1328;6/2022;2022_6_20;kehittyminen;1
1328;6/2022;2022_6_20;kehittämisessä;1
1328;6/2022;2022_6_20;keinoin;1
1328;6/2022;2022_6_20;keskeisin;1
1328;6/2022;2022_6_20;keskustassa;1
1328;6/2022;2022_6_20;kilpailu;1
1328;6/2022;2022_6_20;kohdistetaan;1
1328;6/2022;2022_6_20;kohdistuvia;1
1328;6/2022;2022_6_20;kohtelusta;1
1328;6/2022;2022_6_20;koko;1
1328;6/2022;2022_6_20;korostuu;1
1328;6/2022;2022_6_20;koskeviin;1
1328;6/2022;2022_6_20;kyberturvallisuuteen;1
1328;6/2022;2022_6_20;laillisuusvalvonnalla;1
1328;6/2022;2022_6_20;lainsäädännön;4
1328;6/2022;2022_6_20;lainsäädäntö;1
1328;6/2022;2022_6_20;lakien;1
1328;6/2022;2022_6_20;liittyvässä;1
1328;6/2022;2022_6_20;liittyy;1
1328;6/2022;2022_6_20;lisääntyy;1
1328;6/2022;2022_6_20;lunastettava;1
1328;6/2022;2022_6_20;luo;1
1328;6/2022;2022_6_20;luonnonvaroista;1
1328;6/2022;2022_6_20;luottamaan;1
1328;6/2022;2022_6_20;luottamus;2
1328;6/2022;2022_6_20;luottamusta;1
1328;6/2022;2022_6_20;maanpuolustukseen;1
1328;6/2022;2022_6_20;mahdollisia;1
1328;6/2022;2022_6_20;mahdollista;1
1328;6/2022;2022_6_20;mahdollisuuksia;1
1328;6/2022;2022_6_20;meidän;2
1328;6/2022;2022_6_20;merkittäviin;1
1328;6/2022;2022_6_20;merkitys;1
1328;6/2022;2022_6_20;mikä;1
1328;6/2022;2022_6_20;monella;1
1328;6/2022;2022_6_20;muassa;1
1328;6/2022;2022_6_20;mukanaan;1
1328;6/2022;2022_6_20;muodostavat;1
1328;6/2022;2022_6_20;mutta;2
1328;6/2022;2022_6_20;muun;1
1328;6/2022;2022_6_20;muutoksessa;1
1328;6/2022;2022_6_20;muutokset;2
1328;6/2022;2022_6_20;myös;2
1328;6/2022;2022_6_20;nojaavat;1
1328;6/2022;2022_6_20;nyt;1
1328;6/2022;2022_6_20;oikeudellisen;1
1328;6/2022;2022_6_20;oikeudenmukaisuuteen;1
1328;6/2022;2022_6_20;oikeutta;1
1328;6/2022;2022_6_20;olankohautuksella;1
1328;6/2022;2022_6_20;oli;1
1328;6/2022;2022_6_20;olisi;1
1328;6/2022;2022_6_20;olisivat;1
1328;6/2022;2022_6_20;olla;1
1328;6/2022;2022_6_20;ollut;1
1328;6/2022;2022_6_20;oltava;1
1328;6/2022;2022_6_20;omalla;1
1328;6/2022;2022_6_20;on;17
1328;6/2022;2022_6_20;osaltaan;1
1328;6/2022;2022_6_20;osoittanut;1
1328;6/2022;2022_6_20;ottaa;2
1328;6/2022;2022_6_20;ovat;1
1328;6/2022;2022_6_20;parantaa;1
1328;6/2022;2022_6_20;parantaminen;1
1328;6/2022;2022_6_20;pelkästään;1
1328;6/2022;2022_6_20;periaat-teiden;1
1328;6/2022;2022_6_20;perus;1
1328;6/2022;2022_6_20;perustan;1
1328;6/2022;2022_6_20;perustuslaki;1
1328;6/2022;2022_6_20;pitää;2
1328;6/2022;2022_6_20;puhemies;3
1328;6/2022;2022_6_20;puitteissa;1
1328;6/2022;2022_6_20;pystytään;1
1328;6/2022;2022_6_20;pystyä;5
1328;6/2022;2022_6_20;päätöksenteossa;2
1328;6/2022;2022_6_20;raja;3
1328;6/2022;2022_6_20;rajoittamaan;1
1328;6/2022;2022_6_20;ryhtyä;1
1328;6/2022;2022_6_20;saanti;1
1328;6/2022;2022_6_20;se;2
1328;6/2022;2022_6_20;sekä;1
1328;6/2022;2022_6_20;sellainen;1
1328;6/2022;2022_6_20;sen;1
1328;6/2022;2022_6_20;seuraa;1
1328;6/2022;2022_6_20;siksi;2
1328;6/2022;2022_6_20;sitä;1
1328;6/2022;2022_6_20;suojaaminen;1
1328;6/2022;2022_6_20;suojaamiseksi;1
1328;6/2022;2022_6_20;suojelemaan;1
1328;6/2022;2022_6_20;suomalainen;1
1328;6/2022;2022_6_20;suomalaisten;1
1328;6/2022;2022_6_20;suomeen;1
1328;6/2022;2022_6_20;suomessa;1
1328;6/2022;2022_6_20;suomi;1
1328;6/2022;2022_6_20;suoraan;1
1328;6/2022;2022_6_20;suurvalta;1
1328;6/2022;2022_6_20;syrjäytyminen;1
1328;6/2022;2022_6_20;talman;3
1328;6/2022;2022_6_20;tapahtumia;1
1328;6/2022;2022_6_20;tarkastella;1
1328;6/2022;2022_6_20;tarkoitus;1
1328;6/2022;2022_6_20;tarpeellisuutensa;1
1328;6/2022;2022_6_20;tarvittavan;1
1328;6/2022;2022_6_20;tarvittavat;1
1328;6/2022;2022_6_20;tasapainossa;1
1328;6/2022;2022_6_20;tavalla;1
1328;6/2022;2022_6_20;tavoite;1
1328;6/2022;2022_6_20;tavoitteet;1
1328;6/2022;2022_6_20;tavoitteiden;1
1328;6/2022;2022_6_20;tehdään;1
1328;6/2022;2022_6_20;tehokasta;2
1328;6/2022;2022_6_20;tehtävä;1
1328;6/2022;2022_6_20;teknologiaan;1
1328;6/2022;2022_6_20;teknologiakilpailuun;1
1328;6/2022;2022_6_20;teknologian;1
1328;6/2022;2022_6_20;tekoäly;1
1328;6/2022;2022_6_20;tiedon;1
1328;6/2022;2022_6_20;tiedustelulain;1
1328;6/2022;2022_6_20;tiedustelulainsäädännön;5
1328;6/2022;2022_6_20;tiedustelulainsäädäntö;1
1328;6/2022;2022_6_20;tiedustelutoiminnan;4
1328;6/2022;2022_6_20;tiedustelutoiminta;2
1328;6/2022;2022_6_20;tiedusteluyhteistyön;1
1328;6/2022;2022_6_20;tietojen;1
1328;6/2022;2022_6_20;tilanne;1
1328;6/2022;2022_6_20;tilanteissa;1
1328;6/2022;2022_6_20;toimenpiteet;1
1328;6/2022;2022_6_20;toimillaan;1
1328;6/2022;2022_6_20;toiminnot;1
1328;6/2022;2022_6_20;toimintaan;2
1328;6/2022;2022_6_20;toimintaympäristön;1
1328;6/2022;2022_6_20;toimivuutta;1
1328;6/2022;2022_6_20;tolkun;1
1328;6/2022;2022_6_20;torjumaan;1
1328;6/2022;2022_6_20;torjumiseksi;1
1328;6/2022;2022_6_20;torjunnassa;1
1328;6/2022;2022_6_20;toteuttaminen;1
1328;6/2022;2022_6_20;toteuttamista;1
1328;6/2022;2022_6_20;toteutuminen;1
1328;6/2022;2022_6_20;toteutuneet;1
1328;6/2022;2022_6_20;tulee;5
1328;6/2022;2022_6_20;tunne;1
1328;6/2022;2022_6_20;tuovat;1
1328;6/2022;2022_6_20;turvaaminen;1
1328;6/2022;2022_6_20;turvallisuudelle;1
1328;6/2022;2022_6_20;turvallisuuden;4
1328;6/2022;2022_6_20;turvallisuus;1
1328;6/2022;2022_6_20;turvallisuusympäristö;1
1328;6/2022;2022_6_20;turvallisuusympäristöön;1
1328;6/2022;2022_6_20;turvallisuuteen;2
1328;6/2022;2022_6_20;turvallisuutta;1
1328;6/2022;2022_6_20;turvata;1
1328;6/2022;2022_6_20;tällä;1
1328;6/2022;2022_6_20;tämä;1
1328;6/2022;2022_6_20;tämän;1
1328;6/2022;2022_6_20;tärkeät;1
1328;6/2022;2022_6_20;tärkeää;4
1328;6/2022;2022_6_20;täyttä;1
1328;6/2022;2022_6_20;täytyy;2
1328;6/2022;2022_6_20;uhkia;3
1328;6/2022;2022_6_20;uhkien;1
1328;6/2022;2022_6_20;uhkiin;4
1328;6/2022;2022_6_20;unionin;1
1328;6/2022;2022_6_20;uudistus;1
1328;6/2022;2022_6_20;uusi;2
1328;6/2022;2022_6_20;uusia;2
1328;6/2022;2022_6_20;uusiin;1
1328;6/2022;2022_6_20;vaatii;1
1328;6/2022;2022_6_20;vaatimuksia;1
1328;6/2022;2022_6_20;vaihtaminen;1
1328;6/2022;2022_6_20;vaikka;2
1328;6/2022;2022_6_20;vaikuttavat;1
1328;6/2022;2022_6_20;vain;1
1328;6/2022;2022_6_20;vakaa;1
1328;6/2022;2022_6_20;valtakunnan;1
1328;6/2022;2022_6_20;varauduttaessa;1
1328;6/2022;2022_6_20;varautua;1
1328;6/2022;2022_6_20;varautumaan;1
1328;6/2022;2022_6_20;varautuminen;1
1328;6/2022;2022_6_20;vastaamaan;2
1328;6/2022;2022_6_20;vastuulla;1
1328;6/2022;2022_6_20;viikonlopun;1
1328;6/2022;2022_6_20;viime;1
1328;6/2022;2022_6_20;viranomaisten;3
1328;6/2022;2022_6_20;voi;1
1328;6/2022;2022_6_20;voidaan;1
1328;6/2022;2022_6_20;vuonna;1
1328;6/2022;2022_6_20;välillä;1
1328;6/2022;2022_6_20;yhteiskunnalliset;1
1328;6/2022;2022_6_20;yhteiskunnallisiin;1
1328;6/2022;2022_6_20;yhteiskunnan;2
1328;6/2022;2022_6_20;yhteistyö;1
1328;6/2022;2022_6_20;yhteistyön;1
1328;6/2022;2022_6_20;yhä;1
1328;6/2022;2022_6_20;yksilön;1
1328;6/2022;2022_6_20;yleisten;1
1328;6/2022;2022_6_20;ylipäätään;1
1328;6/2022;2022_6_20;ymmärtää;2
1328;6/2022;2022_6_20;ympäristön;1
1328;6/2022;2022_6_20;ärade;3
1328;6/2024;2024_6_93;aiheuttaneet;1
1328;6/2024;2024_6_93;ajatellaan;1
1328;6/2024;2024_6_93;arvoisa;1
1328;6/2024;2024_6_93;eivät;1
1328;6/2024;2024_6_93;eivätkä;1
1328;6/2024;2024_6_93;esimerkki;1
1328;6/2024;2024_6_93;etsitte;1
1328;6/2024;2024_6_93;että;3
1328;6/2024;2024_6_93;gazassa;1
1328;6/2024;2024_6_93;hamasin;1
1328;6/2024;2024_6_93;hyvä;1
1328;6/2024;2024_6_93;hyökkäys;1
1328;6/2024;2024_6_93;hyökätään;1
1328;6/2024;2024_6_93;hädässä;1
1328;6/2024;2024_6_93;ihminen;1
1328;6/2024;2024_6_93;israelin;1
1328;6/2024;2024_6_93;ja;3
1328;6/2024;2024_6_93;johtaneet;1
1328;6/2024;2024_6_93;jos;2
1328;6/2024;2024_6_93;kauhea;1
1328;6/2024;2024_6_93;koko;1
1328;6/2024;2024_6_93;kun;1
1328;6/2024;2024_6_93;kuolla;1
1328;6/2024;2024_6_93;kuollut;1
1328;6/2024;2024_6_93;kysymys;1
1328;6/2024;2024_6_93;lapset;2
1328;6/2024;2024_6_93;lapsia;1
1328;6/2024;2024_6_93;lasta;3
1328;6/2024;2024_6_93;melkein;1
1328;6/2024;2024_6_93;mielestänne;1
1328;6/2024;2024_6_93;miettiä;1
1328;6/2024;2024_6_93;miltä;1
1328;6/2024;2024_6_93;mitkä;1
1328;6/2024;2024_6_93;mitään;1
1328;6/2024;2024_6_93;myös;1
1328;6/2024;2024_6_93;määrä;1
1328;6/2024;2024_6_93;ne;1
1328;6/2024;2024_6_93;neuvotteluissa;1
1328;6/2024;2024_6_93;niin;2
1328;6/2024;2024_6_93;niitä;1
1328;6/2024;2024_6_93;nämä;1
1328;6/2024;2024_6_93;ole;1
1328;6/2024;2024_6_93;olette;1
1328;6/2024;2024_6_93;omat;1
1328;6/2024;2024_6_93;on;3
1328;6/2024;2024_6_93;orpo;1
1328;6/2024;2024_6_93;otetaan;1
1328;6/2024;2024_6_93;ovat;3
1328;6/2024;2024_6_93;puhemies;1
1328;6/2024;2024_6_93;pääministeri;1
1328;6/2024;2024_6_93;rafahiin;1
1328;6/2024;2024_6_93;ratkaisuja;1
1328;6/2024;2024_6_93;ratkaisut;1
1328;6/2024;2024_6_93;raukkamainen;1
1328;6/2024;2024_6_93;ryhmästä;1
1328;6/2024;2024_6_93;sanonut;1
1328;6/2024;2024_6_93;se;1
1328;6/2024;2024_6_93;siellä;2
1328;6/2024;2024_6_93;sielläkin;1
1328;6/2024;2024_6_93;siihen;1
1328;6/2024;2024_6_93;sitä;1
1328;6/2024;2024_6_93;sodasta;1
1328;6/2024;2024_6_93;sota;1
1328;6/2024;2024_6_93;sotaa;1
1328;6/2024;2024_6_93;talman;1
1328;6/2024;2024_6_93;tapettu;1
1328;6/2024;2024_6_93;tehneet;1
1328;6/2024;2024_6_93;teidän;1
1328;6/2024;2024_6_93;tilanteessa;1
1328;6/2024;2024_6_93;tuntuu;1
1328;6/2024;2024_6_93;tuommoisessa;1
1328;6/2024;2024_6_93;tässä;1
1328;6/2024;2024_6_93;ukrainan;1
1328;6/2024;2024_6_93;varmasti;1
1328;6/2024;2024_6_93;vasemmistoliiton;1
1328;6/2024;2024_6_93;voi;2
1328;6/2024;2024_6_93;vähän;1
1328;6/2024;2024_6_93;yli;1
1328;6/2024;2024_6_93;ärade;1
1328;60/2021;2021_60_69;aikaiseksi;1
1328;60/2021;2021_60_69;aikana;1
1328;60/2021;2021_60_69;arenan;1
1328;60/2021;2021_60_69;arvoisa;1
1328;60/2021;2021_60_69;ei;5
1328;60/2021;2021_60_69;eikä;1
1328;60/2021;2021_60_69;eli;1
1328;60/2021;2021_60_69;eniten;1
1328;60/2021;2021_60_69;ennustettavuutta;1
1328;60/2021;2021_60_69;eri;2
1328;60/2021;2021_60_69;ette;1
1328;60/2021;2021_60_69;että;2
1328;60/2021;2021_60_69;etukäteen;1
1328;60/2021;2021_60_69;exit-suunnitelmaa;1
1328;60/2021;2021_60_69;hallitus;1
1328;60/2021;2021_60_69;hartwall;1
1328;60/2021;2021_60_69;henkilöä;1
1328;60/2021;2021_60_69;huutelevat;1
1328;60/2021;2021_60_69;hyvän;1
1328;60/2021;2021_60_69;isoja;1
1328;60/2021;2021_60_69;ja;2
1328;60/2021;2021_60_69;joka;3
1328;60/2021;2021_60_69;joku;1
1328;60/2021;2021_60_69;jolla;1
1328;60/2021;2021_60_69;jouduttiin;1
1328;60/2021;2021_60_69;järjestetty;1
1328;60/2021;2021_60_69;järjestetä;1
1328;60/2021;2021_60_69;järjestää;1
1328;60/2021;2021_60_69;kelle;1
1328;60/2021;2021_60_69;kesänäkään;1
1328;60/2021;2021_60_69;ketään;1
1328;60/2021;2021_60_69;kohta;1
1328;60/2021;2021_60_69;koko;1
1328;60/2021;2021_60_69;koronan;1
1328;60/2021;2021_60_69;koska;1
1328;60/2021;2021_60_69;kun;1
1328;60/2021;2021_60_69;kymmenen;1
1328;60/2021;2021_60_69;kyse;1
1328;60/2021;2021_60_69;lopettamaan;1
1328;60/2021;2021_60_69;luulen;1
1328;60/2021;2021_60_69;mahdollista;1
1328;60/2021;2021_60_69;miksi;1
1328;60/2021;2021_60_69;ministerit;1
1328;60/2021;2021_60_69;mistä;2
1328;60/2021;2021_60_69;mitään;4
1328;60/2021;2021_60_69;muuten;1
1328;60/2021;2021_60_69;myös;1
1328;60/2021;2021_60_69;nyt;1
1328;60/2021;2021_60_69;näitä;1
1328;60/2021;2021_60_69;näytä;1
1328;60/2021;2021_60_69;ole;3
1328;60/2021;2021_60_69;olen;2
1328;60/2021;2021_60_69;oli;1
1328;60/2021;2021_60_69;olla;1
1328;60/2021;2021_60_69;omistanut;2
1328;60/2021;2021_60_69;on;3
1328;60/2021;2021_60_69;paljon;1
1328;60/2021;2021_60_69;pitkäjänteistä;1
1328;60/2021;2021_60_69;puhemies;1
1328;60/2021;2021_60_69;puhun;1
1328;60/2021;2021_60_69;puoleentoista;1
1328;60/2021;2021_60_69;päätöksiä;1
1328;60/2021;2021_60_69;päätös;1
1328;60/2021;2021_60_69;ravintola-alalla;1
1328;60/2021;2021_60_69;saa;1
1328;60/2021;2021_60_69;se;1
1328;60/2021;2021_60_69;sekä;1
1328;60/2021;2021_60_69;suomessa;1
1328;60/2021;2021_60_69;suunnitellaan;1
1328;60/2021;2021_60_69;sään;1
1328;60/2021;2021_60_69;takia;1
1328;60/2021;2021_60_69;talman;1
1328;60/2021;2021_60_69;tapahtuma;1
1328;60/2021;2021_60_69;tapahtuma-alalla;1
1328;60/2021;2021_60_69;tapahtuma-alan;1
1328;60/2021;2021_60_69;tapahtumia;2
1328;60/2021;2021_60_69;tarvitsevat;1
1328;60/2021;2021_60_69;tehdä;1
1328;60/2021;2021_60_69;teidän;1
1328;60/2021;2021_60_69;teillä;1
1328;60/2021;2021_60_69;tietäväni;1
1328;60/2021;2021_60_69;toiminnallanne;1
1328;60/2021;2021_60_69;tultava;1
1328;60/2021;2021_60_69;työtä;1
1328;60/2021;2021_60_69;tähän;1
1328;60/2021;2021_60_69;tänä;1
1328;60/2021;2021_60_69;töissä;1
1328;60/2021;2021_60_69;vain;1
1328;60/2021;2021_60_69;varmaan;1
1328;60/2021;2021_60_69;viestejä;1
1328;60/2021;2021_60_69;vuoteen;1
1328;60/2021;2021_60_69;ymmärtäkää;1
1328;60/2021;2021_60_69;ymmärtävän;1
1328;60/2021;2021_60_69;yrityksen;1
1328;60/2021;2021_60_69;yritykset;1
1328;60/2021;2021_60_69;ärade;1
1328;60/2022;2022_60_87;antavia;1
1328;60/2022;2022_60_87;arvoisa;1
1328;60/2022;2022_60_87;asiassa;1
1328;60/2022;2022_60_87;eli;1
1328;60/2022;2022_60_87;ja;2
1328;60/2022;2022_60_87;jos;1
1328;60/2022;2022_60_87;jälkeen;1
1328;60/2022;2022_60_87;kannattaneet;1
1328;60/2022;2022_60_87;kanssa;1
1328;60/2022;2022_60_87;kanta-hämeen;1
1328;60/2022;2022_60_87;kiitos;1
1328;60/2022;2022_60_87;koko;1
1328;60/2022;2022_60_87;kysyisinkin;1
1328;60/2022;2022_60_87;lähteä;1
1328;60/2022;2022_60_87;maksuun;1
1328;60/2022;2022_60_87;ministeriltä;1
1328;60/2022;2022_60_87;miten;1
1328;60/2022;2022_60_87;nehän;1
1328;60/2022;2022_60_87;neuvottelemaan;1
1328;60/2022;2022_60_87;neuvottelijat;1
1328;60/2022;2022_60_87;neuvottelijoita;2
1328;60/2022;2022_60_87;niin;1
1328;60/2022;2022_60_87;nyt;1
1328;60/2022;2022_60_87;näitä;2
1328;60/2022;2022_60_87;nämä;1
1328;60/2022;2022_60_87;ohjeistanut;2
1328;60/2022;2022_60_87;olemaan;1
1328;60/2022;2022_60_87;on;2
1328;60/2022;2022_60_87;onko;1
1328;60/2022;2022_60_87;ovat;1
1328;60/2022;2022_60_87;paikallista;1
1328;60/2022;2022_60_87;palkathan;1
1328;60/2022;2022_60_87;palkkaratkaisulle;1
1328;60/2022;2022_60_87;palkoista;1
1328;60/2022;2022_60_87;puhemies;1
1328;60/2022;2022_60_87;pääsevät;1
1328;60/2022;2022_60_87;päättänyt;1
1328;60/2022;2022_60_87;ryn;1
1328;60/2022;2022_60_87;sairaanhoitajien;1
1328;60/2022;2022_60_87;sairaanhoitopiiri;1
1328;60/2022;2022_60_87;sillä;1
1328;60/2022;2022_60_87;sopimista;1
1328;60/2022;2022_60_87;sosialidemokraatit;1
1328;60/2022;2022_60_87;sote;1
1328;60/2022;2022_60_87;suuntaa;1
1328;60/2022;2022_60_87;talman;1
1328;60/2022;2022_60_87;tulevaisuudessa;1
1328;60/2022;2022_60_87;tulevat;2
1328;60/2022;2022_60_87;tuloksiin;1
1328;60/2022;2022_60_87;tälle;1
1328;60/2022;2022_60_87;tässä;1
1328;60/2022;2022_60_87;valtio;2
1328;60/2022;2022_60_87;valtiolta;1
1328;60/2022;2022_60_87;vasemmistoliitto;1
1328;60/2022;2022_60_87;vuodenvaihteen;1
1328;60/2022;2022_60_87;ärade;1
1328;60/2023;2023_60_26;aika;2
1328;60/2023;2023_60_26;aikaa;2
1328;60/2023;2023_60_26;aikaan;3
1328;60/2023;2023_60_26;aikaiseksi;1
1328;60/2023;2023_60_26;aivan;1
1328;60/2023;2023_60_26;ajatuksia;1
1328;60/2023;2023_60_26;alamäki;1
1328;60/2023;2023_60_26;alkaa;1
1328;60/2023;2023_60_26;alta;1
1328;60/2023;2023_60_26;annettu;1
1328;60/2023;2023_60_26;arvoisa;4
1328;60/2023;2023_60_26;asiat;2
1328;60/2023;2023_60_26;asioita;1
1328;60/2023;2023_60_26;digitalisaatioon;1
1328;60/2023;2023_60_26;eduskuntavaaleja;1
1328;60/2023;2023_60_26;ei;10
1328;60/2023;2023_60_26;eli;1
1328;60/2023;2023_60_26;emme;1
1328;60/2023;2023_60_26;enemmän;1
1328;60/2023;2023_60_26;energiamurrokseen;1
1328;60/2023;2023_60_26;ennemmin;1
1328;60/2023;2023_60_26;ennen;1
1328;60/2023;2023_60_26;erittäin;2
1328;60/2023;2023_60_26;erityisesti;1
1328;60/2023;2023_60_26;esteitä;1
1328;60/2023;2023_60_26;että;8
1328;60/2023;2023_60_26;euroa;1
1328;60/2023;2023_60_26;euroja;1
1328;60/2023;2023_60_26;eurolla;1
1328;60/2023;2023_60_26;hallituksen;1
1328;60/2023;2023_60_26;hallitus;2
1328;60/2023;2023_60_26;haluamme;1
1328;60/2023;2023_60_26;halutaan;2
1328;60/2023;2023_60_26;heikkenee;1
1328;60/2023;2023_60_26;helppoja;1
1328;60/2023;2023_60_26;heräämme;1
1328;60/2023;2023_60_26;hiljaa;1
1328;60/2023;2023_60_26;huolissani;1
1328;60/2023;2023_60_26;huonosti;1
1328;60/2023;2023_60_26;hyvin;1
1328;60/2023;2023_60_26;hyviä;1
1328;60/2023;2023_60_26;hyvä;1
1328;60/2023;2023_60_26;hyvältä;1
1328;60/2023;2023_60_26;hyvää;1
1328;60/2023;2023_60_26;idea;1
1328;60/2023;2023_60_26;ihmisille;1
1328;60/2023;2023_60_26;ihmisiä;1
1328;60/2023;2023_60_26;ihmistä;1
1328;60/2023;2023_60_26;ikävät;1
1328;60/2023;2023_60_26;ilmastosta;1
1328;60/2023;2023_60_26;investoimaan;1
1328;60/2023;2023_60_26;investoinneista;1
1328;60/2023;2023_60_26;investointeja;1
1328;60/2023;2023_60_26;investointien;1
1328;60/2023;2023_60_26;itsenäisyys;1
1328;60/2023;2023_60_26;ja;26
1328;60/2023;2023_60_26;jalostusarvoa;1
1328;60/2023;2023_60_26;jarrua;1
1328;60/2023;2023_60_26;jatkua;1
1328;60/2023;2023_60_26;joita;2
1328;60/2023;2023_60_26;jokaiselle;1
1328;60/2023;2023_60_26;jopa;1
1328;60/2023;2023_60_26;jos;1
1328;60/2023;2023_60_26;julkinen;1
1328;60/2023;2023_60_26;julkisen;1
1328;60/2023;2023_60_26;julkisessa;1
1328;60/2023;2023_60_26;junarataan;1
1328;60/2023;2023_60_26;jussi;1
1328;60/2023;2023_60_26;juuri;1
1328;60/2023;2023_60_26;jyrkkenee;1
1328;60/2023;2023_60_26;jäljessä;1
1328;60/2023;2023_60_26;järjestelmän;1
1328;60/2023;2023_60_26;jättää;1
1328;60/2023;2023_60_26;jäävät;1
1328;60/2023;2023_60_26;kaasua;1
1328;60/2023;2023_60_26;kaikki;3
1328;60/2023;2023_60_26;kaikkien;2
1328;60/2023;2023_60_26;kaipaavat;1
1328;60/2023;2023_60_26;kannattaa;1
1328;60/2023;2023_60_26;kannustaa;3
1328;60/2023;2023_60_26;kansainväliseen;1
1328;60/2023;2023_60_26;kansalla;1
1328;60/2023;2023_60_26;karmeaan;1
1328;60/2023;2023_60_26;kasvaa;1
1328;60/2023;2023_60_26;kasvattaa;1
1328;60/2023;2023_60_26;kasvu;1
1328;60/2023;2023_60_26;kasvusta;1
1328;60/2023;2023_60_26;kasvutarinan;3
1328;60/2023;2023_60_26;kasvuun;3
1328;60/2023;2023_60_26;kauan;2
1328;60/2023;2023_60_26;keskustalainen;1
1328;60/2023;2023_60_26;kestää;1
1328;60/2023;2023_60_26;kiihtyy;1
1328;60/2023;2023_60_26;kilpailu;1
1328;60/2023;2023_60_26;kilpailukykyyn;1
1328;60/2023;2023_60_26;kilpailukykyä;1
1328;60/2023;2023_60_26;kiristyy;1
1328;60/2023;2023_60_26;koko;1
1328;60/2023;2023_60_26;kompromisseja;1
1328;60/2023;2023_60_26;konkurssiin;1
1328;60/2023;2023_60_26;korkokulut;1
1328;60/2023;2023_60_26;koulutustaso;1
1328;60/2023;2023_60_26;kuin;4
1328;60/2023;2023_60_26;kuinka;1
1328;60/2023;2023_60_26;kun;3
1328;60/2023;2023_60_26;kunniapaikalle;1
1328;60/2023;2023_60_26;kuntoon;1
1328;60/2023;2023_60_26;kuuluu;1
1328;60/2023;2023_60_26;kuunnella;1
1328;60/2023;2023_60_26;kysymään;1
1328;60/2023;2023_60_26;käsittämätöntä;1
1328;60/2023;2023_60_26;kääntää;1
1328;60/2023;2023_60_26;laittamaan;1
1328;60/2023;2023_60_26;lama;1
1328;60/2023;2023_60_26;lapsillemme;1
1328;60/2023;2023_60_26;laskee;1
1328;60/2023;2023_60_26;liian;2
1328;60/2023;2023_60_26;liikkumavaran;1
1328;60/2023;2023_60_26;lintilä;1
1328;60/2023;2023_60_26;lisäksi;1
1328;60/2023;2023_60_26;lisätä;1
1328;60/2023;2023_60_26;lisää;1
1328;60/2023;2023_60_26;lohi;1
1328;60/2023;2023_60_26;loitolla;1
1328;60/2023;2023_60_26;lokakuussa;1
1328;60/2023;2023_60_26;loppuu;1
1328;60/2023;2023_60_26;lopulla;1
1328;60/2023;2023_60_26;lujilla;1
1328;60/2023;2023_60_26;luottamus;1
1328;60/2023;2023_60_26;luvattiin;1
1328;60/2023;2023_60_26;lähdetään;1
1328;60/2023;2023_60_26;länsirataan;1
1328;60/2023;2023_60_26;lääkkeitä;1
1328;60/2023;2023_60_26;löysiä;1
1328;60/2023;2023_60_26;löytyy;1
1328;60/2023;2023_60_26;löytää;1
1328;60/2023;2023_60_26;maahanmuutosta;1
1328;60/2023;2023_60_26;maahanmuuttoa;1
1328;60/2023;2023_60_26;maailmalla;1
1328;60/2023;2023_60_26;markus;1
1328;60/2023;2023_60_26;meidän;1
1328;60/2023;2023_60_26;meille;1
1328;60/2023;2023_60_26;menimme;1
1328;60/2023;2023_60_26;mennä;2
1328;60/2023;2023_60_26;miesten;1
1328;60/2023;2023_60_26;mika;1
1328;60/2023;2023_60_26;miljardeja;1
1328;60/2023;2023_60_26;miljardia;1
1328;60/2023;2023_60_26;miljardilla;1
1328;60/2023;2023_60_26;minuuttia;1
1328;60/2023;2023_60_26;mistä;1
1328;60/2023;2023_60_26;mitään;3
1328;60/2023;2023_60_26;mukana;1
1328;60/2023;2023_60_26;mutta;4
1328;60/2023;2023_60_26;muutoksia;1
1328;60/2023;2023_60_26;myydään;1
1328;60/2023;2023_60_26;myymään;1
1328;60/2023;2023_60_26;myöhemmin;1
1328;60/2023;2023_60_26;myös;1
1328;60/2023;2023_60_26;määrä;1
1328;60/2023;2023_60_26;naurua;1
1328;60/2023;2023_60_26;ne;1
1328;60/2023;2023_60_26;neljällä;1
1328;60/2023;2023_60_26;neljänneksellä;1
1328;60/2023;2023_60_26;neljässä;1
1328;60/2023;2023_60_26;niiden;1
1328;60/2023;2023_60_26;niin;3
1328;60/2023;2023_60_26;niitä;2
1328;60/2023;2023_60_26;nollassa;1
1328;60/2023;2023_60_26;nopeammin;1
1328;60/2023;2023_60_26;nostaa;2
1328;60/2023;2023_60_26;nuorten;1
1328;60/2023;2023_60_26;nykyiseen;1
1328;60/2023;2023_60_26;nyt;6
1328;60/2023;2023_60_26;näin;1
1328;60/2023;2023_60_26;näitä;1
1328;60/2023;2023_60_26;näytä;1
1328;60/2023;2023_60_26;odotellessa;1
1328;60/2023;2023_60_26;oikeasti;1
1328;60/2023;2023_60_26;oikeat;1
1328;60/2023;2023_60_26;oikein;1
1328;60/2023;2023_60_26;oikeudenmukaisuudesta;1
1328;60/2023;2023_60_26;ole;7
1328;60/2023;2023_60_26;olemme;1
1328;60/2023;2023_60_26;olen;1
1328;60/2023;2023_60_26;oli;1
1328;60/2023;2023_60_26;olla;1
1328;60/2023;2023_60_26;omaisuutta;1
1328;60/2023;2023_60_26;on;17
1328;60/2023;2023_60_26;ongelmana;1
1328;60/2023;2023_60_26;osinkoverotukseen;2
1328;60/2023;2023_60_26;ostovoima;1
1328;60/2023;2023_60_26;pahempaa;1
1328;60/2023;2023_60_26;painaa;2
1328;60/2023;2023_60_26;pakko;1
1328;60/2023;2023_60_26;paljon;2
1328;60/2023;2023_60_26;palkkaamaan;1
1328;60/2023;2023_60_26;panna;2
1328;60/2023;2023_60_26;pannaan;1
1328;60/2023;2023_60_26;panokset;1
1328;60/2023;2023_60_26;parantaa;1
1328;60/2023;2023_60_26;pelkästään;1
1328;60/2023;2023_60_26;perustaa;1
1328;60/2023;2023_60_26;pidettävä;1
1328;60/2023;2023_60_26;pienellä;1
1328;60/2023;2023_60_26;pikaisia;1
1328;60/2023;2023_60_26;pistää;1
1328;60/2023;2023_60_26;pitäisi;3
1328;60/2023;2023_60_26;pitää;8
1328;60/2023;2023_60_26;poliittisen;1
1328;60/2023;2023_60_26;politiikassa;1
1328;60/2023;2023_60_26;prosentilla;1
1328;60/2023;2023_60_26;puheenvuoro;1
1328;60/2023;2023_60_26;puhemies;4
1328;60/2023;2023_60_26;puhuttu;1
1328;60/2023;2023_60_26;puolen;1
1328;60/2023;2023_60_26;putoaa;1
1328;60/2023;2023_60_26;päälle;1
1328;60/2023;2023_60_26;päästään;1
1328;60/2023;2023_60_26;päättyy;1
1328;60/2023;2023_60_26;päätökset;2
1328;60/2023;2023_60_26;päätöksiä;2
1328;60/2023;2023_60_26;rakennusteollisuuteen;1
1328;60/2023;2023_60_26;rakentaminen;1
1328;60/2023;2023_60_26;ratamiljardit;1
1328;60/2023;2023_60_26;ratkaisuja;1
1328;60/2023;2023_60_26;rikki;1
1328;60/2023;2023_60_26;ruotsia;1
1328;60/2023;2023_60_26;saada;2
1328;60/2023;2023_60_26;saadaan;1
1328;60/2023;2023_60_26;samaan;1
1328;60/2023;2023_60_26;sanoa;1
1328;60/2023;2023_60_26;saramo;2
1328;60/2023;2023_60_26;se;2
1328;60/2023;2023_60_26;seinään;1
1328;60/2023;2023_60_26;sekava;1
1328;60/2023;2023_60_26;sekä;2
1328;60/2023;2023_60_26;selkeämmin;1
1328;60/2023;2023_60_26;selvitellä;1
1328;60/2023;2023_60_26;selvitellään;1
1328;60/2023;2023_60_26;siellä;1
1328;60/2023;2023_60_26;siihen;1
1328;60/2023;2023_60_26;sijoittaa;1
1328;60/2023;2023_60_26;sille;1
1328;60/2023;2023_60_26;sitten;1
1328;60/2023;2023_60_26;sota;1
1328;60/2023;2023_60_26;sote;1
1328;60/2023;2023_60_26;suomalaiset;1
1328;60/2023;2023_60_26;suomalaisten;2
1328;60/2023;2023_60_26;suomella;1
1328;60/2023;2023_60_26;suomen;2
1328;60/2023;2023_60_26;suomi;5
1328;60/2023;2023_60_26;suunnasta;1
1328;60/2023;2023_60_26;suunnitellaan;1
1328;60/2023;2023_60_26;suunnitelmien;1
1328;60/2023;2023_60_26;suunta;1
1328;60/2023;2023_60_26;synkempi;1
1328;60/2023;2023_60_26;syntyy;2
1328;60/2023;2023_60_26;taantumaan;1
1328;60/2023;2023_60_26;tai;6
1328;60/2023;2023_60_26;talman;4
1328;60/2023;2023_60_26;taloja;1
1328;60/2023;2023_60_26;taloudellinen;1
1328;60/2023;2023_60_26;taloudellisessa;1
1328;60/2023;2023_60_26;talouden;3
1328;60/2023;2023_60_26;taloudessa;1
1328;60/2023;2023_60_26;talous;2
1328;60/2023;2023_60_26;talouskasvun;1
1328;60/2023;2023_60_26;talouskasvuun;1
1328;60/2023;2023_60_26;taloyhtiöiden;1
1328;60/2023;2023_60_26;talvelle;1
1328;60/2023;2023_60_26;tarvitsee;3
1328;60/2023;2023_60_26;tasapainoon;1
1328;60/2023;2023_60_26;tavoitteiden;1
1328;60/2023;2023_60_26;tavoitteissa;2
1328;60/2023;2023_60_26;tehdään;2
1328;60/2023;2023_60_26;tehtäisiin;1
1328;60/2023;2023_60_26;tehtävä;1
1328;60/2023;2023_60_26;tekeminen;1
1328;60/2023;2023_60_26;tekemättä;1
1328;60/2023;2023_60_26;tekniseen;1
1328;60/2023;2023_60_26;tekoälyyn;1
1328;60/2023;2023_60_26;tilanne;1
1328;60/2023;2023_60_26;tilanteessa;1
1328;60/2023;2023_60_26;toimeen;1
1328;60/2023;2023_60_26;toimivuuteen;1
1328;60/2023;2023_60_26;tukea;1
1328;60/2023;2023_60_26;tulossa;2
1328;60/2023;2023_60_26;tunne;1
1328;60/2023;2023_60_26;tuntuu;1
1328;60/2023;2023_60_26;tuotettiin;1
1328;60/2023;2023_60_26;tuottavaa;1
1328;60/2023;2023_60_26;tuottavampia;1
1328;60/2023;2023_60_26;turkuun;1
1328;60/2023;2023_60_26;turun;1
1328;60/2023;2023_60_26;turvallisuus;1
1328;60/2023;2023_60_26;tuulivoimaa;1
1328;60/2023;2023_60_26;työ;1
1328;60/2023;2023_60_26;työllisiä;1
1328;60/2023;2023_60_26;työmarkkinat;1
1328;60/2023;2023_60_26;työntekoa;1
1328;60/2023;2023_60_26;työpaikat;1
1328;60/2023;2023_60_26;työpaikkoja;2
1328;60/2023;2023_60_26;työperäisestä;1
1328;60/2023;2023_60_26;työperäistä;1
1328;60/2023;2023_60_26;työryhmiä;1
1328;60/2023;2023_60_26;työttömiä;1
1328;60/2023;2023_60_26;työvoiman;1
1328;60/2023;2023_60_26;tähdätä;1
1328;60/2023;2023_60_26;tälle;1
1328;60/2023;2023_60_26;tämä;1
1328;60/2023;2023_60_26;tärkeää;2
1328;60/2023;2023_60_26;tässä;2
1328;60/2023;2023_60_26;tästä;1
1328;60/2023;2023_60_26;töihin;2
1328;60/2023;2023_60_26;törmäämme;1
1328;60/2023;2023_60_26;ukrainan;1
1328;60/2023;2023_60_26;ulkoinen;1
1328;60/2023;2023_60_26;uskalletaan;1
1328;60/2023;2023_60_26;uudistuksia;1
1328;60/2023;2023_60_26;uusia;1
1328;60/2023;2023_60_26;vaarassa;1
1328;60/2023;2023_60_26;vaikeammaksi;1
1328;60/2023;2023_60_26;vain;3
1328;60/2023;2023_60_26;valitettavasti;1
1328;60/2023;2023_60_26;valtion;1
1328;60/2023;2023_60_26;valtiovarainministeriötä;1
1328;60/2023;2023_60_26;varaa;1
1328;60/2023;2023_60_26;varastoon;1
1328;60/2023;2023_60_26;vastakkainasettelun;1
1328;60/2023;2023_60_26;vastuunkannon;1
1328;60/2023;2023_60_26;vaurastuvat;1
1328;60/2023;2023_60_26;velkaantuu;1
1328;60/2023;2023_60_26;velkaralli;1
1328;60/2023;2023_60_26;velkoja;1
1328;60/2023;2023_60_26;verotuksella;1
1328;60/2023;2023_60_26;viedään;1
1328;60/2023;2023_60_26;vielä;1
1328;60/2023;2023_60_26;vievät;1
1328;60/2023;2023_60_26;viime;1
1328;60/2023;2023_60_26;virossa;1
1328;60/2023;2023_60_26;vmssä;1
1328;60/2023;2023_60_26;voi;2
1328;60/2023;2023_60_26;vuodelta;1
1328;60/2023;2023_60_26;vuodessa;1
1328;60/2023;2023_60_26;vuosi;2
1328;60/2023;2023_60_26;vuosikymmenen;1
1328;60/2023;2023_60_26;vuotta;1
1328;60/2023;2023_60_26;vähemmän;1
1328;60/2023;2023_60_26;vähintään;2
1328;60/2023;2023_60_26;väärään;1
1328;60/2023;2023_60_26;yhdenvertaisuudesta;1
1328;60/2023;2023_60_26;yhdessä;1
1328;60/2023;2023_60_26;yhtenäisyydestä;1
1328;60/2023;2023_60_26;yhtä;2
1328;60/2023;2023_60_26;yhtälöön;1
1328;60/2023;2023_60_26;yksi;1
1328;60/2023;2023_60_26;yksityisen;1
1328;60/2023;2023_60_26;yleislakkoa;1
1328;60/2023;2023_60_26;yllättävän;1
1328;60/2023;2023_60_26;ymmärretään;1
1328;60/2023;2023_60_26;yritetään;1
1328;60/2023;2023_60_26;yrittäjyyttä;1
1328;60/2023;2023_60_26;yrittäminen;1
1328;60/2023;2023_60_26;yrityksiä;1
1328;60/2023;2023_60_26;yritys;1
1328;60/2023;2023_60_26;yritysten;1
1328;60/2023;2023_60_26;äiti;1
1328;60/2023;2023_60_26;ärade;4
1328;60/2023;2023_60_26;ääneen;1
1328;60/2025;2025_60_25;aikaa;1
1328;60/2025;2025_60_25;aikaan;1
1328;60/2025;2025_60_25;aikaiseksi;1
1328;60/2025;2025_60_25;aivan;1
1328;60/2025;2025_60_25;ajan;1
1328;60/2025;2025_60_25;ajaneet;1
1328;60/2025;2025_60_25;alas;1
1328;60/2025;2025_60_25;alennuksen;1
1328;60/2025;2025_60_25;alennuksia;1
1328;60/2025;2025_60_25;alennus;2
1328;60/2025;2025_60_25;alkaa;1
1328;60/2025;2025_60_25;ammattitaitoisia;1
1328;60/2025;2025_60_25;antakaa;1
1328;60/2025;2025_60_25;antti;1
1328;60/2025;2025_60_25;apua;1
1328;60/2025;2025_60_25;armeijansa;1
1328;60/2025;2025_60_25;arvoisa;5
1328;60/2025;2025_60_25;arvonlisäveron;1
1328;60/2025;2025_60_25;asevelvollisuus;1
1328;60/2025;2025_60_25;asia;1
1328;60/2025;2025_60_25;edellisten;1
1328;60/2025;2025_60_25;eduskunnasta;1
1328;60/2025;2025_60_25;edustaja;2
1328;60/2025;2025_60_25;ei;14
1328;60/2025;2025_60_25;eikä;1
1328;60/2025;2025_60_25;eivät;3
1328;60/2025;2025_60_25;eli;1
1328;60/2025;2025_60_25;elintaso;1
1328;60/2025;2025_60_25;eläköityneitä;1
1328;60/2025;2025_60_25;emme;1
1328;60/2025;2025_60_25;enemmän;3
1328;60/2025;2025_60_25;eniten;1
1328;60/2025;2025_60_25;ennätysmäärä;1
1328;60/2025;2025_60_25;epäreilusti;1
1328;60/2025;2025_60_25;esimerkiksi;1
1328;60/2025;2025_60_25;etsimään;1
1328;60/2025;2025_60_25;ettei;1
1328;60/2025;2025_60_25;ettekö;2
1328;60/2025;2025_60_25;että;6
1328;60/2025;2025_60_25;euroa;4
1328;60/2025;2025_60_25;euroopan;1
1328;60/2025;2025_60_25;euroopassa;1
1328;60/2025;2025_60_25;fakta;1
1328;60/2025;2025_60_25;hallituksen;2
1328;60/2025;2025_60_25;hallitus;3
1328;60/2025;2025_60_25;hallituskauden;2
1328;60/2025;2025_60_25;hallituspuolueen;1
1328;60/2025;2025_60_25;hallitusten;1
1328;60/2025;2025_60_25;haltuun;1
1328;60/2025;2025_60_25;haluamme;1
1328;60/2025;2025_60_25;harjoitusalueita;1
1328;60/2025;2025_60_25;harkimon;1
1328;60/2025;2025_60_25;hinnannousu;1
1328;60/2025;2025_60_25;huomaavat;1
1328;60/2025;2025_60_25;hyviä;1
1328;60/2025;2025_60_25;hyvä;3
1328;60/2025;2025_60_25;hyötyä;1
1328;60/2025;2025_60_25;hänestä;1
1328;60/2025;2025_60_25;ihmisille;1
1328;60/2025;2025_60_25;ihmisiä;1
1328;60/2025;2025_60_25;ilman;1
1328;60/2025;2025_60_25;investointeihin;1
1328;60/2025;2025_60_25;itse;1
1328;60/2025;2025_60_25;ja;24
1328;60/2025;2025_60_25;jakavat;1
1328;60/2025;2025_60_25;johon;1
1328;60/2025;2025_60_25;johtajakoulutus;1
1328;60/2025;2025_60_25;jokainen;2
1328;60/2025;2025_60_25;jos;2
1328;60/2025;2025_60_25;juuri;1
1328;60/2025;2025_60_25;jää;1
1328;60/2025;2025_60_25;kahvipaketin;1
1328;60/2025;2025_60_25;kaikessa;1
1328;60/2025;2025_60_25;kaikki;1
1328;60/2025;2025_60_25;kaikkien;1
1328;60/2025;2025_60_25;kaivosteollisuus;1
1328;60/2025;2025_60_25;kannustusta;1
1328;60/2025;2025_60_25;kansaa;1
1328;60/2025;2025_60_25;kanssa;1
1328;60/2025;2025_60_25;kasarmeja;1
1328;60/2025;2025_60_25;kasvamassa;2
1328;60/2025;2025_60_25;kasvavat;1
1328;60/2025;2025_60_25;katastrofaaliset;1
1328;60/2025;2025_60_25;keskiluokan;1
1328;60/2025;2025_60_25;keskisuuret;1
1328;60/2025;2025_60_25;keskustan;2
1328;60/2025;2025_60_25;kohdella;1
1328;60/2025;2025_60_25;kohdistaa;1
1328;60/2025;2025_60_25;kohdistuu;1
1328;60/2025;2025_60_25;kohteisiin;1
1328;60/2025;2025_60_25;koko;1
1328;60/2025;2025_60_25;konkursseja;2
1328;60/2025;2025_60_25;konkurssiluvut;1
1328;60/2025;2025_60_25;konkurssit;1
1328;60/2025;2025_60_25;koota;1
1328;60/2025;2025_60_25;koputtaa;1
1328;60/2025;2025_60_25;korkoa;1
1328;60/2025;2025_60_25;korkomenoihin;1
1328;60/2025;2025_60_25;korottaa;1
1328;60/2025;2025_60_25;korotus;1
1328;60/2025;2025_60_25;koskaan;1
1328;60/2025;2025_60_25;kotien;1
1328;60/2025;2025_60_25;kotitalousvähennystä;1
1328;60/2025;2025_60_25;kouluttajia;1
1328;60/2025;2025_60_25;koulutuspaketti;1
1328;60/2025;2025_60_25;kova;1
1328;60/2025;2025_60_25;kriisi;1
1328;60/2025;2025_60_25;kriisissä;1
1328;60/2025;2025_60_25;kuin;3
1328;60/2025;2025_60_25;kun;5
1328;60/2025;2025_60_25;kuntoon;1
1328;60/2025;2025_60_25;kurissa;1
1328;60/2025;2025_60_25;kurvinen;1
1328;60/2025;2025_60_25;kuukaudessa;1
1328;60/2025;2025_60_25;kuunnella;1
1328;60/2025;2025_60_25;kyllä;3
1328;60/2025;2025_60_25;kyllästynyt;1
1328;60/2025;2025_60_25;kymmentä;1
1328;60/2025;2025_60_25;käteen;1
1328;60/2025;2025_60_25;käännettä;1
1328;60/2025;2025_60_25;laittaa;1
1328;60/2025;2025_60_25;laskenut;1
1328;60/2025;2025_60_25;liian;1
1328;60/2025;2025_60_25;liittyvä;1
1328;60/2025;2025_60_25;lisävelkaa;1
1328;60/2025;2025_60_25;lisää;2
1328;60/2025;2025_60_25;loistava;1
1328;60/2025;2025_60_25;lompakossaan;2
1328;60/2025;2025_60_25;lopen;1
1328;60/2025;2025_60_25;loppuvuoteen;1
1328;60/2025;2025_60_25;lopussa;2
1328;60/2025;2025_60_25;lupasi;1
1328;60/2025;2025_60_25;luvassa;1
1328;60/2025;2025_60_25;lähtee;1
1328;60/2025;2025_60_25;maatalous;1
1328;60/2025;2025_60_25;mahdollista;1
1328;60/2025;2025_60_25;mahdollisuus;1
1328;60/2025;2025_60_25;mahdoton;1
1328;60/2025;2025_60_25;maksaa;1
1328;60/2025;2025_60_25;maksaja;1
1328;60/2025;2025_60_25;me;1
1328;60/2025;2025_60_25;meidän;1
1328;60/2025;2025_60_25;meille;1
1328;60/2025;2025_60_25;meillä;6
1328;60/2025;2025_60_25;menee;1
1328;60/2025;2025_60_25;mennessä;1
1328;60/2025;2025_60_25;mennä;1
1328;60/2025;2025_60_25;mihinkään;1
1328;60/2025;2025_60_25;mikään;1
1328;60/2025;2025_60_25;miljardia;3
1328;60/2025;2025_60_25;minkäännäköistä;1
1328;60/2025;2025_60_25;mitenkään;1
1328;60/2025;2025_60_25;mitään;4
1328;60/2025;2025_60_25;mutta;2
1328;60/2025;2025_60_25;muuta;1
1328;60/2025;2025_60_25;muutosta;1
1328;60/2025;2025_60_25;myydä;1
1328;60/2025;2025_60_25;myös;3
1328;60/2025;2025_60_25;naurua;1
1328;60/2025;2025_60_25;niin;2
1328;60/2025;2025_60_25;niistä;1
1328;60/2025;2025_60_25;no;1
1328;60/2025;2025_60_25;noin;2
1328;60/2025;2025_60_25;nopeasti;1
1328;60/2025;2025_60_25;norjaankaan;1
1328;60/2025;2025_60_25;nykyisellä;1
1328;60/2025;2025_60_25;nyt;7
1328;60/2025;2025_60_25;näitä;1
1328;60/2025;2025_60_25;näkevät;1
1328;60/2025;2025_60_25;oikeudenmukaisesti;1
1328;60/2025;2025_60_25;ole;10
1328;60/2025;2025_60_25;olemassa;1
1328;60/2025;2025_60_25;olemme;1
1328;60/2025;2025_60_25;olen;1
1328;60/2025;2025_60_25;olisi;4
1328;60/2025;2025_60_25;olisivat;1
1328;60/2025;2025_60_25;olla;1
1328;60/2025;2025_60_25;omaan;1
1328;60/2025;2025_60_25;on;17
1328;60/2025;2025_60_25;ongelmissa;1
1328;60/2025;2025_60_25;orpo;2
1328;60/2025;2025_60_25;osallistua;1
1328;60/2025;2025_60_25;oteta;1
1328;60/2025;2025_60_25;otetaan;3
1328;60/2025;2025_60_25;ottaa;1
1328;60/2025;2025_60_25;ovat;3
1328;60/2025;2025_60_25;paljon;1
1328;60/2025;2025_60_25;palkansaajat;1
1328;60/2025;2025_60_25;palkansaajien;1
1328;60/2025;2025_60_25;palturia;1
1328;60/2025;2025_60_25;panostaa;1
1328;60/2025;2025_60_25;parasta;1
1328;60/2025;2025_60_25;parempaan;1
1328;60/2025;2025_60_25;pelataan;1
1328;60/2025;2025_60_25;pienet;1
1328;60/2025;2025_60_25;pieni;1
1328;60/2025;2025_60_25;pienille;1
1328;60/2025;2025_60_25;pitkäaikaisia;1
1328;60/2025;2025_60_25;pitkän;1
1328;60/2025;2025_60_25;pitäisi;2
1328;60/2025;2025_60_25;pitänyt;3
1328;60/2025;2025_60_25;pitää;7
1328;60/2025;2025_60_25;pohja;2
1328;60/2025;2025_60_25;pois;1
1328;60/2025;2025_60_25;politiikalla;1
1328;60/2025;2025_60_25;prosentin;1
1328;60/2025;2025_60_25;prosenttia;2
1328;60/2025;2025_60_25;puheen;1
1328;60/2025;2025_60_25;puheenvuoro;1
1328;60/2025;2025_60_25;puheet;1
1328;60/2025;2025_60_25;puhemies;6
1328;60/2025;2025_60_25;puhua;2
1328;60/2025;2025_60_25;puhuvat;1
1328;60/2025;2025_60_25;puolustukseen;1
1328;60/2025;2025_60_25;puolustusteollisuudelle;1
1328;60/2025;2025_60_25;purra;2
1328;60/2025;2025_60_25;päinvastoin;1
1328;60/2025;2025_60_25;päivänä;2
1328;60/2025;2025_60_25;pääsemään;1
1328;60/2025;2025_60_25;päätökset;1
1328;60/2025;2025_60_25;remontteihin;1
1328;60/2025;2025_60_25;ruokaa;1
1328;60/2025;2025_60_25;ruotsi;1
1328;60/2025;2025_60_25;ryhmästä;1
1328;60/2025;2025_60_25;saa;1
1328;60/2025;2025_60_25;saada;3
1328;60/2025;2025_60_25;saaneet;1
1328;60/2025;2025_60_25;saksa;1
1328;60/2025;2025_60_25;samaan;1
1328;60/2025;2025_60_25;saman;1
1328;60/2025;2025_60_25;sana;1
1328;60/2025;2025_60_25;sanoo;1
1328;60/2025;2025_60_25;se;7
1328;60/2025;2025_60_25;sen;2
1328;60/2025;2025_60_25;seuraavana;1
1328;60/2025;2025_60_25;siihen;1
1328;60/2025;2025_60_25;siitä;1
1328;60/2025;2025_60_25;sinänsä;1
1328;60/2025;2025_60_25;sisältyy;1
1328;60/2025;2025_60_25;sitä;1
1328;60/2025;2025_60_25;suomalaiselle;1
1328;60/2025;2025_60_25;suomalaiset;1
1328;60/2025;2025_60_25;suomeen;1
1328;60/2025;2025_60_25;suomen;4
1328;60/2025;2025_60_25;suomi;1
1328;60/2025;2025_60_25;suunnasta;1
1328;60/2025;2025_60_25;suuri;1
1328;60/2025;2025_60_25;syvemmässä;1
1328;60/2025;2025_60_25;syystä;1
1328;60/2025;2025_60_25;syyttelyyn;1
1328;60/2025;2025_60_25;säästetään;1
1328;60/2025;2025_60_25;säästönne;1
1328;60/2025;2025_60_25;talman;5
1328;60/2025;2025_60_25;taloudellisessa;1
1328;60/2025;2025_60_25;talouden;3
1328;60/2025;2025_60_25;talous;2
1328;60/2025;2025_60_25;talouskasvua;1
1328;60/2025;2025_60_25;talouskasvunne;1
1328;60/2025;2025_60_25;talouspolitiikasta;1
1328;60/2025;2025_60_25;tarkoittaa;1
1328;60/2025;2025_60_25;tarpeellinen;1
1328;60/2025;2025_60_25;tarvinneet;1
1328;60/2025;2025_60_25;tarvitsemme;1
1328;60/2025;2025_60_25;tavalla;1
1328;60/2025;2025_60_25;tavoitteisiinsa;1
1328;60/2025;2025_60_25;te;2
1328;60/2025;2025_60_25;tehdä;2
1328;60/2025;2025_60_25;tehnyt;1
1328;60/2025;2025_60_25;teidän;2
1328;60/2025;2025_60_25;teollisuudessa;1
1328;60/2025;2025_60_25;toimintaa;1
1328;60/2025;2025_60_25;toivottavasti;1
1328;60/2025;2025_60_25;toivovat;1
1328;60/2025;2025_60_25;toteudu;1
1328;60/2025;2025_60_25;toteutumaan;1
1328;60/2025;2025_60_25;tuhlataan;1
1328;60/2025;2025_60_25;tule;2
1328;60/2025;2025_60_25;tulee;3
1328;60/2025;2025_60_25;tuonut;1
1328;60/2025;2025_60_25;tuotekehitykseen;1
1328;60/2025;2025_60_25;tyhmiä;1
1328;60/2025;2025_60_25;työelämämuutoksia;1
1328;60/2025;2025_60_25;työntekijälle;1
1328;60/2025;2025_60_25;työttömyys;1
1328;60/2025;2025_60_25;työttömyysvakuutusmaksun;1
1328;60/2025;2025_60_25;tähtäimen;1
1328;60/2025;2025_60_25;tähän;1
1328;60/2025;2025_60_25;tällaiset;1
1328;60/2025;2025_60_25;tällä;1
1328;60/2025;2025_60_25;tämä;2
1328;60/2025;2025_60_25;tänä;2
1328;60/2025;2025_60_25;tänään;1
1328;60/2025;2025_60_25;tässä;1
1328;60/2025;2025_60_25;tästä;1
1328;60/2025;2025_60_25;täällä;1
1328;60/2025;2025_60_25;uhka;1
1328;60/2025;2025_60_25;ukrainalaisten;1
1328;60/2025;2025_60_25;usa;1
1328;60/2025;2025_60_25;usan;1
1328;60/2025;2025_60_25;uutta;1
1328;60/2025;2025_60_25;vaan;1
1328;60/2025;2025_60_25;vaikka;1
1328;60/2025;2025_60_25;vain;3
1328;60/2025;2025_60_25;valmiina;1
1328;60/2025;2025_60_25;vanhustenhoitoon;1
1328;60/2025;2025_60_25;varmasti;1
1328;60/2025;2025_60_25;varusmieskoulutus;1
1328;60/2025;2025_60_25;varustautumiseen;1
1328;60/2025;2025_60_25;vastakkainasettelua;1
1328;60/2025;2025_60_25;vastuullista;1
1328;60/2025;2025_60_25;vastuunkantajia;1
1328;60/2025;2025_60_25;vauhtia;3
1328;60/2025;2025_60_25;velkaa;2
1328;60/2025;2025_60_25;velkaantuminen;1
1328;60/2025;2025_60_25;venäjän;1
1328;60/2025;2025_60_25;veronalennukset;1
1328;60/2025;2025_60_25;veronalennuksiin;1
1328;60/2025;2025_60_25;veronalennusten;1
1328;60/2025;2025_60_25;verran;1
1328;60/2025;2025_60_25;vientituote;1
1328;60/2025;2025_60_25;viiden;1
1328;60/2025;2025_60_25;viime;1
1328;60/2025;2025_60_25;viisauksia;1
1328;60/2025;2025_60_25;viisi;1
1328;60/2025;2025_60_25;visiota;1
1328;60/2025;2025_60_25;voi;2
1328;60/2025;2025_60_25;vuodessa;1
1328;60/2025;2025_60_25;vuonna;3
1328;60/2025;2025_60_25;vuorotellen;1
1328;60/2025;2025_60_25;vuosia;1
1328;60/2025;2025_60_25;väittää;1
1328;60/2025;2025_60_25;välihuutoja;1
1328;60/2025;2025_60_25;välikysymykseen;1
1328;60/2025;2025_60_25;välttää;1
1328;60/2025;2025_60_25;vääriin;1
1328;60/2025;2025_60_25;yhdyn;1
1328;60/2025;2025_60_25;yhteisyrityksiä;1
1328;60/2025;2025_60_25;yhteisöveron;2
1328;60/2025;2025_60_25;yhtenä;1
1328;60/2025;2025_60_25;yhtälö;1
1328;60/2025;2025_60_25;yhtään;1
1328;60/2025;2025_60_25;yhä;1
1328;60/2025;2025_60_25;yksinyrittäjät;1
1328;60/2025;2025_60_25;yleinen;1
1328;60/2025;2025_60_25;ymmärrä;2
1328;60/2025;2025_60_25;ymmärtää;1
1328;60/2025;2025_60_25;yrittäjät;1
1328;60/2025;2025_60_25;yritykset;1
1328;60/2025;2025_60_25;yrityksille;1
1328;60/2025;2025_60_25;yritysten;1
1328;60/2025;2025_60_25;ärade;5
1328;60/2025;2025_60_25;öljyä;1
1328;61/2024;2024_61_28;aikaa;1
1328;61/2024;2024_61_28;aivan;1
1328;61/2024;2024_61_28;akkutehdas;1
1328;61/2024;2024_61_28;alamme;1
1328;61/2024;2024_61_28;aluehallintovirasto;1
1328;61/2024;2024_61_28;amerikkalaisilla;1
1328;61/2024;2024_61_28;annettu;1
1328;61/2024;2024_61_28;arvoisa;4
1328;61/2024;2024_61_28;asettaa;1
1328;61/2024;2024_61_28;asiat;1
1328;61/2024;2024_61_28;basfin;1
1328;61/2024;2024_61_28;eduksi;1
1328;61/2024;2024_61_28;ehdoin;1
1328;61/2024;2024_61_28;ehdottoman;1
1328;61/2024;2024_61_28;ei;9
1328;61/2024;2024_61_28;eikä;3
1328;61/2024;2024_61_28;eivät;2
1328;61/2024;2024_61_28;emme;1
1328;61/2024;2024_61_28;ennakoitavissa;1
1328;61/2024;2024_61_28;erittäin;1
1328;61/2024;2024_61_28;esimerkiksi;1
1328;61/2024;2024_61_28;esimerkki;1
1328;61/2024;2024_61_28;etenevät;1
1328;61/2024;2024_61_28;ettei;1
1328;61/2024;2024_61_28;että;5
1328;61/2024;2024_61_28;eu;1
1328;61/2024;2024_61_28;eulla;1
1328;61/2024;2024_61_28;eun;1
1328;61/2024;2024_61_28;euroopan;2
1328;61/2024;2024_61_28;euroopasta;2
1328;61/2024;2024_61_28;eussa;1
1328;61/2024;2024_61_28;eusta;1
1328;61/2024;2024_61_28;hallinto-oikeudet;1
1328;61/2024;2024_61_28;haluaisimme;1
1328;61/2024;2024_61_28;harjavallan;1
1328;61/2024;2024_61_28;harjavallassa;1
1328;61/2024;2024_61_28;herättävä;1
1328;61/2024;2024_61_28;hidastaa;1
1328;61/2024;2024_61_28;hitaat;1
1328;61/2024;2024_61_28;hoettu;1
1328;61/2024;2024_61_28;hoitaa;3
1328;61/2024;2024_61_28;huolta;1
1328;61/2024;2024_61_28;hyvä;3
1328;61/2024;2024_61_28;ilman;1
1328;61/2024;2024_61_28;ilmastonmuutokseen;1
1328;61/2024;2024_61_28;ilmastonmuutoksen;2
1328;61/2024;2024_61_28;ilmastonmuutoksessa;1
1328;61/2024;2024_61_28;ilmastonmuutos;1
1328;61/2024;2024_61_28;investoinneille;1
1328;61/2024;2024_61_28;investoinnit;3
1328;61/2024;2024_61_28;investointeihin;1
1328;61/2024;2024_61_28;investointeja;1
1328;61/2024;2024_61_28;isojen;1
1328;61/2024;2024_61_28;isot;1
1328;61/2024;2024_61_28;itse;2
1328;61/2024;2024_61_28;itsensä;1
1328;61/2024;2024_61_28;itämerta;1
1328;61/2024;2024_61_28;ja;31
1328;61/2024;2024_61_28;jakavat;1
1328;61/2024;2024_61_28;jalkaansa;1
1328;61/2024;2024_61_28;jatkossa;1
1328;61/2024;2024_61_28;johon;1
1328;61/2024;2024_61_28;jokaisen;1
1328;61/2024;2024_61_28;joko;1
1328;61/2024;2024_61_28;jopa;1
1328;61/2024;2024_61_28;jos;2
1328;61/2024;2024_61_28;julkisen;1
1328;61/2024;2024_61_28;juuri;1
1328;61/2024;2024_61_28;jäänyt;1
1328;61/2024;2024_61_28;kaiken;1
1328;61/2024;2024_61_28;kaikki;1
1328;61/2024;2024_61_28;kaksi;1
1328;61/2024;2024_61_28;kannata;1
1328;61/2024;2024_61_28;kannustinpaketti;1
1328;61/2024;2024_61_28;kanssa;1
1328;61/2024;2024_61_28;kasvun;1
1328;61/2024;2024_61_28;kaukaa;1
1328;61/2024;2024_61_28;kauppaan;1
1328;61/2024;2024_61_28;kautta;2
1328;61/2024;2024_61_28;kerralla;1
1328;61/2024;2024_61_28;kerran;1
1328;61/2024;2024_61_28;kertomaan;1
1328;61/2024;2024_61_28;kestävästä;1
1328;61/2024;2024_61_28;kestää;1
1328;61/2024;2024_61_28;ketään;1
1328;61/2024;2024_61_28;kiertävät;1
1328;61/2024;2024_61_28;kiina;1
1328;61/2024;2024_61_28;kiinasta;1
1328;61/2024;2024_61_28;kiitos;1
1328;61/2024;2024_61_28;kilpailemme;1
1328;61/2024;2024_61_28;kilpailu;1
1328;61/2024;2024_61_28;kohti;1
1328;61/2024;2024_61_28;kokonaan;2
1328;61/2024;2024_61_28;kolaus;1
1328;61/2024;2024_61_28;koska;1
1328;61/2024;2024_61_28;koskaan;1
1328;61/2024;2024_61_28;kova;1
1328;61/2024;2024_61_28;kuin;1
1328;61/2024;2024_61_28;kuinka;2
1328;61/2024;2024_61_28;kumota;1
1328;61/2024;2024_61_28;kunnossa;1
1328;61/2024;2024_61_28;kuntoon;1
1328;61/2024;2024_61_28;kuten;1
1328;61/2024;2024_61_28;kysymyksiä;1
1328;61/2024;2024_61_28;kysymys;1
1328;61/2024;2024_61_28;käsitys;1
1328;61/2024;2024_61_28;käynnissä;1
1328;61/2024;2024_61_28;liian;2
1328;61/2024;2024_61_28;lisää;2
1328;61/2024;2024_61_28;luotettavana;1
1328;61/2024;2024_61_28;lupa;1
1328;61/2024;2024_61_28;lähti;1
1328;61/2024;2024_61_28;maa;1
1328;61/2024;2024_61_28;maailman;1
1328;61/2024;2024_61_28;maan;2
1328;61/2024;2024_61_28;maana;1
1328;61/2024;2024_61_28;mahdollisuutta;1
1328;61/2024;2024_61_28;maiden;1
1328;61/2024;2024_61_28;maineelle;1
1328;61/2024;2024_61_28;maineensa;1
1328;61/2024;2024_61_28;markkinatalouteen;1
1328;61/2024;2024_61_28;me;3
1328;61/2024;2024_61_28;meidän;1
1328;61/2024;2024_61_28;meille;1
1328;61/2024;2024_61_28;meillä;3
1328;61/2024;2024_61_28;menestystarinat;1
1328;61/2024;2024_61_28;menestyvistä;1
1328;61/2024;2024_61_28;menestyviä;1
1328;61/2024;2024_61_28;menevät;1
1328;61/2024;2024_61_28;metsistä;1
1328;61/2024;2024_61_28;metsäisin;1
1328;61/2024;2024_61_28;metsänsä;2
1328;61/2024;2024_61_28;metsät;2
1328;61/2024;2024_61_28;mielessä;1
1328;61/2024;2024_61_28;mielikuvaan;1
1328;61/2024;2024_61_28;miettikää;1
1328;61/2024;2024_61_28;mikä;2
1328;61/2024;2024_61_28;missä;2
1328;61/2024;2024_61_28;mistä;2
1328;61/2024;2024_61_28;miten;1
1328;61/2024;2024_61_28;mitä;1
1328;61/2024;2024_61_28;mitään;2
1328;61/2024;2024_61_28;muiden;1
1328;61/2024;2024_61_28;muistaa;1
1328;61/2024;2024_61_28;mukaan;1
1328;61/2024;2024_61_28;mukana;1
1328;61/2024;2024_61_28;mukanaan;1
1328;61/2024;2024_61_28;mutta;5
1328;61/2024;2024_61_28;muut;1
1328;61/2024;2024_61_28;muuta;1
1328;61/2024;2024_61_28;muuten;2
1328;61/2024;2024_61_28;muutoksen;1
1328;61/2024;2024_61_28;myös;4
1328;61/2024;2024_61_28;myöskään;1
1328;61/2024;2024_61_28;ne;2
1328;61/2024;2024_61_28;niin;3
1328;61/2024;2024_61_28;norjalainen;1
1328;61/2024;2024_61_28;nyt;5
1328;61/2024;2024_61_28;oikein;1
1328;61/2024;2024_61_28;ole;5
1328;61/2024;2024_61_28;olevaa;1
1328;61/2024;2024_61_28;olla;6
1328;61/2024;2024_61_28;oma;1
1328;61/2024;2024_61_28;omaa;1
1328;61/2024;2024_61_28;omilla;1
1328;61/2024;2024_61_28;on;20
1328;61/2024;2024_61_28;osaa;1
1328;61/2024;2024_61_28;osaavat;1
1328;61/2024;2024_61_28;otettava;2
1328;61/2024;2024_61_28;ovat;6
1328;61/2024;2024_61_28;paikallisista;1
1328;61/2024;2024_61_28;painoarvo;1
1328;61/2024;2024_61_28;paljon;1
1328;61/2024;2024_61_28;pallottelu;1
1328;61/2024;2024_61_28;panostukset;1
1328;61/2024;2024_61_28;paremmin;1
1328;61/2024;2024_61_28;pelaavat;1
1328;61/2024;2024_61_28;pelanneet;1
1328;61/2024;2024_61_28;pelastaa;1
1328;61/2024;2024_61_28;peliin;1
1328;61/2024;2024_61_28;periaate;1
1328;61/2024;2024_61_28;perässä;1
1328;61/2024;2024_61_28;pidetty;1
1328;61/2024;2024_61_28;pienen;1
1328;61/2024;2024_61_28;pienet;1
1328;61/2024;2024_61_28;pingpongia;1
1328;61/2024;2024_61_28;piti;1
1328;61/2024;2024_61_28;pitkään;1
1328;61/2024;2024_61_28;pitää;6
1328;61/2024;2024_61_28;puhemies;4
1328;61/2024;2024_61_28;puhutaan;1
1328;61/2024;2024_61_28;pysty;1
1328;61/2024;2024_61_28;pysy;1
1328;61/2024;2024_61_28;pysäyttäminen;1
1328;61/2024;2024_61_28;pysäyttämiseen;1
1328;61/2024;2024_61_28;pysäyttämisessä;1
1328;61/2024;2024_61_28;pyörittämiseen;1
1328;61/2024;2024_61_28;päästävä;1
1328;61/2024;2024_61_28;päätökset;1
1328;61/2024;2024_61_28;päätöksillään;1
1328;61/2024;2024_61_28;raha;1
1328;61/2024;2024_61_28;rakentanut;1
1328;61/2024;2024_61_28;ranska;1
1328;61/2024;2024_61_28;ranskaan;1
1328;61/2024;2024_61_28;rooli;1
1328;61/2024;2024_61_28;ruotsalaiset;1
1328;61/2024;2024_61_28;ruotsiin;1
1328;61/2024;2024_61_28;saada;1
1328;61/2024;2024_61_28;saamme;1
1328;61/2024;2024_61_28;saastuttaa;1
1328;61/2024;2024_61_28;sadasta;1
1328;61/2024;2024_61_28;sahata;1
1328;61/2024;2024_61_28;saksa;1
1328;61/2024;2024_61_28;saksaan;1
1328;61/2024;2024_61_28;sap;1
1328;61/2024;2024_61_28;se;4
1328;61/2024;2024_61_28;seis;1
1328;61/2024;2024_61_28;selkeitä;1
1328;61/2024;2024_61_28;selkeä;1
1328;61/2024;2024_61_28;selväksi;1
1328;61/2024;2024_61_28;selvää;1
1328;61/2024;2024_61_28;sen;1
1328;61/2024;2024_61_28;siinä;1
1328;61/2024;2024_61_28;siirry;1
1328;61/2024;2024_61_28;siirtymä;1
1328;61/2024;2024_61_28;siirtymän;1
1328;61/2024;2024_61_28;siirtymästä;1
1328;61/2024;2024_61_28;siitä;2
1328;61/2024;2024_61_28;sijoittajien;2
1328;61/2024;2024_61_28;sijoituskohteena;1
1328;61/2024;2024_61_28;siksi;1
1328;61/2024;2024_61_28;silti;1
1328;61/2024;2024_61_28;sinänsä;1
1328;61/2024;2024_61_28;sivussa;1
1328;61/2024;2024_61_28;spotify;1
1328;61/2024;2024_61_28;suomalaisille;1
1328;61/2024;2024_61_28;suomalaisten;1
1328;61/2024;2024_61_28;suomea;2
1328;61/2024;2024_61_28;suomeen;2
1328;61/2024;2024_61_28;suomeksi;1
1328;61/2024;2024_61_28;suomelle;1
1328;61/2024;2024_61_28;suomen;5
1328;61/2024;2024_61_28;suomesta;1
1328;61/2024;2024_61_28;suomi;5
1328;61/2024;2024_61_28;suoraa;1
1328;61/2024;2024_61_28;surullisin;1
1328;61/2024;2024_61_28;suuret;1
1328;61/2024;2024_61_28;suuri;1
1328;61/2024;2024_61_28;suurin;2
1328;61/2024;2024_61_28;syyt;1
1328;61/2024;2024_61_28;syövät;1
1328;61/2024;2024_61_28;säännöillä;1
1328;61/2024;2024_61_28;sääntöjä;1
1328;61/2024;2024_61_28;tahdoin;1
1328;61/2024;2024_61_28;tai;2
1328;61/2024;2024_61_28;talman;3
1328;61/2024;2024_61_28;taloudellisessa;1
1328;61/2024;2024_61_28;talouden;2
1328;61/2024;2024_61_28;talous;1
1328;61/2024;2024_61_28;talouskasvua;1
1328;61/2024;2024_61_28;taloutta;1
1328;61/2024;2024_61_28;tapaus;1
1328;61/2024;2024_61_28;tarina;1
1328;61/2024;2024_61_28;tarjottavaa;1
1328;61/2024;2024_61_28;tarkoittaa;1
1328;61/2024;2024_61_28;tarvitaan;1
1328;61/2024;2024_61_28;tarvitsee;2
1328;61/2024;2024_61_28;tasapainoa;1
1328;61/2024;2024_61_28;tavoitteita;1
1328;61/2024;2024_61_28;tehdas;1
1328;61/2024;2024_61_28;tehdään;1
1328;61/2024;2024_61_28;tehtaan;2
1328;61/2024;2024_61_28;tekemättä;1
1328;61/2024;2024_61_28;tekevät;1
1328;61/2024;2024_61_28;teknologiayrityksestä;1
1328;61/2024;2024_61_28;teolliset;1
1328;61/2024;2024_61_28;toimivat;1
1328;61/2024;2024_61_28;tuista;1
1328;61/2024;2024_61_28;tukea;2
1328;61/2024;2024_61_28;tule;2
1328;61/2024;2024_61_28;tulee;3
1328;61/2024;2024_61_28;tulkita;1
1328;61/2024;2024_61_28;tullaan;1
1328;61/2024;2024_61_28;tullut;1
1328;61/2024;2024_61_28;tunne;1
1328;61/2024;2024_61_28;tuoda;1
1328;61/2024;2024_61_28;tuotanto;1
1328;61/2024;2024_61_28;työpaikat;2
1328;61/2024;2024_61_28;työpaikkoja;1
1328;61/2024;2024_61_28;työstä;1
1328;61/2024;2024_61_28;tähän;1
1328;61/2024;2024_61_28;tällainen;1
1328;61/2024;2024_61_28;tämän;2
1328;61/2024;2024_61_28;tänne;1
1328;61/2024;2024_61_28;tärkeimmästä;1
1328;61/2024;2024_61_28;tärkeitä;1
1328;61/2024;2024_61_28;täysin;1
1328;61/2024;2024_61_28;ulkomaalaisten;1
1328;61/2024;2024_61_28;ulkomuseo;1
1328;61/2024;2024_61_28;unohdetaan;1
1328;61/2024;2024_61_28;usein;1
1328;61/2024;2024_61_28;uudet;1
1328;61/2024;2024_61_28;uusilla;1
1328;61/2024;2024_61_28;vaan;1
1328;61/2024;2024_61_28;vaikka;1
1328;61/2024;2024_61_28;vaikuttaa;2
1328;61/2024;2024_61_28;vain;3
1328;61/2024;2024_61_28;vakaana;1
1328;61/2024;2024_61_28;vakavasti;2
1328;61/2024;2024_61_28;valmiin;1
1328;61/2024;2024_61_28;valmiina;1
1328;61/2024;2024_61_28;valtion;1
1328;61/2024;2024_61_28;valtionrajoja;1
1328;61/2024;2024_61_28;vannottu;1
1328;61/2024;2024_61_28;vapaaseen;1
1328;61/2024;2024_61_28;varaa;2
1328;61/2024;2024_61_28;vauhdissa;1
1328;61/2024;2024_61_28;vihreä;1
1328;61/2024;2024_61_28;vihreän;1
1328;61/2024;2024_61_28;viime;1
1328;61/2024;2024_61_28;viipyvät;1
1328;61/2024;2024_61_28;viranomaisten;1
1328;61/2024;2024_61_28;virhe;1
1328;61/2024;2024_61_28;voi;4
1328;61/2024;2024_61_28;voidaan;1
1328;61/2024;2024_61_28;voivat;1
1328;61/2024;2024_61_28;vuosia;2
1328;61/2024;2024_61_28;vuosikymmenien;1
1328;61/2024;2024_61_28;vuosilukuja;1
1328;61/2024;2024_61_28;yhdysvallat;1
1328;61/2024;2024_61_28;yhdysvalloista;1
1328;61/2024;2024_61_28;yhdysvaltoihin;2
1328;61/2024;2024_61_28;yhteiskunnan;1
1328;61/2024;2024_61_28;yhtä;1
1328;61/2024;2024_61_28;ymmärtämään;1
1328;61/2024;2024_61_28;ympäristöhaitoista;1
1328;61/2024;2024_61_28;ympäristöluvalla;1
1328;61/2024;2024_61_28;ympäristöluvitus;1
1328;61/2024;2024_61_28;yrittäisimme;1
1328;61/2024;2024_61_28;yrittämisestä;1
1328;61/2024;2024_61_28;yrityksillä;1
1328;61/2024;2024_61_28;yrityksistä;1
1328;61/2024;2024_61_28;yrityksiä;1
1328;61/2024;2024_61_28;yritysten;2
1328;61/2024;2024_61_28;yt-neuvottelut;1
1328;61/2024;2024_61_28;ärade;3
1328;64/2019;2019_64_59;aina;1
1328;64/2019;2019_64_59;ajan;1
1328;64/2019;2019_64_59;arvoisa;1
1328;64/2019;2019_64_59;asiakkaitaan;1
1328;64/2019;2019_64_59;ehdottaa;1
1328;64/2019;2019_64_59;ei;3
1328;64/2019;2019_64_59;ensin;1
1328;64/2019;2019_64_59;että;4
1328;64/2019;2019_64_59;hallituksen;2
1328;64/2019;2019_64_59;hallituksessa;1
1328;64/2019;2019_64_59;hallituksissa;1
1328;64/2019;2019_64_59;hyötyä;1
1328;64/2019;2019_64_59;ikkunasta;1
1328;64/2019;2019_64_59;ilman;1
1328;64/2019;2019_64_59;istunut;1
1328;64/2019;2019_64_59;joka;1
1328;64/2019;2019_64_59;jota;1
1328;64/2019;2019_64_59;kahdella;1
1328;64/2019;2019_64_59;koko;1
1328;64/2019;2019_64_59;koska;1
1328;64/2019;2019_64_59;kuin;1
1328;64/2019;2019_64_59;kurkkia;1
1328;64/2019;2019_64_59;kuukaudella;1
1328;64/2019;2019_64_59;kymmenessä;1
1328;64/2019;2019_64_59;kysynkin;1
1328;64/2019;2019_64_59;käymään;1
1328;64/2019;2019_64_59;käyttänyt;1
1328;64/2019;2019_64_59;käyttöön;1
1328;64/2019;2019_64_59;meinaatte;1
1328;64/2019;2019_64_59;menettämään;1
1328;64/2019;2019_64_59;menitte;1
1328;64/2019;2019_64_59;miksi;1
1328;64/2019;2019_64_59;ministeri;2
1328;64/2019;2019_64_59;mistä;1
1328;64/2019;2019_64_59;mitä;1
1328;64/2019;2019_64_59;mitään;1
1328;64/2019;2019_64_59;muuta;1
1328;64/2019;2019_64_59;myös;1
1328;64/2019;2019_64_59;niin;1
1328;64/2019;2019_64_59;noin;1
1328;64/2019;2019_64_59;nyt;4
1328;64/2019;2019_64_59;olen;1
1328;64/2019;2019_64_59;ollut;1
1328;64/2019;2019_64_59;omistajat;1
1328;64/2019;2019_64_59;on;2
1328;64/2019;2019_64_59;operatiiviseen;1
1328;64/2019;2019_64_59;paatero;2
1328;64/2019;2019_64_59;paljon;1
1328;64/2019;2019_64_59;palkkaneuvotteluja;1
1328;64/2019;2019_64_59;pari;1
1328;64/2019;2019_64_59;peli;1
1328;64/2019;2019_64_59;pidä;1
1328;64/2019;2019_64_59;posti;3
1328;64/2019;2019_64_59;postille;1
1328;64/2019;2019_64_59;postin;1
1328;64/2019;2019_64_59;postinkantajat;1
1328;64/2019;2019_64_59;puhemies;1
1328;64/2019;2019_64_59;puuttua;1
1328;64/2019;2019_64_59;puututte;2
1328;64/2019;2019_64_59;pääministeri;2
1328;64/2019;2019_64_59;pörssiyhtiöiden;1
1328;64/2019;2019_64_59;rinne;1
1328;64/2019;2019_64_59;rouva;1
1328;64/2019;2019_64_59;sanoi;1
1328;64/2019;2019_64_59;se;1
1328;64/2019;2019_64_59;siirtämään;1
1328;64/2019;2019_64_59;sitten;2
1328;64/2019;2019_64_59;te;3
1328;64/2019;2019_64_59;tehdä;1
1328;64/2019;2019_64_59;teiltä;1
1328;64/2019;2019_64_59;toimintaan;1
1328;64/2019;2019_64_59;toimista;1
1328;64/2019;2019_64_59;toimitusjohtajaa;1
1328;64/2019;2019_64_59;tulee;2
1328;64/2019;2019_64_59;työmarkkinaneuvotteluihin;1
1328;64/2019;2019_64_59;tällainen;1
1328;64/2019;2019_64_59;tässä;1
1328;64/2019;2019_64_59;valitsevat;1
1328;64/2019;2019_64_59;vanhuksia;1
1328;64/2019;2019_64_59;vastaa;1
1328;64/2019;2019_64_59;vetele;1
1328;64/2019;2019_64_59;voisivat;1
1328;64/2019;2019_64_59;vuokratyövoiman;1
1328;64/2019;2019_64_59;vuotta;1
1328;64/2019;2019_64_59;yhtiön;1
1328;64/2019;2019_64_59;yleensä;2
1328;64/2023;2023_64_21;aiemmin;1
1328;64/2023;2023_64_21;aikaan;1
1328;64/2023;2023_64_21;aikaistaa;1
1328;64/2023;2023_64_21;aivan;3
1328;64/2023;2023_64_21;ajamme;2
1328;64/2023;2023_64_21;ajattelu;1
1328;64/2023;2023_64_21;ajoitus;1
1328;64/2023;2023_64_21;alkaa;1
1328;64/2023;2023_64_21;ammattiin;1
1328;64/2023;2023_64_21;ansainneet;1
1328;64/2023;2023_64_21;arvoisa;5
1328;64/2023;2023_64_21;arvonlisäveroa;1
1328;64/2023;2023_64_21;asiat;1
1328;64/2023;2023_64_21;auttamiseen;1
1328;64/2023;2023_64_21;budjetissa;1
1328;64/2023;2023_64_21;digitalisaatioon;1
1328;64/2023;2023_64_21;edes;1
1328;64/2023;2023_64_21;eduskunnasta;1
1328;64/2023;2023_64_21;ehkä;1
1328;64/2023;2023_64_21;ei;6
1328;64/2023;2023_64_21;eivät;3
1328;64/2023;2023_64_21;elvyttävät;1
1328;64/2023;2023_64_21;emme;4
1328;64/2023;2023_64_21;energiamurrokseen;1
1328;64/2023;2023_64_21;energiamurroksessa;1
1328;64/2023;2023_64_21;ensi;1
1328;64/2023;2023_64_21;erityisalueisiin;1
1328;64/2023;2023_64_21;erityisesti;2
1328;64/2023;2023_64_21;esimerkiksi;1
1328;64/2023;2023_64_21;eteen;2
1328;64/2023;2023_64_21;että;4
1328;64/2023;2023_64_21;etuja;1
1328;64/2023;2023_64_21;euroa;4
1328;64/2023;2023_64_21;eurolla;1
1328;64/2023;2023_64_21;euroopassa;1
1328;64/2023;2023_64_21;fiksusti;1
1328;64/2023;2023_64_21;finanssikriisissä;1
1328;64/2023;2023_64_21;haetaan;1
1328;64/2023;2023_64_21;hallintoa;1
1328;64/2023;2023_64_21;hallituskausien;1
1328;64/2023;2023_64_21;heitteille;1
1328;64/2023;2023_64_21;heräämme;1
1328;64/2023;2023_64_21;hoitajat;1
1328;64/2023;2023_64_21;hoitoon;1
1328;64/2023;2023_64_21;hoivaan;1
1328;64/2023;2023_64_21;huolta;1
1328;64/2023;2023_64_21;huonosti;2
1328;64/2023;2023_64_21;hämärän;1
1328;64/2023;2023_64_21;ihmiset;1
1328;64/2023;2023_64_21;ihmisiä;1
1328;64/2023;2023_64_21;investoida;1
1328;64/2023;2023_64_21;investoimaan;1
1328;64/2023;2023_64_21;itsestään;1
1328;64/2023;2023_64_21;ja;32
1328;64/2023;2023_64_21;jalostusarvoa;1
1328;64/2023;2023_64_21;jatkaa;4
1328;64/2023;2023_64_21;jo;1
1328;64/2023;2023_64_21;jokainen;1
1328;64/2023;2023_64_21;julkinen;2
1328;64/2023;2023_64_21;julkisen;1
1328;64/2023;2023_64_21;junaratoihin;1
1328;64/2023;2023_64_21;jälleenrakennus;1
1328;64/2023;2023_64_21;jätetään;1
1328;64/2023;2023_64_21;kaiken;1
1328;64/2023;2023_64_21;kaikki;2
1328;64/2023;2023_64_21;kaikkia;1
1328;64/2023;2023_64_21;kaikkien;1
1328;64/2023;2023_64_21;kaipaa;1
1328;64/2023;2023_64_21;kaksi;1
1328;64/2023;2023_64_21;kannattaa;1
1328;64/2023;2023_64_21;kannustaa;1
1328;64/2023;2023_64_21;kansainvälistä;1
1328;64/2023;2023_64_21;kanssa;1
1328;64/2023;2023_64_21;kantaa;1
1328;64/2023;2023_64_21;karuja;1
1328;64/2023;2023_64_21;kasaan;1
1328;64/2023;2023_64_21;kasvaa;2
1328;64/2023;2023_64_21;kasvanut;2
1328;64/2023;2023_64_21;kasvattamaan;1
1328;64/2023;2023_64_21;kasvu;3
1328;64/2023;2023_64_21;kasvua;1
1328;64/2023;2023_64_21;kasvuohjelman;4
1328;64/2023;2023_64_21;kasvuun;2
1328;64/2023;2023_64_21;katsoa;1
1328;64/2023;2023_64_21;katsokaa;2
1328;64/2023;2023_64_21;kauppa;1
1328;64/2023;2023_64_21;kautta;1
1328;64/2023;2023_64_21;kehittää;1
1328;64/2023;2023_64_21;keskisuurta;1
1328;64/2023;2023_64_21;ketjuun;1
1328;64/2023;2023_64_21;kiitos;1
1328;64/2023;2023_64_21;kilpailijoihin;1
1328;64/2023;2023_64_21;kilpailijoitamme;1
1328;64/2023;2023_64_21;kilpailukykyä;1
1328;64/2023;2023_64_21;kohdistuvat;1
1328;64/2023;2023_64_21;kohta;1
1328;64/2023;2023_64_21;koko;1
1328;64/2023;2023_64_21;kokonaan;2
1328;64/2023;2023_64_21;kolmentuhannen;1
1328;64/2023;2023_64_21;konkursseista;1
1328;64/2023;2023_64_21;konkurssi;1
1328;64/2023;2023_64_21;konkurssiin;1
1328;64/2023;2023_64_21;korkeakoulutus;1
1328;64/2023;2023_64_21;korkokulut;1
1328;64/2023;2023_64_21;korotetaan;1
1328;64/2023;2023_64_21;koulujen;1
1328;64/2023;2023_64_21;koulutuksessa;1
1328;64/2023;2023_64_21;koulutuksesta;1
1328;64/2023;2023_64_21;kovapalkkaisten;1
1328;64/2023;2023_64_21;kuin;1
1328;64/2023;2023_64_21;kuinka;2
1328;64/2023;2023_64_21;kuitenkaan;1
1328;64/2023;2023_64_21;kuittaa;1
1328;64/2023;2023_64_21;kun;1
1328;64/2023;2023_64_21;kunniapaikalle;1
1328;64/2023;2023_64_21;kunnolla;1
1328;64/2023;2023_64_21;kuntoon;1
1328;64/2023;2023_64_21;kysymään;1
1328;64/2023;2023_64_21;käsistä;2
1328;64/2023;2023_64_21;käydä;1
1328;64/2023;2023_64_21;käynnistyy;1
1328;64/2023;2023_64_21;käyntiin;1
1328;64/2023;2023_64_21;käytetään;2
1328;64/2023;2023_64_21;käyttöön;1
1328;64/2023;2023_64_21;lainoittamalla;1
1328;64/2023;2023_64_21;laittaa;1
1328;64/2023;2023_64_21;laittamaan;1
1328;64/2023;2023_64_21;lapsiköyhyys;1
1328;64/2023;2023_64_21;lasten;1
1328;64/2023;2023_64_21;leikkauksia;1
1328;64/2023;2023_64_21;liikaa;1
1328;64/2023;2023_64_21;liikkumavaran;1
1328;64/2023;2023_64_21;liittolaisiamme;1
1328;64/2023;2023_64_21;linjan;1
1328;64/2023;2023_64_21;lisäksi;1
1328;64/2023;2023_64_21;lisätä;1
1328;64/2023;2023_64_21;lisää;6
1328;64/2023;2023_64_21;loppua;1
1328;64/2023;2023_64_21;luvan;1
1328;64/2023;2023_64_21;lääkäriin;1
1328;64/2023;2023_64_21;maat;1
1328;64/2023;2023_64_21;maiden;1
1328;64/2023;2023_64_21;mallia;1
1328;64/2023;2023_64_21;meidän;4
1328;64/2023;2023_64_21;meillä;1
1328;64/2023;2023_64_21;meitä;1
1328;64/2023;2023_64_21;menee;2
1328;64/2023;2023_64_21;mennä;1
1328;64/2023;2023_64_21;menolla;3
1328;64/2023;2023_64_21;merkittäviä;1
1328;64/2023;2023_64_21;merkittävästi;1
1328;64/2023;2023_64_21;mieltä;1
1328;64/2023;2023_64_21;miesten;1
1328;64/2023;2023_64_21;mikä;1
1328;64/2023;2023_64_21;mikään;1
1328;64/2023;2023_64_21;miljardi;2
1328;64/2023;2023_64_21;miljardia;6
1328;64/2023;2023_64_21;miljardilla;1
1328;64/2023;2023_64_21;miljardin;1
1328;64/2023;2023_64_21;miten;1
1328;64/2023;2023_64_21;mitä;2
1328;64/2023;2023_64_21;molemmista;1
1328;64/2023;2023_64_21;muista;1
1328;64/2023;2023_64_21;mutta;5
1328;64/2023;2023_64_21;muu;1
1328;64/2023;2023_64_21;muutoksia;1
1328;64/2023;2023_64_21;myydään;1
1328;64/2023;2023_64_21;myynnin;1
1328;64/2023;2023_64_21;myös;2
1328;64/2023;2023_64_21;ne;4
1328;64/2023;2023_64_21;neljällä;1
1328;64/2023;2023_64_21;neljän;2
1328;64/2023;2023_64_21;neljäsosa;1
1328;64/2023;2023_64_21;niin;2
1328;64/2023;2023_64_21;niitä;1
1328;64/2023;2023_64_21;noin;1
1328;64/2023;2023_64_21;nopeammin;1
1328;64/2023;2023_64_21;nopeasti;1
1328;64/2023;2023_64_21;nopeisiin;1
1328;64/2023;2023_64_21;nostaa;1
1328;64/2023;2023_64_21;nuoret;1
1328;64/2023;2023_64_21;nuorten;2
1328;64/2023;2023_64_21;nykyisellä;2
1328;64/2023;2023_64_21;nyt;9
1328;64/2023;2023_64_21;nähty;1
1328;64/2023;2023_64_21;näiden;1
1328;64/2023;2023_64_21;näihin;1
1328;64/2023;2023_64_21;näin;5
1328;64/2023;2023_64_21;nämä;1
1328;64/2023;2023_64_21;näpertely;1
1328;64/2023;2023_64_21;näy;1
1328;64/2023;2023_64_21;oikeasti;1
1328;64/2023;2023_64_21;ole;1
1328;64/2023;2023_64_21;olemaan;1
1328;64/2023;2023_64_21;olemme;1
1328;64/2023;2023_64_21;olleet;1
1328;64/2023;2023_64_21;omaa;1
1328;64/2023;2023_64_21;omaisuutta;1
1328;64/2023;2023_64_21;omalääkärijärjestelmä;1
1328;64/2023;2023_64_21;oman;1
1328;64/2023;2023_64_21;on;18
1328;64/2023;2023_64_21;oppisopimusmallia;1
1328;64/2023;2023_64_21;optimoida;1
1328;64/2023;2023_64_21;osallistuvat;1
1328;64/2023;2023_64_21;osinkoverotukseen;1
1328;64/2023;2023_64_21;otetaan;3
1328;64/2023;2023_64_21;ottaa;2
1328;64/2023;2023_64_21;ovat;5
1328;64/2023;2023_64_21;paisuvat;1
1328;64/2023;2023_64_21;paljon;2
1328;64/2023;2023_64_21;palkkaamaan;1
1328;64/2023;2023_64_21;palkkansa;1
1328;64/2023;2023_64_21;palveluihin;1
1328;64/2023;2023_64_21;panna;1
1328;64/2023;2023_64_21;panostaa;3
1328;64/2023;2023_64_21;panostamalla;1
1328;64/2023;2023_64_21;panostavat;2
1328;64/2023;2023_64_21;panostuksia;1
1328;64/2023;2023_64_21;panostus;1
1328;64/2023;2023_64_21;panostusta;1
1328;64/2023;2023_64_21;parantaa;1
1328;64/2023;2023_64_21;peitossa;1
1328;64/2023;2023_64_21;pelasta;1
1328;64/2023;2023_64_21;pelkästään;1
1328;64/2023;2023_64_21;perusterveydenhuollossa;1
1328;64/2023;2023_64_21;perusterveydenhuoltoon;1
1328;64/2023;2023_64_21;perutaan;1
1328;64/2023;2023_64_21;perävaloja;1
1328;64/2023;2023_64_21;pidentämään;1
1328;64/2023;2023_64_21;pistää;1
1328;64/2023;2023_64_21;pitkäjänteisen;2
1328;64/2023;2023_64_21;pitkäjänteisyys;1
1328;64/2023;2023_64_21;pitää;16
1328;64/2023;2023_64_21;pohjasakkaa;1
1328;64/2023;2023_64_21;pohjoismaista;1
1328;64/2023;2023_64_21;prosentilla;1
1328;64/2023;2023_64_21;puhemies;5
1328;64/2023;2023_64_21;puolet;1
1328;64/2023;2023_64_21;puoli;1
1328;64/2023;2023_64_21;puolueet;1
1328;64/2023;2023_64_21;puolueiden;1
1328;64/2023;2023_64_21;purettava;1
1328;64/2023;2023_64_21;puuhastelu;1
1328;64/2023;2023_64_21;pystyttävä;1
1328;64/2023;2023_64_21;pystyvää;1
1328;64/2023;2023_64_21;pystyä;2
1328;64/2023;2023_64_21;päistä;1
1328;64/2023;2023_64_21;päiväkodeista;1
1328;64/2023;2023_64_21;päälle;1
1328;64/2023;2023_64_21;pääomarahoituksesta;1
1328;64/2023;2023_64_21;pääse;1
1328;64/2023;2023_64_21;päästetään;1
1328;64/2023;2023_64_21;päätöksiin;1
1328;64/2023;2023_64_21;rahat;2
1328;64/2023;2023_64_21;raja;1
1328;64/2023;2023_64_21;rakennusala;1
1328;64/2023;2023_64_21;rakentamisen;1
1328;64/2023;2023_64_21;ranska;2
1328;64/2023;2023_64_21;ratkaisu;1
1328;64/2023;2023_64_21;ratkaisuja;1
1328;64/2023;2023_64_21;remonttiin;1
1328;64/2023;2023_64_21;riistäytyy;2
1328;64/2023;2023_64_21;riitä;2
1328;64/2023;2023_64_21;rikki;1
1328;64/2023;2023_64_21;rinnakkain;1
1328;64/2023;2023_64_21;rohkeasti;1
1328;64/2023;2023_64_21;rohkeisiin;1
1328;64/2023;2023_64_21;rohkeita;2
1328;64/2023;2023_64_21;saadaan;2
1328;64/2023;2023_64_21;saatava;1
1328;64/2023;2023_64_21;saavat;2
1328;64/2023;2023_64_21;saksa;3
1328;64/2023;2023_64_21;sama;1
1328;64/2023;2023_64_21;samaa;1
1328;64/2023;2023_64_21;samaan;1
1328;64/2023;2023_64_21;samalla;1
1328;64/2023;2023_64_21;se;2
1328;64/2023;2023_64_21;sekä;1
1328;64/2023;2023_64_21;sen;4
1328;64/2023;2023_64_21;siellä;1
1328;64/2023;2023_64_21;siihen;1
1328;64/2023;2023_64_21;siinä;1
1328;64/2023;2023_64_21;siirtymään;1
1328;64/2023;2023_64_21;siitä;1
1328;64/2023;2023_64_21;silloin;2
1328;64/2023;2023_64_21;sitoutua;1
1328;64/2023;2023_64_21;sitten;1
1328;64/2023;2023_64_21;sitä;2
1328;64/2023;2023_64_21;sote-uudistukseen;1
1328;64/2023;2023_64_21;sote-uudistus;1
1328;64/2023;2023_64_21;suhteessa;2
1328;64/2023;2023_64_21;sujuvammin;1
1328;64/2023;2023_64_21;suomalaiset;2
1328;64/2023;2023_64_21;suomella;1
1328;64/2023;2023_64_21;suomessa;1
1328;64/2023;2023_64_21;suomi;5
1328;64/2023;2023_64_21;suunnan;2
1328;64/2023;2023_64_21;suunnitelmia;1
1328;64/2023;2023_64_21;suurissa;1
1328;64/2023;2023_64_21;suurta;1
1328;64/2023;2023_64_21;synny;1
1328;64/2023;2023_64_21;syöksykierteestä;1
1328;64/2023;2023_64_21;säästöt;1
1328;64/2023;2023_64_21;tahti;1
1328;64/2023;2023_64_21;talkoisiin;1
1328;64/2023;2023_64_21;talman;4
1328;64/2023;2023_64_21;taloja;1
1328;64/2023;2023_64_21;talotehtaita;1
1328;64/2023;2023_64_21;talous;5
1328;64/2023;2023_64_21;talouspolitiikalla;2
1328;64/2023;2023_64_21;talouspolitiikka;2
1328;64/2023;2023_64_21;tapahtumassa;1
1328;64/2023;2023_64_21;tarkoittaa;1
1328;64/2023;2023_64_21;tarvitsee;5
1328;64/2023;2023_64_21;tarvittaisiin;1
1328;64/2023;2023_64_21;tasapainoon;1
1328;64/2023;2023_64_21;tavoitteena;1
1328;64/2023;2023_64_21;tehdä;3
1328;64/2023;2023_64_21;tehokkaammin;1
1328;64/2023;2023_64_21;tekevät;1
1328;64/2023;2023_64_21;tekoälyyn;2
1328;64/2023;2023_64_21;teollisuuttaan;1
1328;64/2023;2023_64_21;tilanteessa;1
1328;64/2023;2023_64_21;tilastot;1
1328;64/2023;2023_64_21;todellakaan;1
1328;64/2023;2023_64_21;toimimaan;1
1328;64/2023;2023_64_21;toimitaan;1
1328;64/2023;2023_64_21;tuettuna;1
1328;64/2023;2023_64_21;tuhlausta;1
1328;64/2023;2023_64_21;tukea;1
1328;64/2023;2023_64_21;tukevat;1
1328;64/2023;2023_64_21;tulee;3
1328;64/2023;2023_64_21;tulevaisuudessa;1
1328;64/2023;2023_64_21;tulevaisuus;1
1328;64/2023;2023_64_21;tullut;1
1328;64/2023;2023_64_21;tuottavuutta;1
1328;64/2023;2023_64_21;tuotteidemme;1
1328;64/2023;2023_64_21;turhaan;1
1328;64/2023;2023_64_21;työ;1
1328;64/2023;2023_64_21;työn;1
1328;64/2023;2023_64_21;työuraa;1
1328;64/2023;2023_64_21;tähän;1
1328;64/2023;2023_64_21;tällä;5
1328;64/2023;2023_64_21;tämä;4
1328;64/2023;2023_64_21;tänä;1
1328;64/2023;2023_64_21;tärkeä;1
1328;64/2023;2023_64_21;tästä;2
1328;64/2023;2023_64_21;täydelliseen;2
1328;64/2023;2023_64_21;täysin;3
1328;64/2023;2023_64_21;töihin;1
1328;64/2023;2023_64_21;ukrainan;1
1328;64/2023;2023_64_21;umpikujaan;2
1328;64/2023;2023_64_21;uskaltaa;1
1328;64/2023;2023_64_21;uuden;2
1328;64/2023;2023_64_21;uudistusohjelmansa;1
1328;64/2023;2023_64_21;uusimmat;1
1328;64/2023;2023_64_21;vaatii;2
1328;64/2023;2023_64_21;vaikeimmassa;1
1328;64/2023;2023_64_21;vaikeuksissa;1
1328;64/2023;2023_64_21;vaikka;1
1328;64/2023;2023_64_21;vain;2
1328;64/2023;2023_64_21;valmiiksi;1
1328;64/2023;2023_64_21;valmistutaan;1
1328;64/2023;2023_64_21;valtion;1
1328;64/2023;2023_64_21;vanhat;1
1328;64/2023;2023_64_21;vanhukset;1
1328;64/2023;2023_64_21;varastoon;1
1328;64/2023;2023_64_21;varmasti;2
1328;64/2023;2023_64_21;vasemmalta;1
1328;64/2023;2023_64_21;vaurastuvat;1
1328;64/2023;2023_64_21;velat;1
1328;64/2023;2023_64_21;velka;1
1328;64/2023;2023_64_21;velkaa;2
1328;64/2023;2023_64_21;veronalennukset;1
1328;64/2023;2023_64_21;veronkorotuksia;1
1328;64/2023;2023_64_21;verotuksella;1
1328;64/2023;2023_64_21;verran;1
1328;64/2023;2023_64_21;vientiin;1
1328;64/2023;2023_64_21;vientiä;1
1328;64/2023;2023_64_21;vievät;1
1328;64/2023;2023_64_21;vihreään;1
1328;64/2023;2023_64_21;viimeistään;1
1328;64/2023;2023_64_21;virossa;1
1328;64/2023;2023_64_21;voi;5
1328;64/2023;2023_64_21;voisi;1
1328;64/2023;2023_64_21;voivat;1
1328;64/2023;2023_64_21;vuoden;2
1328;64/2023;2023_64_21;vuonna;2
1328;64/2023;2023_64_21;vuorollaan;1
1328;64/2023;2023_64_21;vuosikymmenellä;2
1328;64/2023;2023_64_21;vuoteen;1
1328;64/2023;2023_64_21;vähemmän;1
1328;64/2023;2023_64_21;väärää;2
1328;64/2023;2023_64_21;yhdellä;1
1328;64/2023;2023_64_21;yhdessä;1
1328;64/2023;2023_64_21;yhdysvallat;2
1328;64/2023;2023_64_21;yhdysvalloissa;1
1328;64/2023;2023_64_21;yhteistyössä;1
1328;64/2023;2023_64_21;yksityinen;1
1328;64/2023;2023_64_21;yli;2
1328;64/2023;2023_64_21;yliopistoihin;1
1328;64/2023;2023_64_21;yrittäminen;1
1328;64/2023;2023_64_21;yrittämässä;1
1328;64/2023;2023_64_21;yritykset;1
1328;64/2023;2023_64_21;yrityksiä;1
1328;64/2023;2023_64_21;yritys;1
1328;64/2023;2023_64_21;yritysten;1
1328;64/2023;2023_64_21;yritystuista;1
1328;64/2023;2023_64_21;yritystä;1
1328;64/2023;2023_64_21;ärade;4
1328;64/2025;2025_64_21;aikavälin;2
1328;64/2025;2025_64_21;aina;1
1328;64/2025;2025_64_21;aiotaan;1
1328;64/2025;2025_64_21;ajan;1
1328;64/2025;2025_64_21;ajatukseen;1
1328;64/2025;2025_64_21;ajatuksia;1
1328;64/2025;2025_64_21;alkuun;1
1328;64/2025;2025_64_21;aloitteita;1
1328;64/2025;2025_64_21;arvoisa;3
1328;64/2025;2025_64_21;arvostetaan;1
1328;64/2025;2025_64_21;edellytykset;1
1328;64/2025;2025_64_21;edes;1
1328;64/2025;2025_64_21;ei;9
1328;64/2025;2025_64_21;eivät;4
1328;64/2025;2025_64_21;eläkejärjestelmän;1
1328;64/2025;2025_64_21;eläkkeet;1
1328;64/2025;2025_64_21;elämään;1
1328;64/2025;2025_64_21;emme;1
1328;64/2025;2025_64_21;enemmän;1
1328;64/2025;2025_64_21;ensi;1
1328;64/2025;2025_64_21;erittäin;1
1328;64/2025;2025_64_21;etsimään;1
1328;64/2025;2025_64_21;että;14
1328;64/2025;2025_64_21;euroa;2
1328;64/2025;2025_64_21;fiksuja;1
1328;64/2025;2025_64_21;hallituksen;1
1328;64/2025;2025_64_21;hallitus;1
1328;64/2025;2025_64_21;haluan;1
1328;64/2025;2025_64_21;he;5
1328;64/2025;2025_64_21;heidän;1
1328;64/2025;2025_64_21;heikentää;1
1328;64/2025;2025_64_21;hetkellä;1
1328;64/2025;2025_64_21;hetki;1
1328;64/2025;2025_64_21;hoitaa;1
1328;64/2025;2025_64_21;huolehtia;1
1328;64/2025;2025_64_21;huolimatta;1
1328;64/2025;2025_64_21;huolta;1
1328;64/2025;2025_64_21;huominen;1
1328;64/2025;2025_64_21;hyvin;1
1328;64/2025;2025_64_21;hyviä;1
1328;64/2025;2025_64_21;ihme;1
1328;64/2025;2025_64_21;innovaatioita;1
1328;64/2025;2025_64_21;intoaan;1
1328;64/2025;2025_64_21;investoida;1
1328;64/2025;2025_64_21;investointeihin;2
1328;64/2025;2025_64_21;itsestään;1
1328;64/2025;2025_64_21;ja;23
1328;64/2025;2025_64_21;joilla;1
1328;64/2025;2025_64_21;joille;1
1328;64/2025;2025_64_21;joissa;1
1328;64/2025;2025_64_21;joita;1
1328;64/2025;2025_64_21;joka;3
1328;64/2025;2025_64_21;jokainen;2
1328;64/2025;2025_64_21;jokaiselle;1
1328;64/2025;2025_64_21;jos;2
1328;64/2025;2025_64_21;jossa;1
1328;64/2025;2025_64_21;jotain;2
1328;64/2025;2025_64_21;järjestelmään;1
1328;64/2025;2025_64_21;jättää;1
1328;64/2025;2025_64_21;jää;1
1328;64/2025;2025_64_21;jäävät;1
1328;64/2025;2025_64_21;kaiken;2
1328;64/2025;2025_64_21;kaikkea;1
1328;64/2025;2025_64_21;kaikki;1
1328;64/2025;2025_64_21;kannata;1
1328;64/2025;2025_64_21;kannustavat;1
1328;64/2025;2025_64_21;kanssa;1
1328;64/2025;2025_64_21;kantaa;1
1328;64/2025;2025_64_21;kasvuun;1
1328;64/2025;2025_64_21;kautta;1
1328;64/2025;2025_64_21;kehitettävä;1
1328;64/2025;2025_64_21;kehittynyt;1
1328;64/2025;2025_64_21;kehittyä;1
1328;64/2025;2025_64_21;kehittää;1
1328;64/2025;2025_64_21;kestävää;1
1328;64/2025;2025_64_21;kiitos;2
1328;64/2025;2025_64_21;kilpailukykyä;1
1328;64/2025;2025_64_21;kolme;1
1328;64/2025;2025_64_21;kotimaiseen;1
1328;64/2025;2025_64_21;koulutusta;1
1328;64/2025;2025_64_21;kuin;1
1328;64/2025;2025_64_21;kunnossa;2
1328;64/2025;2025_64_21;kuten;1
1328;64/2025;2025_64_21;kykyä;1
1328;64/2025;2025_64_21;kyseessä;1
1328;64/2025;2025_64_21;käyttää;1
1328;64/2025;2025_64_21;käytämme;1
1328;64/2025;2025_64_21;kääntyvät;1
1328;64/2025;2025_64_21;lasta;1
1328;64/2025;2025_64_21;lisää;2
1328;64/2025;2025_64_21;luoda;3
1328;64/2025;2025_64_21;luottaa;2
1328;64/2025;2025_64_21;luovuuttaan;1
1328;64/2025;2025_64_21;lähtevät;1
1328;64/2025;2025_64_21;löydettävä;1
1328;64/2025;2025_64_21;maa;2
1328;64/2025;2025_64_21;maailmantalouden;1
1328;64/2025;2025_64_21;maailmantaloudesta;1
1328;64/2025;2025_64_21;mahdollisuuden;1
1328;64/2025;2025_64_21;mahdollisuuksia;3
1328;64/2025;2025_64_21;mahdollisuus;1
1328;64/2025;2025_64_21;mallia;1
1328;64/2025;2025_64_21;me;1
1328;64/2025;2025_64_21;meidän;6
1328;64/2025;2025_64_21;meillä;1
1328;64/2025;2025_64_21;menestymiseen;1
1328;64/2025;2025_64_21;menestyä;1
1328;64/2025;2025_64_21;mennessä;1
1328;64/2025;2025_64_21;mikä;2
1328;64/2025;2025_64_21;miljardia;2
1328;64/2025;2025_64_21;minulla;1
1328;64/2025;2025_64_21;mistä;1
1328;64/2025;2025_64_21;moneen;1
1328;64/2025;2025_64_21;mukanaan;2
1328;64/2025;2025_64_21;mutta;4
1328;64/2025;2025_64_21;myös;2
1328;64/2025;2025_64_21;määrätietoisesti;1
1328;64/2025;2025_64_21;ne;2
1328;64/2025;2025_64_21;niin;3
1328;64/2025;2025_64_21;nuorelle;1
1328;64/2025;2025_64_21;nuoret;3
1328;64/2025;2025_64_21;nuoria;1
1328;64/2025;2025_64_21;nuorille;1
1328;64/2025;2025_64_21;nuorison;1
1328;64/2025;2025_64_21;nuorten;2
1328;64/2025;2025_64_21;nyt;2
1328;64/2025;2025_64_21;näimme;1
1328;64/2025;2025_64_21;näkökulmia;1
1328;64/2025;2025_64_21;ohjaavat;1
1328;64/2025;2025_64_21;oikea;1
1328;64/2025;2025_64_21;oikeita;1
1328;64/2025;2025_64_21;ole;3
1328;64/2025;2025_64_21;ollut;2
1328;64/2025;2025_64_21;omaan;1
1328;64/2025;2025_64_21;on;20
1328;64/2025;2025_64_21;osa;1
1328;64/2025;2025_64_21;osaamisesta;1
1328;64/2025;2025_64_21;osaamista;1
1328;64/2025;2025_64_21;otamme;1
1328;64/2025;2025_64_21;ottaa;1
1328;64/2025;2025_64_21;ovat;3
1328;64/2025;2025_64_21;paljon;1
1328;64/2025;2025_64_21;palkitaan;1
1328;64/2025;2025_64_21;panostamalla;1
1328;64/2025;2025_64_21;panostusta;1
1328;64/2025;2025_64_21;paremmassa;1
1328;64/2025;2025_64_21;parempaa;2
1328;64/2025;2025_64_21;parempi;1
1328;64/2025;2025_64_21;perinne;1
1328;64/2025;2025_64_21;perusta;1
1328;64/2025;2025_64_21;perustaa;1
1328;64/2025;2025_64_21;perustan;1
1328;64/2025;2025_64_21;pettymyksissään;1
1328;64/2025;2025_64_21;pitkäjänteistä;1
1328;64/2025;2025_64_21;pitkän;2
1328;64/2025;2025_64_21;pitää;2
1328;64/2025;2025_64_21;pois;1
1328;64/2025;2025_64_21;politiikasta;1
1328;64/2025;2025_64_21;prosenttia;2
1328;64/2025;2025_64_21;puhemies;3
1328;64/2025;2025_64_21;puoluerajojen;1
1328;64/2025;2025_64_21;puolustukseen;2
1328;64/2025;2025_64_21;puolustuksen;1
1328;64/2025;2025_64_21;puolustus;1
1328;64/2025;2025_64_21;puolustusteollisuuteen;1
1328;64/2025;2025_64_21;puolustusteollisuutta;1
1328;64/2025;2025_64_21;pysty;1
1328;64/2025;2025_64_21;päinvastoin;1
1328;64/2025;2025_64_21;päivä;1
1328;64/2025;2025_64_21;päivän;1
1328;64/2025;2025_64_21;päästä;1
1328;64/2025;2025_64_21;päätöksillä;1
1328;64/2025;2025_64_21;päätöksiä;2
1328;64/2025;2025_64_21;päätösten;1
1328;64/2025;2025_64_21;rahaa;1
1328;64/2025;2025_64_21;rahasta;1
1328;64/2025;2025_64_21;rahoista;1
1328;64/2025;2025_64_21;rahoituksesta;1
1328;64/2025;2025_64_21;rakennetaan;1
1328;64/2025;2025_64_21;rakentaa;2
1328;64/2025;2025_64_21;ratkaisu;1
1328;64/2025;2025_64_21;ratkaisuja;1
1328;64/2025;2025_64_21;riitä;1
1328;64/2025;2025_64_21;rohkean;1
1328;64/2025;2025_64_21;rohkeiden;1
1328;64/2025;2025_64_21;rohkeilla;1
1328;64/2025;2025_64_21;rohkeutta;1
1328;64/2025;2025_64_21;ruotsista;1
1328;64/2025;2025_64_21;saa;1
1328;64/2025;2025_64_21;saamme;1
1328;64/2025;2025_64_21;saman;1
1328;64/2025;2025_64_21;se;5
1328;64/2025;2025_64_21;sekä;2
1328;64/2025;2025_64_21;selitykseen;1
1328;64/2025;2025_64_21;selvää;1
1328;64/2025;2025_64_21;seuraavalle;1
1328;64/2025;2025_64_21;siihen;2
1328;64/2025;2025_64_21;siitä;3
1328;64/2025;2025_64_21;sillä;2
1328;64/2025;2025_64_21;sitoumus;1
1328;64/2025;2025_64_21;sovittava;1
1328;64/2025;2025_64_21;suhdanteet;1
1328;64/2025;2025_64_21;sukupolvelle;1
1328;64/2025;2025_64_21;sukupolvi;1
1328;64/2025;2025_64_21;sukupolvien;1
1328;64/2025;2025_64_21;suomalainen;1
1328;64/2025;2025_64_21;suomea;2
1328;64/2025;2025_64_21;suomella;1
1328;64/2025;2025_64_21;suomen;1
1328;64/2025;2025_64_21;suomessa;1
1328;64/2025;2025_64_21;suomi;3
1328;64/2025;2025_64_21;suunnitelma;1
1328;64/2025;2025_64_21;suunnitelmaa;1
1328;64/2025;2025_64_21;synny;1
1328;64/2025;2025_64_21;säästöihin;1
1328;64/2025;2025_64_21;takaisin;1
1328;64/2025;2025_64_21;talman;2
1328;64/2025;2025_64_21;talo;1
1328;64/2025;2025_64_21;talous;2
1328;64/2025;2025_64_21;talouskasvu;2
1328;64/2025;2025_64_21;talouskasvua;1
1328;64/2025;2025_64_21;tanskasta;1
1328;64/2025;2025_64_21;tapahtuu;1
1328;64/2025;2025_64_21;tarjoaa;2
1328;64/2025;2025_64_21;tarjoamaan;1
1328;64/2025;2025_64_21;tarkasteltava;1
1328;64/2025;2025_64_21;tarkoita;1
1328;64/2025;2025_64_21;tarkoittaa;1
1328;64/2025;2025_64_21;tarvitse;1
1328;64/2025;2025_64_21;tavalla;1
1328;64/2025;2025_64_21;tehdä;3
1328;64/2025;2025_64_21;tehnyt;1
1328;64/2025;2025_64_21;tehtyjä;1
1328;64/2025;2025_64_21;tehtävämme;1
1328;64/2025;2025_64_21;terve;1
1328;64/2025;2025_64_21;tila;1
1328;64/2025;2025_64_21;tulevaisuuden;3
1328;64/2025;2025_64_21;tulevaisuus;2
1328;64/2025;2025_64_21;tulevaisuutta;2
1328;64/2025;2025_64_21;tulevina;1
1328;64/2025;2025_64_21;tuo;1
1328;64/2025;2025_64_21;tuotantoon;1
1328;64/2025;2025_64_21;tuovat;1
1328;64/2025;2025_64_21;turva;1
1328;64/2025;2025_64_21;turvallisuus;1
1328;64/2025;2025_64_21;turvallisuuteen;1
1328;64/2025;2025_64_21;turvallisuutta;1
1328;64/2025;2025_64_21;turvata;1
1328;64/2025;2025_64_21;tuudittautua;1
1328;64/2025;2025_64_21;tyytyä;1
1328;64/2025;2025_64_21;työmarkkinat;1
1328;64/2025;2025_64_21;työn;1
1328;64/2025;2025_64_21;työpaikat;1
1328;64/2025;2025_64_21;tällä;1
1328;64/2025;2025_64_21;tämä;1
1328;64/2025;2025_64_21;tämän;1
1328;64/2025;2025_64_21;tänne;1
1328;64/2025;2025_64_21;täynnä;1
1328;64/2025;2025_64_21;täysin;1
1328;64/2025;2025_64_21;täällä;1
1328;64/2025;2025_64_21;ukrainan;1
1328;64/2025;2025_64_21;ulkomaille;1
1328;64/2025;2025_64_21;usean;1
1328;64/2025;2025_64_21;uskallusta;1
1328;64/2025;2025_64_21;uudistua;1
1328;64/2025;2025_64_21;uusia;4
1328;64/2025;2025_64_21;vaaleissa;1
1328;64/2025;2025_64_21;vaalikausien;1
1328;64/2025;2025_64_21;vaan;1
1328;64/2025;2025_64_21;vaatii;1
1328;64/2025;2025_64_21;vahvaa;1
1328;64/2025;2025_64_21;vahvan;1
1328;64/2025;2025_64_21;vahvistaa;1
1328;64/2025;2025_64_21;vahvistamme;1
1328;64/2025;2025_64_21;vakaat;1
1328;64/2025;2025_64_21;varmistaa;1
1328;64/2025;2025_64_21;varmistettava;1
1328;64/2025;2025_64_21;vielä;1
1328;64/2025;2025_64_21;vientiin;1
1328;64/2025;2025_64_21;viime;1
1328;64/2025;2025_64_21;viisi;1
1328;64/2025;2025_64_21;voi;3
1328;64/2025;2025_64_21;voimme;6
1328;64/2025;2025_64_21;voivat;1
1328;64/2025;2025_64_21;vuoden;1
1328;64/2025;2025_64_21;vuosikymmenen;1
1328;64/2025;2025_64_21;vuosikymmenten;1
1328;64/2025;2025_64_21;vuosina;1
1328;64/2025;2025_64_21;vuoteen;1
1328;64/2025;2025_64_21;välisen;1
1328;64/2025;2025_64_21;yhden;1
1328;64/2025;2025_64_21;yhdessä;1
1328;64/2025;2025_64_21;yhdysvaltojen;1
1328;64/2025;2025_64_21;yhteistyön;1
1328;64/2025;2025_64_21;yhteistyötä;1
1328;64/2025;2025_64_21;yhteisyrityksiä;1
1328;64/2025;2025_64_21;ylettyy;1
1328;64/2025;2025_64_21;yli;2
1328;64/2025;2025_64_21;ymmärrä;1
1328;64/2025;2025_64_21;ymmärrän;1
1328;64/2025;2025_64_21;ymmärtävät;1
1328;64/2025;2025_64_21;ärade;2
1328;64/2025;2025_64_21;äänestä;1
1328;64/2025;2025_64_21;ääni;2
1328;65/2024;2024_65_26;aika;1
1328;65/2024;2024_65_26;aikana;1
1328;65/2024;2024_65_26;ainoa;1
1328;65/2024;2024_65_26;ainoat;1
1328;65/2024;2024_65_26;alueiden;1
1328;65/2024;2024_65_26;arvoisa;4
1328;65/2024;2024_65_26;asiakaspaikkoja;1
1328;65/2024;2024_65_26;asiakkaiden;1
1328;65/2024;2024_65_26;asiat;1
1328;65/2024;2024_65_26;asioita;2
1328;65/2024;2024_65_26;avulla;1
1328;65/2024;2024_65_26;budjettinne;1
1328;65/2024;2024_65_26;byrokratiaan;1
1328;65/2024;2024_65_26;edellinen;1
1328;65/2024;2024_65_26;edes;2
1328;65/2024;2024_65_26;ei;13
1328;65/2024;2024_65_26;eikä;3
1328;65/2024;2024_65_26;eilen;1
1328;65/2024;2024_65_26;eivät;2
1328;65/2024;2024_65_26;eli;3
1328;65/2024;2024_65_26;elämässä;1
1328;65/2024;2024_65_26;emme;1
1328;65/2024;2024_65_26;ennen;1
1328;65/2024;2024_65_26;ensin;1
1328;65/2024;2024_65_26;ette;1
1328;65/2024;2024_65_26;että;12
1328;65/2024;2024_65_26;euroa;1
1328;65/2024;2024_65_26;euroina;1
1328;65/2024;2024_65_26;hallituksen;4
1328;65/2024;2024_65_26;hallituksessa;1
1328;65/2024;2024_65_26;hallitukset;1
1328;65/2024;2024_65_26;hallitus;6
1328;65/2024;2024_65_26;hallitusohjelmalta;1
1328;65/2024;2024_65_26;hallitusohjelmaltanne;1
1328;65/2024;2024_65_26;he;1
1328;65/2024;2024_65_26;heidän;1
1328;65/2024;2024_65_26;heikkenevät;1
1328;65/2024;2024_65_26;heikoimmin;1
1328;65/2024;2024_65_26;heistä;1
1328;65/2024;2024_65_26;heitteille;1
1328;65/2024;2024_65_26;heitä;1
1328;65/2024;2024_65_26;hetkellä;1
1328;65/2024;2024_65_26;hoitaa;1
1328;65/2024;2024_65_26;hoitoa;2
1328;65/2024;2024_65_26;hoitojonoissa;1
1328;65/2024;2024_65_26;hoitojonot;1
1328;65/2024;2024_65_26;hoitotöihin;1
1328;65/2024;2024_65_26;hoivaa;1
1328;65/2024;2024_65_26;hukassa;1
1328;65/2024;2024_65_26;huolehtia;3
1328;65/2024;2024_65_26;huolehtii;1
1328;65/2024;2024_65_26;huolimatta;1
1328;65/2024;2024_65_26;huolta;3
1328;65/2024;2024_65_26;hyvin;1
1328;65/2024;2024_65_26;hyvinvointiyhteiskunnan;1
1328;65/2024;2024_65_26;hyvä;3
1328;65/2024;2024_65_26;ihmisiltä;1
1328;65/2024;2024_65_26;ihmisiä;1
1328;65/2024;2024_65_26;ihmistä;1
1328;65/2024;2024_65_26;ilman;1
1328;65/2024;2024_65_26;investoinneista;1
1328;65/2024;2024_65_26;irti;1
1328;65/2024;2024_65_26;ja;34
1328;65/2024;2024_65_26;jatkua;3
1328;65/2024;2024_65_26;joka;2
1328;65/2024;2024_65_26;jos;3
1328;65/2024;2024_65_26;jotenkin;1
1328;65/2024;2024_65_26;jotka;1
1328;65/2024;2024_65_26;julkinen;1
1328;65/2024;2024_65_26;julkisessa;1
1328;65/2024;2024_65_26;julkisesta;1
1328;65/2024;2024_65_26;jätetään;1
1328;65/2024;2024_65_26;kahta;1
1328;65/2024;2024_65_26;kaipaavista;1
1328;65/2024;2024_65_26;kansalaisten;1
1328;65/2024;2024_65_26;karkaavat;1
1328;65/2024;2024_65_26;kasvaa;1
1328;65/2024;2024_65_26;kasvaneet;1
1328;65/2024;2024_65_26;kasvavat;1
1328;65/2024;2024_65_26;kasvua;2
1328;65/2024;2024_65_26;kasvuohjelma;2
1328;65/2024;2024_65_26;kasvuohjelmasta;1
1328;65/2024;2024_65_26;kasvurahastoihin;1
1328;65/2024;2024_65_26;kasvuun;3
1328;65/2024;2024_65_26;kela-kyyteihin;1
1328;65/2024;2024_65_26;kertaa;1
1328;65/2024;2024_65_26;kertoi;1
1328;65/2024;2024_65_26;kielellä;1
1328;65/2024;2024_65_26;kiihtyy;2
1328;65/2024;2024_65_26;kiinnosta;1
1328;65/2024;2024_65_26;kiinnostaa;1
1328;65/2024;2024_65_26;kirjoittaa;1
1328;65/2024;2024_65_26;konkurssit;1
1328;65/2024;2024_65_26;korjaussarjasta;1
1328;65/2024;2024_65_26;korot;1
1328;65/2024;2024_65_26;koska;1
1328;65/2024;2024_65_26;kuin;2
1328;65/2024;2024_65_26;kun;2
1328;65/2024;2024_65_26;kuusi;1
1328;65/2024;2024_65_26;kyllä;1
1328;65/2024;2024_65_26;kysytään;1
1328;65/2024;2024_65_26;käsistä;1
1328;65/2024;2024_65_26;kättä;1
1328;65/2024;2024_65_26;käyttöön;1
1328;65/2024;2024_65_26;lapset;1
1328;65/2024;2024_65_26;lapsista;1
1328;65/2024;2024_65_26;laskevat;1
1328;65/2024;2024_65_26;liian;1
1328;65/2024;2024_65_26;liikkeelle;1
1328;65/2024;2024_65_26;lisätoimista;1
1328;65/2024;2024_65_26;lisätään;1
1328;65/2024;2024_65_26;lisää;4
1328;65/2024;2024_65_26;lukee;1
1328;65/2024;2024_65_26;lukuina;1
1328;65/2024;2024_65_26;lukumäärään;1
1328;65/2024;2024_65_26;luokkaa;1
1328;65/2024;2024_65_26;lupauksia;1
1328;65/2024;2024_65_26;luulette;1
1328;65/2024;2024_65_26;lähde;1
1328;65/2024;2024_65_26;läheisen;1
1328;65/2024;2024_65_26;läheisensä;1
1328;65/2024;2024_65_26;lähtevät;1
1328;65/2024;2024_65_26;lääkärit;1
1328;65/2024;2024_65_26;mahdollisimman;1
1328;65/2024;2024_65_26;mahdollisuutta;1
1328;65/2024;2024_65_26;marinin;1
1328;65/2024;2024_65_26;meidän;3
1328;65/2024;2024_65_26;meillä;3
1328;65/2024;2024_65_26;menolla;1
1328;65/2024;2024_65_26;menot;3
1328;65/2024;2024_65_26;mikään;2
1328;65/2024;2024_65_26;miljardia;1
1328;65/2024;2024_65_26;miljardiluokan;1
1328;65/2024;2024_65_26;millainen;1
1328;65/2024;2024_65_26;miltä;1
1328;65/2024;2024_65_26;minua;1
1328;65/2024;2024_65_26;mitkä;2
1328;65/2024;2024_65_26;mitä;2
1328;65/2024;2024_65_26;mitään;4
1328;65/2024;2024_65_26;monta;1
1328;65/2024;2024_65_26;mutta;6
1328;65/2024;2024_65_26;muuhun;1
1328;65/2024;2024_65_26;muuta;1
1328;65/2024;2024_65_26;muuttunut;1
1328;65/2024;2024_65_26;määrä;1
1328;65/2024;2024_65_26;ne;1
1328;65/2024;2024_65_26;neljässä;1
1328;65/2024;2024_65_26;niiden;1
1328;65/2024;2024_65_26;niin;3
1328;65/2024;2024_65_26;niistä;1
1328;65/2024;2024_65_26;nopeita;1
1328;65/2024;2024_65_26;nousee;1
1328;65/2024;2024_65_26;nousseet;1
1328;65/2024;2024_65_26;nousuvauhti;1
1328;65/2024;2024_65_26;nykyinen;1
1328;65/2024;2024_65_26;nyt;9
1328;65/2024;2024_65_26;näin;2
1328;65/2024;2024_65_26;näköalatonta;1
1328;65/2024;2024_65_26;nämä;1
1328;65/2024;2024_65_26;näpertelyn;1
1328;65/2024;2024_65_26;näy;1
1328;65/2024;2024_65_26;odottelemalla;1
1328;65/2024;2024_65_26;ohi;1
1328;65/2024;2024_65_26;ohjelma;1
1328;65/2024;2024_65_26;ohjelmassa;1
1328;65/2024;2024_65_26;ohjelmasta;1
1328;65/2024;2024_65_26;oikeasti;2
1328;65/2024;2024_65_26;ole;5
1328;65/2024;2024_65_26;olemaan;1
1328;65/2024;2024_65_26;olette;2
1328;65/2024;2024_65_26;olla;2
1328;65/2024;2024_65_26;ollaan;1
1328;65/2024;2024_65_26;olleet;1
1328;65/2024;2024_65_26;ollenkaan;1
1328;65/2024;2024_65_26;ollut;1
1328;65/2024;2024_65_26;oma;1
1328;65/2024;2024_65_26;omaisensa;1
1328;65/2024;2024_65_26;omalääkärimalli;1
1328;65/2024;2024_65_26;omillaan;2
1328;65/2024;2024_65_26;on;15
1328;65/2024;2024_65_26;opittu;1
1328;65/2024;2024_65_26;orpon;1
1328;65/2024;2024_65_26;ottaa;1
1328;65/2024;2024_65_26;ottakaa;1
1328;65/2024;2024_65_26;ovat;8
1328;65/2024;2024_65_26;paikkaansa;1
1328;65/2024;2024_65_26;palvelut;1
1328;65/2024;2024_65_26;pankaa;1
1328;65/2024;2024_65_26;panostuksia;1
1328;65/2024;2024_65_26;paremmin;1
1328;65/2024;2024_65_26;parempaa;1
1328;65/2024;2024_65_26;pidä;1
1328;65/2024;2024_65_26;pitämään;2
1328;65/2024;2024_65_26;pitää;8
1328;65/2024;2024_65_26;pohja;3
1328;65/2024;2024_65_26;pois;2
1328;65/2024;2024_65_26;priorisoida;1
1328;65/2024;2024_65_26;pudonnut;1
1328;65/2024;2024_65_26;puhemies;4
1328;65/2024;2024_65_26;puhukaa;1
1328;65/2024;2024_65_26;puhutte;2
1328;65/2024;2024_65_26;puhuttiin;1
1328;65/2024;2024_65_26;puoliaan;1
1328;65/2024;2024_65_26;puuhastelua;1
1328;65/2024;2024_65_26;puuhastelun;1
1328;65/2024;2024_65_26;puuttuu;1
1328;65/2024;2024_65_26;puututa;1
1328;65/2024;2024_65_26;pysty;1
1328;65/2024;2024_65_26;pystyvät;1
1328;65/2024;2024_65_26;päinvastoin;1
1328;65/2024;2024_65_26;päivystyksiä;1
1328;65/2024;2024_65_26;pääministeri;1
1328;65/2024;2024_65_26;pääministerit;1
1328;65/2024;2024_65_26;päätöksiä;3
1328;65/2024;2024_65_26;radikaaleja;1
1328;65/2024;2024_65_26;rahaa;1
1328;65/2024;2024_65_26;retuperällä;1
1328;65/2024;2024_65_26;riutuvat;1
1328;65/2024;2024_65_26;roikottamalla;1
1328;65/2024;2024_65_26;saada;1
1328;65/2024;2024_65_26;saadaan;1
1328;65/2024;2024_65_26;saavat;1
1328;65/2024;2024_65_26;sairaaloiden;1
1328;65/2024;2024_65_26;sairaat;1
1328;65/2024;2024_65_26;sairaista;1
1328;65/2024;2024_65_26;samaa;3
1328;65/2024;2024_65_26;samalla;1
1328;65/2024;2024_65_26;samoja;1
1328;65/2024;2024_65_26;sanonut;1
1328;65/2024;2024_65_26;se;3
1328;65/2024;2024_65_26;seis;1
1328;65/2024;2024_65_26;selityksiä;1
1328;65/2024;2024_65_26;selkeällä;1
1328;65/2024;2024_65_26;sellainen;3
1328;65/2024;2024_65_26;siitä;1
1328;65/2024;2024_65_26;silloin;1
1328;65/2024;2024_65_26;sillä;1
1328;65/2024;2024_65_26;sitä;2
1328;65/2024;2024_65_26;sokka;1
1328;65/2024;2024_65_26;sote-menot;1
1328;65/2024;2024_65_26;sulavat;1
1328;65/2024;2024_65_26;sulkemassa;1
1328;65/2024;2024_65_26;suomalaisille;1
1328;65/2024;2024_65_26;suomalaisten;2
1328;65/2024;2024_65_26;suomelta;1
1328;65/2024;2024_65_26;suomen;4
1328;65/2024;2024_65_26;suomi;1
1328;65/2024;2024_65_26;suunnitelmanne;1
1328;65/2024;2024_65_26;suunsoitto;1
1328;65/2024;2024_65_26;syytellään;1
1328;65/2024;2024_65_26;säästöjä;1
1328;65/2024;2024_65_26;säästöt;1
1328;65/2024;2024_65_26;talman;4
1328;65/2024;2024_65_26;taloudessa;1
1328;65/2024;2024_65_26;taloudesta;3
1328;65/2024;2024_65_26;talous;4
1328;65/2024;2024_65_26;taloutta;1
1328;65/2024;2024_65_26;tapauksessa;1
1328;65/2024;2024_65_26;tarkastusvirastoa;1
1328;65/2024;2024_65_26;tarkoitettiin;1
1328;65/2024;2024_65_26;tarvitaan;3
1328;65/2024;2024_65_26;tavoitteenne;1
1328;65/2024;2024_65_26;tavoitteet;1
1328;65/2024;2024_65_26;tehdä;1
1328;65/2024;2024_65_26;teidän;3
1328;65/2024;2024_65_26;tekee;1
1328;65/2024;2024_65_26;terveydestä;3
1328;65/2024;2024_65_26;terveys;2
1328;65/2024;2024_65_26;terveyskeskuksia;1
1328;65/2024;2024_65_26;tiedossa;1
1328;65/2024;2024_65_26;tippaakaan;1
1328;65/2024;2024_65_26;toimeen;2
1328;65/2024;2024_65_26;toimillanne;1
1328;65/2024;2024_65_26;toiminta;1
1328;65/2024;2024_65_26;toiveiden;1
1328;65/2024;2024_65_26;toteutumassa;1
1328;65/2024;2024_65_26;toteutuvat;1
1328;65/2024;2024_65_26;tule;1
1328;65/2024;2024_65_26;tulee;2
1328;65/2024;2024_65_26;tulevien;1
1328;65/2024;2024_65_26;tullut;1
1328;65/2024;2024_65_26;tunnistaa;1
1328;65/2024;2024_65_26;turhaan;1
1328;65/2024;2024_65_26;tyhjiä;1
1328;65/2024;2024_65_26;tynnyri;1
1328;65/2024;2024_65_26;työllistä;1
1328;65/2024;2024_65_26;työttömyys;1
1328;65/2024;2024_65_26;työtöntä;1
1328;65/2024;2024_65_26;tällä;3
1328;65/2024;2024_65_26;tämä;2
1328;65/2024;2024_65_26;tärkeimmät;1
1328;65/2024;2024_65_26;tärkeimpiä;2
1328;65/2024;2024_65_26;tärkeysjärjestykseen;1
1328;65/2024;2024_65_26;tätä;1
1328;65/2024;2024_65_26;täysin;4
1328;65/2024;2024_65_26;täällä;1
1328;65/2024;2024_65_26;usko;1
1328;65/2024;2024_65_26;uskokaa;3
1328;65/2024;2024_65_26;uusiksi;1
1328;65/2024;2024_65_26;vaaleja;1
1328;65/2024;2024_65_26;vaalikaudella;1
1328;65/2024;2024_65_26;vaihtoehto;1
1328;65/2024;2024_65_26;vaihtuneet;1
1328;65/2024;2024_65_26;vain;3
1328;65/2024;2024_65_26;valtiontalouden;1
1328;65/2024;2024_65_26;valtionvelka;1
1328;65/2024;2024_65_26;vanhukset;2
1328;65/2024;2024_65_26;vanhuksista;1
1328;65/2024;2024_65_26;varaa;1
1328;65/2024;2024_65_26;varmasti;1
1328;65/2024;2024_65_26;vastaus;1
1328;65/2024;2024_65_26;vauhtia;1
1328;65/2024;2024_65_26;velkaa;1
1328;65/2024;2024_65_26;velkaralli;1
1328;65/2024;2024_65_26;velkasumma;1
1328;65/2024;2024_65_26;verotukseen;1
1328;65/2024;2024_65_26;virasto;1
1328;65/2024;2024_65_26;voi;3
1328;65/2024;2024_65_26;voimme;1
1328;65/2024;2024_65_26;vuoden;1
1328;65/2024;2024_65_26;vuodessa;1
1328;65/2024;2024_65_26;vuosien;1
1328;65/2024;2024_65_26;vuotta;1
1328;65/2024;2024_65_26;vähintään;1
1328;65/2024;2024_65_26;vähän;1
1328;65/2024;2024_65_26;väärässä;1
1328;65/2024;2024_65_26;yleensä;2
1328;65/2024;2024_65_26;yli;1
1328;65/2024;2024_65_26;yrittäjäpohjalta;1
1328;65/2024;2024_65_26;yritysten;2
1328;65/2024;2024_65_26;ärade;4
1328;66/2021;2021_66_91;aikaa;1
1328;66/2021;2021_66_91;aikana;1
1328;66/2021;2021_66_91;aina;1
1328;66/2021;2021_66_91;arvoisa;1
1328;66/2021;2021_66_91;ei;1
1328;66/2021;2021_66_91;eli;1
1328;66/2021;2021_66_91;epätietoisina;1
1328;66/2021;2021_66_91;etenevät;1
1328;66/2021;2021_66_91;haluatteko;1
1328;66/2021;2021_66_91;helsingissä;1
1328;66/2021;2021_66_91;hiihtolomien;1
1328;66/2021;2021_66_91;hinnalla;1
1328;66/2021;2021_66_91;hyvin;1
1328;66/2021;2021_66_91;hyvänsä;1
1328;66/2021;2021_66_91;hyvänä;1
1328;66/2021;2021_66_91;hädästä;1
1328;66/2021;2021_66_91;ihmiset;1
1328;66/2021;2021_66_91;ja;7
1328;66/2021;2021_66_91;jatkuu;1
1328;66/2021;2021_66_91;jälkeen;1
1328;66/2021;2021_66_91;kahden;1
1328;66/2021;2021_66_91;kehitys;1
1328;66/2021;2021_66_91;kiuru;1
1328;66/2021;2021_66_91;kohtelu;1
1328;66/2021;2021_66_91;konkurssiin;1
1328;66/2021;2021_66_91;käyvät;1
1328;66/2021;2021_66_91;lähimmäisestä;1
1328;66/2021;2021_66_91;maailman;1
1328;66/2021;2021_66_91;menee;1
1328;66/2021;2021_66_91;mielivaltainen;1
1328;66/2021;2021_66_91;millä;1
1328;66/2021;2021_66_91;ministeri;1
1328;66/2021;2021_66_91;mukaan;1
1328;66/2021;2021_66_91;mutta;2
1328;66/2021;2021_66_91;muualla;1
1328;66/2021;2021_66_91;muuttaa;1
1328;66/2021;2021_66_91;neljäsosaan;1
1328;66/2021;2021_66_91;noin;1
1328;66/2021;2021_66_91;ole;1
1328;66/2021;2021_66_91;olla;1
1328;66/2021;2021_66_91;ollut;2
1328;66/2021;2021_66_91;on;3
1328;66/2021;2021_66_91;osataan;1
1328;66/2021;2021_66_91;ovat;2
1328;66/2021;2021_66_91;paras;1
1328;66/2021;2021_66_91;parikymmentä;1
1328;66/2021;2021_66_91;pidetään;1
1328;66/2021;2021_66_91;piittaamatta;1
1328;66/2021;2021_66_91;pitää;1
1328;66/2021;2021_66_91;pudonneet;1
1328;66/2021;2021_66_91;puhemies;1
1328;66/2021;2021_66_91;päivän;1
1328;66/2021;2021_66_91;pääkaupunkiseudulla;1
1328;66/2021;2021_66_91;ravintoloita;1
1328;66/2021;2021_66_91;rokotukset;1
1328;66/2021;2021_66_91;selvästi;1
1328;66/2021;2021_66_91;simputusta;1
1328;66/2021;2021_66_91;suunnitelma;1
1328;66/2021;2021_66_91;suunnitelmia;1
1328;66/2021;2021_66_91;talous;1
1328;66/2021;2021_66_91;tartunnat;1
1328;66/2021;2021_66_91;tartuntaa;1
1328;66/2021;2021_66_91;tartuntatilanteen;1
1328;66/2021;2021_66_91;tasapainossa;1
1328;66/2021;2021_66_91;tehdä;1
1328;66/2021;2021_66_91;terveys;1
1328;66/2021;2021_66_91;terveysministeri;1
1328;66/2021;2021_66_91;testeissä;1
1328;66/2021;2021_66_91;tippaakaan;1
1328;66/2021;2021_66_91;todella;1
1328;66/2021;2021_66_91;todistusta;1
1328;66/2021;2021_66_91;työntekijät;1
1328;66/2021;2021_66_91;työntekijöiden;1
1328;66/2021;2021_66_91;työttöminä;1
1328;66/2021;2021_66_91;tällainen;1
1328;66/2021;2021_66_91;tässä;1
1328;66/2021;2021_66_91;täysin;1
1328;66/2021;2021_66_91;täyttä;1
1328;66/2021;2021_66_91;viime;1
1328;66/2021;2021_66_91;voi;1
1328;66/2021;2021_66_91;vuosi;1
1328;66/2021;2021_66_91;väärää;1
1328;66/2021;2021_66_91;yrittäjien;2
1328;66/2021;2021_66_91;yrittäjiä;1
1328;66/2024;2024_66_89;arvoisa;1
1328;66/2024;2024_66_89;eikä;1
1328;66/2024;2024_66_89;etelä-savossa;1
1328;66/2024;2024_66_89;että;2
1328;66/2024;2024_66_89;hallitus;1
1328;66/2024;2024_66_89;hoitoa;1
1328;66/2024;2024_66_89;huolen;1
1328;66/2024;2024_66_89;ihmiset;1
1328;66/2024;2024_66_89;ja;4
1328;66/2024;2024_66_89;jonoja;1
1328;66/2024;2024_66_89;jonot;2
1328;66/2024;2024_66_89;jossa;1
1328;66/2024;2024_66_89;kaiken;1
1328;66/2024;2024_66_89;kemin;1
1328;66/2024;2024_66_89;kouvolan;1
1328;66/2024;2024_66_89;kukkuraksi;1
1328;66/2024;2024_66_89;kuukauden;1
1328;66/2024;2024_66_89;kymenlaaksossa;1
1328;66/2024;2024_66_89;lapissa;1
1328;66/2024;2024_66_89;laskujen;1
1328;66/2024;2024_66_89;loppumassa;1
1328;66/2024;2024_66_89;lyhyimmät;1
1328;66/2024;2024_66_89;meinaatte;1
1328;66/2024;2024_66_89;miten;1
1328;66/2024;2024_66_89;monessa;1
1328;66/2024;2024_66_89;mukaan;1
1328;66/2024;2024_66_89;mutta;1
1328;66/2024;2024_66_89;niin;1
1328;66/2024;2024_66_89;ohhoh;1
1328;66/2024;2024_66_89;ole;1
1328;66/2024;2024_66_89;olette;2
1328;66/2024;2024_66_89;on;4
1328;66/2024;2024_66_89;onko;1
1328;66/2024;2024_66_89;ovat;1
1328;66/2024;2024_66_89;paikassa;1
1328;66/2024;2024_66_89;perussuomalaisten;1
1328;66/2024;2024_66_89;pisimmät;1
1328;66/2024;2024_66_89;pitää;1
1328;66/2024;2024_66_89;potilaat;1
1328;66/2024;2024_66_89;puhemies;1
1328;66/2024;2024_66_89;päivänä;1
1328;66/2024;2024_66_89;ryhmästä;1
1328;66/2024;2024_66_89;saavat;1
1328;66/2024;2024_66_89;sairaalan;1
1328;66/2024;2024_66_89;sairaaloita;1
1328;66/2024;2024_66_89;sairaat;1
1328;66/2024;2024_66_89;savonlinnan;1
1328;66/2024;2024_66_89;sieltä;1
1328;66/2024;2024_66_89;siitä;1
1328;66/2024;2024_66_89;sulkemassa;3
1328;66/2024;2024_66_89;terveyskeskuksia;1
1328;66/2024;2024_66_89;thln;1
1328;66/2024;2024_66_89;tänä;1
1328;66/2024;2024_66_89;vasemmalta;1
1328;66/2024;2024_66_89;yöpäivystyksen;1
1328;67/2019;2019_67_8;aihe;1
1328;67/2019;2019_67_8;aikaa;2
1328;67/2019;2019_67_8;aikana;1
1328;67/2019;2019_67_8;aikoina;1
1328;67/2019;2019_67_8;ajan;1
1328;67/2019;2019_67_8;ajasta;1
1328;67/2019;2019_67_8;alan;1
1328;67/2019;2019_67_8;alaspäin;1
1328;67/2019;2019_67_8;alkaa;1
1328;67/2019;2019_67_8;ammattilaiset;1
1328;67/2019;2019_67_8;anderssonin;1
1328;67/2019;2019_67_8;antti;1
1328;67/2019;2019_67_8;arvoisa;1
1328;67/2019;2019_67_8;asia;1
1328;67/2019;2019_67_8;asioiden;1
1328;67/2019;2019_67_8;asioihin;1
1328;67/2019;2019_67_8;askelin;1
1328;67/2019;2019_67_8;aukko;1
1328;67/2019;2019_67_8;autoilun;1
1328;67/2019;2019_67_8;auttamiseen;1
1328;67/2019;2019_67_8;avulla;1
1328;67/2019;2019_67_8;bisnestä;1
1328;67/2019;2019_67_8;budjettiehdotus;1
1328;67/2019;2019_67_8;budjettivaje;1
1328;67/2019;2019_67_8;edelleen;1
1328;67/2019;2019_67_8;edes;1
1328;67/2019;2019_67_8;ehdotamme;1
1328;67/2019;2019_67_8;ehdotuksia;1
1328;67/2019;2019_67_8;ehdotus;1
1328;67/2019;2019_67_8;ehkä;1
1328;67/2019;2019_67_8;ei;12
1328;67/2019;2019_67_8;eikä;2
1328;67/2019;2019_67_8;emme;1
1328;67/2019;2019_67_8;energiamme;1
1328;67/2019;2019_67_8;ennen;3
1328;67/2019;2019_67_8;ensi;1
1328;67/2019;2019_67_8;ensiasunnon;1
1328;67/2019;2019_67_8;ensinnäkin;1
1328;67/2019;2019_67_8;epämukavat;1
1328;67/2019;2019_67_8;epävarmoina;1
1328;67/2019;2019_67_8;eri;1
1328;67/2019;2019_67_8;erikoista;1
1328;67/2019;2019_67_8;esimerkiksi;5
1328;67/2019;2019_67_8;esimerkkiä;1
1328;67/2019;2019_67_8;esittää;1
1328;67/2019;2019_67_8;esitämme;1
1328;67/2019;2019_67_8;etsiä;1
1328;67/2019;2019_67_8;että;14
1328;67/2019;2019_67_8;etunoja;1
1328;67/2019;2019_67_8;etuoikeus;1
1328;67/2019;2019_67_8;eulle;1
1328;67/2019;2019_67_8;eurot;1
1328;67/2019;2019_67_8;gallupit;1
1328;67/2019;2019_67_8;haitalliset;1
1328;67/2019;2019_67_8;haitallisia;1
1328;67/2019;2019_67_8;hakeutua;1
1328;67/2019;2019_67_8;hallinnollinen;1
1328;67/2019;2019_67_8;hallinnollisten;1
1328;67/2019;2019_67_8;hallituksella;1
1328;67/2019;2019_67_8;hallitukselta;1
1328;67/2019;2019_67_8;hallituksen;4
1328;67/2019;2019_67_8;hallitus;4
1328;67/2019;2019_67_8;hallitusohjelma;2
1328;67/2019;2019_67_8;hallitusohjelmaa;1
1328;67/2019;2019_67_8;hallituspuolelle;1
1328;67/2019;2019_67_8;hallituspuolueilla;1
1328;67/2019;2019_67_8;halua;1
1328;67/2019;2019_67_8;haluamme;1
1328;67/2019;2019_67_8;haluta;1
1328;67/2019;2019_67_8;harmaata;1
1328;67/2019;2019_67_8;heiluvat;1
1328;67/2019;2019_67_8;hiilidioksidipäästöihin;1
1328;67/2019;2019_67_8;hiilitulleista;1
1328;67/2019;2019_67_8;hoitajamitoitukseen;1
1328;67/2019;2019_67_8;huonompi;2
1328;67/2019;2019_67_8;hyvä;1
1328;67/2019;2019_67_8;hyväksi;1
1328;67/2019;2019_67_8;ifmn;1
1328;67/2019;2019_67_8;ihmiset;2
1328;67/2019;2019_67_8;ikävä;1
1328;67/2019;2019_67_8;ilmasto;1
1328;67/2019;2019_67_8;ilmastointi;1
1328;67/2019;2019_67_8;ilmastointia;1
1328;67/2019;2019_67_8;ilmastonmuutos;1
1328;67/2019;2019_67_8;ilmastopolitiikkaa;1
1328;67/2019;2019_67_8;ilmastotekoja;1
1328;67/2019;2019_67_8;ilmastotoimia;1
1328;67/2019;2019_67_8;innovaatioita;1
1328;67/2019;2019_67_8;investointeihin;1
1328;67/2019;2019_67_8;investointeja;1
1328;67/2019;2019_67_8;itse;1
1328;67/2019;2019_67_8;itsensä;3
1328;67/2019;2019_67_8;itsestäni;1
1328;67/2019;2019_67_8;ja;23
1328;67/2019;2019_67_8;johtajuutta;2
1328;67/2019;2019_67_8;joissa;2
1328;67/2019;2019_67_8;joku;1
1328;67/2019;2019_67_8;jolla;1
1328;67/2019;2019_67_8;jonka;2
1328;67/2019;2019_67_8;jos;4
1328;67/2019;2019_67_8;jossa;1
1328;67/2019;2019_67_8;josta;1
1328;67/2019;2019_67_8;jostain;3
1328;67/2019;2019_67_8;jotka;3
1328;67/2019;2019_67_8;juhlapuheissaan;1
1328;67/2019;2019_67_8;juuri;1
1328;67/2019;2019_67_8;jäihin;1
1328;67/2019;2019_67_8;jälkeen;1
1328;67/2019;2019_67_8;järjestöt;1
1328;67/2019;2019_67_8;järki;1
1328;67/2019;2019_67_8;jäsenmaksujen;1
1328;67/2019;2019_67_8;jäsenmaksun;1
1328;67/2019;2019_67_8;jää;1
1328;67/2019;2019_67_8;jäädä;1
1328;67/2019;2019_67_8;jäähallin;2
1328;67/2019;2019_67_8;jäätä;1
1328;67/2019;2019_67_8;kaasuauto-operaattoriksi;1
1328;67/2019;2019_67_8;kaasutalkoista;1
1328;67/2019;2019_67_8;kaikkea;1
1328;67/2019;2019_67_8;kaikki;1
1328;67/2019;2019_67_8;kaikkien;1
1328;67/2019;2019_67_8;kaipaa;1
1328;67/2019;2019_67_8;kaksi;1
1328;67/2019;2019_67_8;kalliimmaksi;1
1328;67/2019;2019_67_8;kalliit;1
1328;67/2019;2019_67_8;kannalta;1
1328;67/2019;2019_67_8;kansainvälisiin;1
1328;67/2019;2019_67_8;kansainvälisillä;1
1328;67/2019;2019_67_8;kanssa;1
1328;67/2019;2019_67_8;karsintaa;1
1328;67/2019;2019_67_8;karsisi;1
1328;67/2019;2019_67_8;kasvoivat;1
1328;67/2019;2019_67_8;kaukana;1
1328;67/2019;2019_67_8;kehittää;2
1328;67/2019;2019_67_8;keino;1
1328;67/2019;2019_67_8;keinoja;1
1328;67/2019;2019_67_8;kelpaavasta;1
1328;67/2019;2019_67_8;kertomaan;1
1328;67/2019;2019_67_8;keskenänne;1
1328;67/2019;2019_67_8;kestävän;1
1328;67/2019;2019_67_8;kesällä;1
1328;67/2019;2019_67_8;keväällä;1
1328;67/2019;2019_67_8;kierre;1
1328;67/2019;2019_67_8;kierrätettäväksi;1
1328;67/2019;2019_67_8;koeajan;1
1328;67/2019;2019_67_8;kohdalla;1
1328;67/2019;2019_67_8;kohdentaisi;1
1328;67/2019;2019_67_8;kohdistettaisiin;1
1328;67/2019;2019_67_8;kohti;1
1328;67/2019;2019_67_8;kokeilla;1
1328;67/2019;2019_67_8;koko;1
1328;67/2019;2019_67_8;kolmanneksi;1
1328;67/2019;2019_67_8;kolmesta;1
1328;67/2019;2019_67_8;koska;1
1328;67/2019;2019_67_8;kuin;5
1328;67/2019;2019_67_8;kukaan;1
1328;67/2019;2019_67_8;kunnianhimoisia;1
1328;67/2019;2019_67_8;kunnon;1
1328;67/2019;2019_67_8;kurvinen;1
1328;67/2019;2019_67_8;kustannuksiin;1
1328;67/2019;2019_67_8;kuvaa;1
1328;67/2019;2019_67_8;kuvitelkaa;1
1328;67/2019;2019_67_8;kyllä;1
1328;67/2019;2019_67_8;kyseenalainen;1
1328;67/2019;2019_67_8;kädet;1
1328;67/2019;2019_67_8;käteen;1
1328;67/2019;2019_67_8;kävelee;2
1328;67/2019;2019_67_8;käyttävien;1
1328;67/2019;2019_67_8;käyttää;1
1328;67/2019;2019_67_8;laajemmin;1
1328;67/2019;2019_67_8;laitetaan;1
1328;67/2019;2019_67_8;lentovero;1
1328;67/2019;2019_67_8;lihavero;1
1328;67/2019;2019_67_8;liian;1
1328;67/2019;2019_67_8;liike;5
1328;67/2019;2019_67_8;liikkumista;1
1328;67/2019;2019_67_8;liittojen;1
1328;67/2019;2019_67_8;lisäksi;1
1328;67/2019;2019_67_8;lisätuloja;1
1328;67/2019;2019_67_8;lopulta;1
1328;67/2019;2019_67_8;luontoa;1
1328;67/2019;2019_67_8;lupa;1
1328;67/2019;2019_67_8;lupaukset;1
1328;67/2019;2019_67_8;lähtee;1
1328;67/2019;2019_67_8;lähteekin;1
1328;67/2019;2019_67_8;maailman;1
1328;67/2019;2019_67_8;maalit;1
1328;67/2019;2019_67_8;maksaa;3
1328;67/2019;2019_67_8;maksaisivat;1
1328;67/2019;2019_67_8;materiaalista;1
1328;67/2019;2019_67_8;me;1
1328;67/2019;2019_67_8;meidän;3
1328;67/2019;2019_67_8;meille;1
1328;67/2019;2019_67_8;meillä;1
1328;67/2019;2019_67_8;melkein;1
1328;67/2019;2019_67_8;melko;1
1328;67/2019;2019_67_8;menee;1
1328;67/2019;2019_67_8;menevän;1
1328;67/2019;2019_67_8;menevät;1
1328;67/2019;2019_67_8;mennä;1
1328;67/2019;2019_67_8;menossa;1
1328;67/2019;2019_67_8;merkittävien;1
1328;67/2019;2019_67_8;metsähakkuut;1
1328;67/2019;2019_67_8;mikäli;1
1328;67/2019;2019_67_8;ministeri;1
1328;67/2019;2019_67_8;missä;1
1328;67/2019;2019_67_8;mitättömästi;1
1328;67/2019;2019_67_8;mitään;1
1328;67/2019;2019_67_8;muiden;1
1328;67/2019;2019_67_8;muidenkin;1
1328;67/2019;2019_67_8;mukaan;1
1328;67/2019;2019_67_8;musta;1
1328;67/2019;2019_67_8;mutta;5
1328;67/2019;2019_67_8;muusta;1
1328;67/2019;2019_67_8;muutoksen;1
1328;67/2019;2019_67_8;muuttaisi;1
1328;67/2019;2019_67_8;muuttavat;1
1328;67/2019;2019_67_8;muuttaville;1
1328;67/2019;2019_67_8;myös;3
1328;67/2019;2019_67_8;määrätietoisesti;1
1328;67/2019;2019_67_8;naurua;2
1328;67/2019;2019_67_8;ne;1
1328;67/2019;2019_67_8;neuvojen;1
1328;67/2019;2019_67_8;neuvoni;1
1328;67/2019;2019_67_8;niiden;3
1328;67/2019;2019_67_8;niihin;1
1328;67/2019;2019_67_8;niin;3
1328;67/2019;2019_67_8;niitä;1
1328;67/2019;2019_67_8;nimittäin;1
1328;67/2019;2019_67_8;nykyinen;1
1328;67/2019;2019_67_8;nyt;9
1328;67/2019;2019_67_8;nytin;1
1328;67/2019;2019_67_8;odottaa;1
1328;67/2019;2019_67_8;odottamaan;1
1328;67/2019;2019_67_8;oikea;1
1328;67/2019;2019_67_8;oikealta;3
1328;67/2019;2019_67_8;ole;4
1328;67/2019;2019_67_8;olisi;5
1328;67/2019;2019_67_8;olivat;1
1328;67/2019;2019_67_8;ollenkaan;1
1328;67/2019;2019_67_8;oma;2
1328;67/2019;2019_67_8;omilla;1
1328;67/2019;2019_67_8;on;15
1328;67/2019;2019_67_8;ongelman;1
1328;67/2019;2019_67_8;onnistu;1
1328;67/2019;2019_67_8;osaa;1
1328;67/2019;2019_67_8;osalta;1
1328;67/2019;2019_67_8;osamme;1
1328;67/2019;2019_67_8;ostajat;1
1328;67/2019;2019_67_8;ovat;2
1328;67/2019;2019_67_8;paheksuvat;1
1328;67/2019;2019_67_8;paikasta;1
1328;67/2019;2019_67_8;paitsi;1
1328;67/2019;2019_67_8;palaa;1
1328;67/2019;2019_67_8;paljon;2
1328;67/2019;2019_67_8;palkkatuen;1
1328;67/2019;2019_67_8;panttivanki;1
1328;67/2019;2019_67_8;paranisi;1
1328;67/2019;2019_67_8;parantamiseen;1
1328;67/2019;2019_67_8;pari;1
1328;67/2019;2019_67_8;peittää;1
1328;67/2019;2019_67_8;pelastetaan;1
1328;67/2019;2019_67_8;pelastuvan;1
1328;67/2019;2019_67_8;peliin;1
1328;67/2019;2019_67_8;penkit;1
1328;67/2019;2019_67_8;perässä;2
1328;67/2019;2019_67_8;pienene;1
1328;67/2019;2019_67_8;pienenee;1
1328;67/2019;2019_67_8;pistemäisillä;1
1328;67/2019;2019_67_8;piti;1
1328;67/2019;2019_67_8;pitäisi;1
1328;67/2019;2019_67_8;pitää;5
1328;67/2019;2019_67_8;poistaisi;1
1328;67/2019;2019_67_8;poistamista;1
1328;67/2019;2019_67_8;porkkana;1
1328;67/2019;2019_67_8;prosenttia;1
1328;67/2019;2019_67_8;puhemies;1
1328;67/2019;2019_67_8;puhua;1
1328;67/2019;2019_67_8;puolueet;1
1328;67/2019;2019_67_8;puolueiden;1
1328;67/2019;2019_67_8;puututaan;1
1328;67/2019;2019_67_8;pyörii;1
1328;67/2019;2019_67_8;päähänsä;1
1328;67/2019;2019_67_8;päästä;1
1328;67/2019;2019_67_8;päästöjä;1
1328;67/2019;2019_67_8;päätöspöytiin;1
1328;67/2019;2019_67_8;rahaa;2
1328;67/2019;2019_67_8;rajat;1
1328;67/2019;2019_67_8;rakentaa;1
1328;67/2019;2019_67_8;rakentanut;1
1328;67/2019;2019_67_8;rankkaa;1
1328;67/2019;2019_67_8;riittävästi;1
1328;67/2019;2019_67_8;ristissä;1
1328;67/2019;2019_67_8;rohkea;1
1328;67/2019;2019_67_8;saa;1
1328;67/2019;2019_67_8;saadut;1
1328;67/2019;2019_67_8;saamattomuutta;1
1328;67/2019;2019_67_8;saisi;1
1328;67/2019;2019_67_8;se;6
1328;67/2019;2019_67_8;selittelee;1
1328;67/2019;2019_67_8;selkeät;1
1328;67/2019;2019_67_8;selkeää;1
1328;67/2019;2019_67_8;selvittämiseen;1
1328;67/2019;2019_67_8;selvää;1
1328;67/2019;2019_67_8;sen;2
1328;67/2019;2019_67_8;sidotaan;1
1328;67/2019;2019_67_8;sieltäkin;1
1328;67/2019;2019_67_8;siihen;1
1328;67/2019;2019_67_8;siinä;2
1328;67/2019;2019_67_8;siirtäisi;2
1328;67/2019;2019_67_8;sijaan;2
1328;67/2019;2019_67_8;sijoitustuotoistaan;1
1328;67/2019;2019_67_8;sillä;2
1328;67/2019;2019_67_8;sinne;1
1328;67/2019;2019_67_8;sitten;1
1328;67/2019;2019_67_8;sitä;3
1328;67/2019;2019_67_8;soillamme;1
1328;67/2019;2019_67_8;sopia;1
1328;67/2019;2019_67_8;sopuun;1
1328;67/2019;2019_67_8;suomalaisesta;1
1328;67/2019;2019_67_8;suomalaiset;1
1328;67/2019;2019_67_8;suomeen;1
1328;67/2019;2019_67_8;suomen;1
1328;67/2019;2019_67_8;suomessa;2
1328;67/2019;2019_67_8;suomi;1
1328;67/2019;2019_67_8;suoraan;1
1328;67/2019;2019_67_8;suunnan;1
1328;67/2019;2019_67_8;suunniteltu;1
1328;67/2019;2019_67_8;suunta;1
1328;67/2019;2019_67_8;suuntiin;1
1328;67/2019;2019_67_8;suuri;1
1328;67/2019;2019_67_8;syksyinen;1
1328;67/2019;2019_67_8;synkkä;1
1328;67/2019;2019_67_8;syntynyt;1
1328;67/2019;2019_67_8;syystä;1
1328;67/2019;2019_67_8;säädetään;1
1328;67/2019;2019_67_8;säästää;1
1328;67/2019;2019_67_8;taas;1
1328;67/2019;2019_67_8;tai;2
1328;67/2019;2019_67_8;taistella;1
1328;67/2019;2019_67_8;taivaasta;1
1328;67/2019;2019_67_8;taloutta;1
1328;67/2019;2019_67_8;tapa;1
1328;67/2019;2019_67_8;tarkoita;1
1328;67/2019;2019_67_8;tarkoittaa;3
1328;67/2019;2019_67_8;tarkoituksenmukainen;1
1328;67/2019;2019_67_8;tarkoituksenmukaisuus;1
1328;67/2019;2019_67_8;tarvitaan;1
1328;67/2019;2019_67_8;tarvitsisi;1
1328;67/2019;2019_67_8;tarvittaisiin;1
1328;67/2019;2019_67_8;tasapainottamiseen;1
1328;67/2019;2019_67_8;tehdä;5
1328;67/2019;2019_67_8;tehtyjä;1
1328;67/2019;2019_67_8;teoilla;2
1328;67/2019;2019_67_8;tietysti;1
1328;67/2019;2019_67_8;tietävät;1
1328;67/2019;2019_67_8;tippuisi;1
1328;67/2019;2019_67_8;toimenpidepakettia;1
1328;67/2019;2019_67_8;toimilla;1
1328;67/2019;2019_67_8;toimintaa;1
1328;67/2019;2019_67_8;toimintaedellytysten;1
1328;67/2019;2019_67_8;toimiva;1
1328;67/2019;2019_67_8;toisekseen;1
1328;67/2019;2019_67_8;toiseksi;1
1328;67/2019;2019_67_8;toisin;1
1328;67/2019;2019_67_8;toivomaan;1
1328;67/2019;2019_67_8;toteutettu;1
1328;67/2019;2019_67_8;toteuttakaa;1
1328;67/2019;2019_67_8;totta;2
1328;67/2019;2019_67_8;tuhansia;1
1328;67/2019;2019_67_8;tuhoavat;2
1328;67/2019;2019_67_8;tukia;1
1328;67/2019;2019_67_8;tulee;2
1328;67/2019;2019_67_8;tulla;1
1328;67/2019;2019_67_8;tuntuu;1
1328;67/2019;2019_67_8;tuodaan;1
1328;67/2019;2019_67_8;tuon;1
1328;67/2019;2019_67_8;tuota;1
1328;67/2019;2019_67_8;tuottavat;1
1328;67/2019;2019_67_8;tuotteita;1
1328;67/2019;2019_67_8;turpeen;1
1328;67/2019;2019_67_8;turvenuijat;1
1328;67/2019;2019_67_8;työllisyys;1
1328;67/2019;2019_67_8;työmarkkinajärjestöjen;2
1328;67/2019;2019_67_8;työmarkkinaosapuolet;1
1328;67/2019;2019_67_8;työn;2
1328;67/2019;2019_67_8;työnantajien;1
1328;67/2019;2019_67_8;työnhaun;1
1328;67/2019;2019_67_8;työntekijöiden;2
1328;67/2019;2019_67_8;työntekijöille;1
1328;67/2019;2019_67_8;työpaikkoja;2
1328;67/2019;2019_67_8;työsuhteen;1
1328;67/2019;2019_67_8;työttömien;1
1328;67/2019;2019_67_8;työttömyysmaksun;1
1328;67/2019;2019_67_8;työvoimapalveluihin;1
1328;67/2019;2019_67_8;työvoimapalveluja;1
1328;67/2019;2019_67_8;tämä;1
1328;67/2019;2019_67_8;tämän;1
1328;67/2019;2019_67_8;tänne;1
1328;67/2019;2019_67_8;tästä;1
1328;67/2019;2019_67_8;täyttä;1
1328;67/2019;2019_67_8;täytyy;1
1328;67/2019;2019_67_8;ulostuloilla;1
1328;67/2019;2019_67_8;usein;1
1328;67/2019;2019_67_8;uskalletaan;1
1328;67/2019;2019_67_8;uskoi;1
1328;67/2019;2019_67_8;uskovat;1
1328;67/2019;2019_67_8;uudelleen;1
1328;67/2019;2019_67_8;uusia;1
1328;67/2019;2019_67_8;uusilla;1
1328;67/2019;2019_67_8;vaaleja;2
1328;67/2019;2019_67_8;vaihtoehtobudjetti;1
1328;67/2019;2019_67_8;vaikka;3
1328;67/2019;2019_67_8;vaikuttaa;1
1328;67/2019;2019_67_8;vaikuttavampaa;1
1328;67/2019;2019_67_8;vaikutuksella;1
1328;67/2019;2019_67_8;vaikutus;1
1328;67/2019;2019_67_8;vain;4
1328;67/2019;2019_67_8;valinnoillaan;1
1328;67/2019;2019_67_8;valitettavasti;1
1328;67/2019;2019_67_8;valmistaa;1
1328;67/2019;2019_67_8;valtaa;1
1328;67/2019;2019_67_8;valtaosa;1
1328;67/2019;2019_67_8;valtio;1
1328;67/2019;2019_67_8;valtiolle;1
1328;67/2019;2019_67_8;valtion;1
1328;67/2019;2019_67_8;valtiontalouden;1
1328;67/2019;2019_67_8;vanhojakaan;1
1328;67/2019;2019_67_8;vapaana;1
1328;67/2019;2019_67_8;vapautettaisiin;1
1328;67/2019;2019_67_8;varainsiirtoverosta;1
1328;67/2019;2019_67_8;varakkaiden;1
1328;67/2019;2019_67_8;varmoin;1
1328;67/2019;2019_67_8;vasta;1
1328;67/2019;2019_67_8;vastaan;1
1328;67/2019;2019_67_8;vauhdittajiksi;1
1328;67/2019;2019_67_8;veroa;1
1328;67/2019;2019_67_8;veroedut;1
1328;67/2019;2019_67_8;veroista;1
1328;67/2019;2019_67_8;veroja;2
1328;67/2019;2019_67_8;verotuen;1
1328;67/2019;2019_67_8;verotuloissa;1
1328;67/2019;2019_67_8;verotus;1
1328;67/2019;2019_67_8;verovähennysoikeuden;1
1328;67/2019;2019_67_8;verovähennysoikeus;1
1328;67/2019;2019_67_8;viidakko;1
1328;67/2019;2019_67_8;viidenneksi;1
1328;67/2019;2019_67_8;viimein;1
1328;67/2019;2019_67_8;viimeinen;1
1328;67/2019;2019_67_8;viisi;1
1328;67/2019;2019_67_8;voi;4
1328;67/2019;2019_67_8;voimakkaammin;1
1328;67/2019;2019_67_8;voisi;2
1328;67/2019;2019_67_8;voisimme;1
1328;67/2019;2019_67_8;voisivat;1
1328;67/2019;2019_67_8;voitaisiin;1
1328;67/2019;2019_67_8;voitosta;1
1328;67/2019;2019_67_8;voittojen;1
1328;67/2019;2019_67_8;vuoden;1
1328;67/2019;2019_67_8;vuokra;1
1328;67/2019;2019_67_8;vuokralle;1
1328;67/2019;2019_67_8;vuonna;1
1328;67/2019;2019_67_8;vuosi;1
1328;67/2019;2019_67_8;vähenemisen;1
1328;67/2019;2019_67_8;vähentävät;1
1328;67/2019;2019_67_8;yhteinen;1
1328;67/2019;2019_67_8;yhteiskunnallista;1
1328;67/2019;2019_67_8;yhteyksillä;1
1328;67/2019;2019_67_8;yhä;1
1328;67/2019;2019_67_8;yksimielisiä;1
1328;67/2019;2019_67_8;yksinkertainen;1
1328;67/2019;2019_67_8;ymmärtäisi;1
1328;67/2019;2019_67_8;ympyrää;1
1328;67/2019;2019_67_8;ympäristölle;1
1328;67/2019;2019_67_8;ympäristöämme;1
1328;67/2019;2019_67_8;yritetään;1
1328;67/2019;2019_67_8;yrittäjyys;1
1328;67/2019;2019_67_8;yrittäkää;1
1328;67/2019;2019_67_8;yrityksen;1
1328;67/2019;2019_67_8;yritykset;1
1328;67/2019;2019_67_8;yrityksille;1
1328;67/2019;2019_67_8;yritysten;1
1328;67/2019;2019_67_8;yritystuet;2
1328;67/2020;2020_67_89;aiempien;1
1328;67/2020;2020_67_89;aiheesta;1
1328;67/2020;2020_67_89;aikaa;1
1328;67/2020;2020_67_89;aikaisemmin;1
1328;67/2020;2020_67_89;aikatauluista;1
1328;67/2020;2020_67_89;ainoa;1
1328;67/2020;2020_67_89;aivan;1
1328;67/2020;2020_67_89;alihankkijoita;1
1328;67/2020;2020_67_89;annettu;1
1328;67/2020;2020_67_89;antavat;2
1328;67/2020;2020_67_89;apu;1
1328;67/2020;2020_67_89;arvoisa;1
1328;67/2020;2020_67_89;arvon;1
1328;67/2020;2020_67_89;arvovaltakysymys;1
1328;67/2020;2020_67_89;asiansa;1
1328;67/2020;2020_67_89;asiassa;1
1328;67/2020;2020_67_89;asiat;1
1328;67/2020;2020_67_89;asioihin;2
1328;67/2020;2020_67_89;auttamisessa;1
1328;67/2020;2020_67_89;avaamaan;1
1328;67/2020;2020_67_89;avoimuus;1
1328;67/2020;2020_67_89;avulla;1
1328;67/2020;2020_67_89;avun;1
1328;67/2020;2020_67_89;avustuspaketti;1
1328;67/2020;2020_67_89;avustusta;1
1328;67/2020;2020_67_89;business;1
1328;67/2020;2020_67_89;eduskunnassa;1
1328;67/2020;2020_67_89;ei;11
1328;67/2020;2020_67_89;eikä;1
1328;67/2020;2020_67_89;eivät;1
1328;67/2020;2020_67_89;ely-keskuksen;1
1328;67/2020;2020_67_89;emme;1
1328;67/2020;2020_67_89;ennen;1
1328;67/2020;2020_67_89;epidemiaan;1
1328;67/2020;2020_67_89;epäselväksi;1
1328;67/2020;2020_67_89;erikoista;1
1328;67/2020;2020_67_89;erittäin;1
1328;67/2020;2020_67_89;esimerkiksi;3
1328;67/2020;2020_67_89;esimerkin;1
1328;67/2020;2020_67_89;etelä-karjalassa;1
1328;67/2020;2020_67_89;ettei;3
1328;67/2020;2020_67_89;että;11
1328;67/2020;2020_67_89;eurooppaa;1
1328;67/2020;2020_67_89;farssi;1
1328;67/2020;2020_67_89;finlandin;1
1328;67/2020;2020_67_89;hallintaan;1
1328;67/2020;2020_67_89;hallituksen;4
1328;67/2020;2020_67_89;hallitus;4
1328;67/2020;2020_67_89;haluaisin;1
1328;67/2020;2020_67_89;helppo;1
1328;67/2020;2020_67_89;helsinkiä;1
1328;67/2020;2020_67_89;hetemäen;1
1328;67/2020;2020_67_89;heti;1
1328;67/2020;2020_67_89;hitaasti;1
1328;67/2020;2020_67_89;huolehtia;1
1328;67/2020;2020_67_89;hyvin;5
1328;67/2020;2020_67_89;hyödyllisiä;2
1328;67/2020;2020_67_89;hän;3
1328;67/2020;2020_67_89;ihmisiä;1
1328;67/2020;2020_67_89;ilmiselvää;1
1328;67/2020;2020_67_89;instrumentteja;1
1328;67/2020;2020_67_89;iso;2
1328;67/2020;2020_67_89;isompi;1
1328;67/2020;2020_67_89;ja;18
1328;67/2020;2020_67_89;jakoperusteista;1
1328;67/2020;2020_67_89;jo;3
1328;67/2020;2020_67_89;johtoryhmän;1
1328;67/2020;2020_67_89;joissain;1
1328;67/2020;2020_67_89;joitakin;1
1328;67/2020;2020_67_89;joka;2
1328;67/2020;2020_67_89;jolla;1
1328;67/2020;2020_67_89;jonkinlainen;1
1328;67/2020;2020_67_89;jos;1
1328;67/2020;2020_67_89;jossa;1
1328;67/2020;2020_67_89;jota;1
1328;67/2020;2020_67_89;jotka;2
1328;67/2020;2020_67_89;jotta;1
1328;67/2020;2020_67_89;joukko;1
1328;67/2020;2020_67_89;julkisessa;1
1328;67/2020;2020_67_89;jäljittämisellä;1
1328;67/2020;2020_67_89;jälkeen;1
1328;67/2020;2020_67_89;jälkimmäiseen;1
1328;67/2020;2020_67_89;jää;1
1328;67/2020;2020_67_89;jääneet;1
1328;67/2020;2020_67_89;kahden;1
1328;67/2020;2020_67_89;kaikkea;1
1328;67/2020;2020_67_89;kauan;1
1328;67/2020;2020_67_89;kaupoissa;2
1328;67/2020;2020_67_89;kerrottu;1
1328;67/2020;2020_67_89;kertaan;1
1328;67/2020;2020_67_89;kestänyt;1
1328;67/2020;2020_67_89;kestävät;1
1328;67/2020;2020_67_89;kohdalla;1
1328;67/2020;2020_67_89;koko;1
1328;67/2020;2020_67_89;konkreettisiin;1
1328;67/2020;2020_67_89;koskee;1
1328;67/2020;2020_67_89;koskisivat;1
1328;67/2020;2020_67_89;kriisin;1
1328;67/2020;2020_67_89;kuin;3
1328;67/2020;2020_67_89;kuitenkin;3
1328;67/2020;2020_67_89;kun;2
1328;67/2020;2020_67_89;kunnon;1
1328;67/2020;2020_67_89;kuten;1
1328;67/2020;2020_67_89;kuukauden;1
1328;67/2020;2020_67_89;kuusi;1
1328;67/2020;2020_67_89;kuvan;1
1328;67/2020;2020_67_89;kyse;1
1328;67/2020;2020_67_89;kysymys;1
1328;67/2020;2020_67_89;kysynkin;1
1328;67/2020;2020_67_89;käytetty;1
1328;67/2020;2020_67_89;käytettyinä;1
1328;67/2020;2020_67_89;käyttää;1
1328;67/2020;2020_67_89;käyttöä;1
1328;67/2020;2020_67_89;käyttöön;2
1328;67/2020;2020_67_89;laajuus;1
1328;67/2020;2020_67_89;lainoja;1
1328;67/2020;2020_67_89;laittoi;1
1328;67/2020;2020_67_89;laivaterminaalisotkut;1
1328;67/2020;2020_67_89;laumasuoja;1
1328;67/2020;2020_67_89;laumasuojaan;1
1328;67/2020;2020_67_89;lentokenttä;1
1328;67/2020;2020_67_89;leviä;1
1328;67/2020;2020_67_89;liian;1
1328;67/2020;2020_67_89;liikenteessä;1
1328;67/2020;2020_67_89;liikkeelle;1
1328;67/2020;2020_67_89;linjaa;2
1328;67/2020;2020_67_89;lopuksi;1
1328;67/2020;2020_67_89;luonut;1
1328;67/2020;2020_67_89;lääkkeitä;1
1328;67/2020;2020_67_89;maailman;1
1328;67/2020;2020_67_89;mahdollista;2
1328;67/2020;2020_67_89;mahdu;1
1328;67/2020;2020_67_89;maiden;1
1328;67/2020;2020_67_89;maissa;2
1328;67/2020;2020_67_89;maksuhelpotuksia;1
1328;67/2020;2020_67_89;maskiongelmat;1
1328;67/2020;2020_67_89;meillä;1
1328;67/2020;2020_67_89;melkein;1
1328;67/2020;2020_67_89;menetä;1
1328;67/2020;2020_67_89;meni;1
1328;67/2020;2020_67_89;mennessä;1
1328;67/2020;2020_67_89;mihin;2
1328;67/2020;2020_67_89;miksi;1
1328;67/2020;2020_67_89;mikä;1
1328;67/2020;2020_67_89;minimoitua;1
1328;67/2020;2020_67_89;ministeriöiden;1
1328;67/2020;2020_67_89;ministeriölle;1
1328;67/2020;2020_67_89;miten;1
1328;67/2020;2020_67_89;mittainen;1
1328;67/2020;2020_67_89;mitä;1
1328;67/2020;2020_67_89;mitään;2
1328;67/2020;2020_67_89;moneen;1
1328;67/2020;2020_67_89;monenlaisia;1
1328;67/2020;2020_67_89;monessakaan;1
1328;67/2020;2020_67_89;monet;1
1328;67/2020;2020_67_89;monia;1
1328;67/2020;2020_67_89;monien;1
1328;67/2020;2020_67_89;monin;1
1328;67/2020;2020_67_89;monta;1
1328;67/2020;2020_67_89;muiden;1
1328;67/2020;2020_67_89;muilla;1
1328;67/2020;2020_67_89;muissa;2
1328;67/2020;2020_67_89;mukana;1
1328;67/2020;2020_67_89;mutta;4
1328;67/2020;2020_67_89;muualle;1
1328;67/2020;2020_67_89;muuttuneista;1
1328;67/2020;2020_67_89;myös;1
1328;67/2020;2020_67_89;ne;2
1328;67/2020;2020_67_89;niin;2
1328;67/2020;2020_67_89;niistä;1
1328;67/2020;2020_67_89;niitä;1
1328;67/2020;2020_67_89;nopeammin;1
1328;67/2020;2020_67_89;nopean;1
1328;67/2020;2020_67_89;nopeastikin;1
1328;67/2020;2020_67_89;nyt;4
1328;67/2020;2020_67_89;näihin;1
1328;67/2020;2020_67_89;oikein;1
1328;67/2020;2020_67_89;ole;5
1328;67/2020;2020_67_89;olemassa;1
1328;67/2020;2020_67_89;olisi;6
1328;67/2020;2020_67_89;olisiko;1
1328;67/2020;2020_67_89;ollut;2
1328;67/2020;2020_67_89;oltu;1
1328;67/2020;2020_67_89;oma;1
1328;67/2020;2020_67_89;on;25
1328;67/2020;2020_67_89;onko;1
1328;67/2020;2020_67_89;onnistunut;1
1328;67/2020;2020_67_89;osata;1
1328;67/2020;2020_67_89;otan;1
1328;67/2020;2020_67_89;ottaa;2
1328;67/2020;2020_67_89;ovat;3
1328;67/2020;2020_67_89;paikoin;1
1328;67/2020;2020_67_89;paketissa;1
1328;67/2020;2020_67_89;paljon;1
1328;67/2020;2020_67_89;palkannut;1
1328;67/2020;2020_67_89;palkkatukea;1
1328;67/2020;2020_67_89;paperit;1
1328;67/2020;2020_67_89;paras;1
1328;67/2020;2020_67_89;pari;1
1328;67/2020;2020_67_89;pelkästään;1
1328;67/2020;2020_67_89;perusteella;1
1328;67/2020;2020_67_89;perusti;1
1328;67/2020;2020_67_89;pidetään;1
1328;67/2020;2020_67_89;pieniä;1
1328;67/2020;2020_67_89;pitäisi;2
1328;67/2020;2020_67_89;pitää;2
1328;67/2020;2020_67_89;puheet;1
1328;67/2020;2020_67_89;puhemies;2
1328;67/2020;2020_67_89;puoliksi;1
1328;67/2020;2020_67_89;puolitiessä;1
1328;67/2020;2020_67_89;puolittaista;1
1328;67/2020;2020_67_89;pystytty;1
1328;67/2020;2020_67_89;pääministeri;1
1328;67/2020;2020_67_89;pääministeriltä;1
1328;67/2020;2020_67_89;päämäärä;1
1328;67/2020;2020_67_89;päättäminen;1
1328;67/2020;2020_67_89;päätökset;1
1328;67/2020;2020_67_89;rajoituksia;1
1328;67/2020;2020_67_89;ratkaisemaan;1
1328;67/2020;2020_67_89;ratkaisuja;1
1328;67/2020;2020_67_89;ravintolat;1
1328;67/2020;2020_67_89;ravintolayrittäjät;1
1328;67/2020;2020_67_89;ravintoloille;1
1328;67/2020;2020_67_89;ruotsissa;1
1328;67/2020;2020_67_89;saada;3
1328;67/2020;2020_67_89;saatiin;1
1328;67/2020;2020_67_89;saatu;1
1328;67/2020;2020_67_89;sairaanhoito;1
1328;67/2020;2020_67_89;sanoa;2
1328;67/2020;2020_67_89;sanoi;1
1328;67/2020;2020_67_89;sanonut;1
1328;67/2020;2020_67_89;sata;2
1328;67/2020;2020_67_89;se;6
1328;67/2020;2020_67_89;sekoilemaan;1
1328;67/2020;2020_67_89;sellaista;1
1328;67/2020;2020_67_89;selville;1
1328;67/2020;2020_67_89;sen;2
1328;67/2020;2020_67_89;siellä;1
1328;67/2020;2020_67_89;siihen;1
1328;67/2020;2020_67_89;siitä;2
1328;67/2020;2020_67_89;sitä;1
1328;67/2020;2020_67_89;sitäkin;1
1328;67/2020;2020_67_89;sotkua;1
1328;67/2020;2020_67_89;strategia;1
1328;67/2020;2020_67_89;suojamaskien;1
1328;67/2020;2020_67_89;suojavaruste;1
1328;67/2020;2020_67_89;suomeen;1
1328;67/2020;2020_67_89;suomessa;3
1328;67/2020;2020_67_89;suomi;1
1328;67/2020;2020_67_89;suoraa;1
1328;67/2020;2020_67_89;suunnitelma;1
1328;67/2020;2020_67_89;suuria;1
1328;67/2020;2020_67_89;tai;2
1328;67/2020;2020_67_89;talman;2
1328;67/2020;2020_67_89;talouden;1
1328;67/2020;2020_67_89;tampereella;1
1328;67/2020;2020_67_89;tanskassa;1
1328;67/2020;2020_67_89;tapausta;2
1328;67/2020;2020_67_89;tarpeeksi;1
1328;67/2020;2020_67_89;taudin;1
1328;67/2020;2020_67_89;tauti;2
1328;67/2020;2020_67_89;tautia;1
1328;67/2020;2020_67_89;tautiin;2
1328;67/2020;2020_67_89;tehdä;2
1328;67/2020;2020_67_89;tehty;4
1328;67/2020;2020_67_89;testaamisella;1
1328;67/2020;2020_67_89;tiedetään;1
1328;67/2020;2020_67_89;toiminut;1
1328;67/2020;2020_67_89;toisin;1
1328;67/2020;2020_67_89;toivon;1
1328;67/2020;2020_67_89;torjunnassa;1
1328;67/2020;2020_67_89;totaalisesti;1
1328;67/2020;2020_67_89;tuhoisaa;1
1328;67/2020;2020_67_89;tukahduttaa;1
1328;67/2020;2020_67_89;tukahduttaminen;1
1328;67/2020;2020_67_89;tukikriteereihin;1
1328;67/2020;2020_67_89;tukimuotoja;1
1328;67/2020;2020_67_89;tukipaketin;1
1328;67/2020;2020_67_89;tukipäätöksien;1
1328;67/2020;2020_67_89;tuli;1
1328;67/2020;2020_67_89;tullaan;1
1328;67/2020;2020_67_89;tullut;1
1328;67/2020;2020_67_89;tuntuu;1
1328;67/2020;2020_67_89;turussa;1
1328;67/2020;2020_67_89;turvaamiseksi;1
1328;67/2020;2020_67_89;tutkimus;1
1328;67/2020;2020_67_89;tutkimusta;1
1328;67/2020;2020_67_89;tähän;1
1328;67/2020;2020_67_89;tällaista;1
1328;67/2020;2020_67_89;tämä;1
1328;67/2020;2020_67_89;tässä;1
1328;67/2020;2020_67_89;täällä;2
1328;67/2020;2020_67_89;ulkopuolelle;1
1328;67/2020;2020_67_89;uskalleta;1
1328;67/2020;2020_67_89;uskalsi;1
1328;67/2020;2020_67_89;uskon;1
1328;67/2020;2020_67_89;uudellamaalla;1
1328;67/2020;2020_67_89;uudessa;1
1328;67/2020;2020_67_89;uuttamaata;1
1328;67/2020;2020_67_89;vaan;2
1328;67/2020;2020_67_89;valita;1
1328;67/2020;2020_67_89;varauduttu;2
1328;67/2020;2020_67_89;varautuminen;1
1328;67/2020;2020_67_89;varautunut;1
1328;67/2020;2020_67_89;varmasti;2
1328;67/2020;2020_67_89;vielä;1
1328;67/2020;2020_67_89;vihdoin;1
1328;67/2020;2020_67_89;viikkoa;2
1328;67/2020;2020_67_89;viikkoon;1
1328;67/2020;2020_67_89;viimein;1
1328;67/2020;2020_67_89;viimeisin;1
1328;67/2020;2020_67_89;viittaavat;2
1328;67/2020;2020_67_89;virheitä;1
1328;67/2020;2020_67_89;virkamiesten;1
1328;67/2020;2020_67_89;viruksen;1
1328;67/2020;2020_67_89;voi;1
1328;67/2020;2020_67_89;voida;1
1328;67/2020;2020_67_89;voitaisi;1
1328;67/2020;2020_67_89;voitu;1
1328;67/2020;2020_67_89;vähän;4
1328;67/2020;2020_67_89;väitetään;1
1328;67/2020;2020_67_89;väitteen;1
1328;67/2020;2020_67_89;välttämättömänä;1
1328;67/2020;2020_67_89;yhtyä;1
1328;67/2020;2020_67_89;yhtä;1
1328;67/2020;2020_67_89;yhtään;1
1328;67/2020;2020_67_89;yksin;1
1328;67/2020;2020_67_89;yksinyrittäjiä;1
1328;67/2020;2020_67_89;yksinyrittäjä;1
1328;67/2020;2020_67_89;yksinyrittäjät;1
1328;67/2020;2020_67_89;yli;2
1328;67/2020;2020_67_89;ymmärrä;1
1328;67/2020;2020_67_89;ympäri;1
1328;67/2020;2020_67_89;yrittäjille;1
1328;67/2020;2020_67_89;yrittäjiä;1
1328;67/2020;2020_67_89;yrityksille;2
1328;67/2020;2020_67_89;yritys;1
1328;67/2020;2020_67_89;yritysmaailman;1
1328;67/2020;2020_67_89;yritysten;1
1328;67/2020;2020_67_89;yritystukien;1
1328;67/2020;2020_67_89;yritysväkeä;1
1328;67/2020;2020_67_89;ärade;2
1328;68/2019;2019_68_11;aika;2
1328;68/2019;2019_68_11;ammattiliitto;1
1328;68/2019;2019_68_11;arvoisa;1
1328;68/2019;2019_68_11;asiasta;1
1328;68/2019;2019_68_11;asti;1
1328;68/2019;2019_68_11;ay-järjestöjen;1
1328;68/2019;2019_68_11;ei;2
1328;68/2019;2019_68_11;eikä;1
1328;68/2019;2019_68_11;eli;1
1328;68/2019;2019_68_11;erottamaan;1
1328;68/2019;2019_68_11;ette;1
1328;68/2019;2019_68_11;että;3
1328;68/2019;2019_68_11;euroa;1
1328;68/2019;2019_68_11;hallituksen;1
1328;68/2019;2019_68_11;hallitus;1
1328;68/2019;2019_68_11;heitä;1
1328;68/2019;2019_68_11;herra;1
1328;68/2019;2019_68_11;ihmisiä;1
1328;68/2019;2019_68_11;iso;1
1328;68/2019;2019_68_11;ja;8
1328;68/2019;2019_68_11;jo;1
1328;68/2019;2019_68_11;joiden;2
1328;68/2019;2019_68_11;jos;1
1328;68/2019;2019_68_11;joutuneet;1
1328;68/2019;2019_68_11;jälkeen;1
1328;68/2019;2019_68_11;keskiansio;1
1328;68/2019;2019_68_11;kolmeen;1
1328;68/2019;2019_68_11;koputtaa;1
1328;68/2019;2019_68_11;koska;1
1328;68/2019;2019_68_11;kulkevat;2
1328;68/2019;2019_68_11;kun;1
1328;68/2019;2019_68_11;kuukautta;1
1328;68/2019;2019_68_11;kuvittelee;1
1328;68/2019;2019_68_11;kyse;1
1328;68/2019;2019_68_11;laivat;1
1328;68/2019;2019_68_11;lasketa;1
1328;68/2019;2019_68_11;liittosiirto;1
1328;68/2019;2019_68_11;lisäksi;1
1328;68/2019;2019_68_11;maksajiksi;1
1328;68/2019;2019_68_11;miksi;1
1328;68/2019;2019_68_11;ministereitään;1
1328;68/2019;2019_68_11;monta;1
1328;68/2019;2019_68_11;niitä;1
1328;68/2019;2019_68_11;nyt;1
1328;68/2019;2019_68_11;näyttämään;1
1328;68/2019;2019_68_11;oikeasti;3
1328;68/2019;2019_68_11;ole;1
1328;68/2019;2019_68_11;olette;1
1328;68/2019;2019_68_11;omaa;1
1328;68/2019;2019_68_11;omistajaohjausministeri;1
1328;68/2019;2019_68_11;on;5
1328;68/2019;2019_68_11;onko;2
1328;68/2019;2019_68_11;ovat;1
1328;68/2019;2019_68_11;pahentaa;1
1328;68/2019;2019_68_11;painostaa;1
1328;68/2019;2019_68_11;palkanalennuksia;1
1328;68/2019;2019_68_11;palkanalennuksista;1
1328;68/2019;2019_68_11;palkka;1
1328;68/2019;2019_68_11;pienipalkkaisia;1
1328;68/2019;2019_68_11;pitkä;1
1328;68/2019;2019_68_11;postin;1
1328;68/2019;2019_68_11;postissa;1
1328;68/2019;2019_68_11;prosentilla;1
1328;68/2019;2019_68_11;puhemies;2
1328;68/2019;2019_68_11;puhutte;1
1328;68/2019;2019_68_11;puoluettaan;1
1328;68/2019;2019_68_11;pysyy;2
1328;68/2019;2019_68_11;päätä;1
1328;68/2019;2019_68_11;reagoinut;1
1328;68/2019;2019_68_11;rekat;1
1328;68/2019;2019_68_11;saatu;1
1328;68/2019;2019_68_11;samana;1
1328;68/2019;2019_68_11;se;4
1328;68/2019;2019_68_11;sellaisena;1
1328;68/2019;2019_68_11;senkin;1
1328;68/2019;2019_68_11;siitä;1
1328;68/2019;2019_68_11;silloin;1
1328;68/2019;2019_68_11;silti;1
1328;68/2019;2019_68_11;siltä;1
1328;68/2019;2019_68_11;sitä;2
1328;68/2019;2019_68_11;sorretaan;1
1328;68/2019;2019_68_11;sorretaanko;1
1328;68/2019;2019_68_11;suomalaiset;1
1328;68/2019;2019_68_11;suunnitelma;1
1328;68/2019;2019_68_11;tai;1
1328;68/2019;2019_68_11;taistelusta;1
1328;68/2019;2019_68_11;te;2
1328;68/2019;2019_68_11;tehdään;2
1328;68/2019;2019_68_11;tiennyt;1
1328;68/2019;2019_68_11;tilanne;1
1328;68/2019;2019_68_11;tilannetta;1
1328;68/2019;2019_68_11;todennäköisesti;1
1328;68/2019;2019_68_11;tule;1
1328;68/2019;2019_68_11;tulossa;1
1328;68/2019;2019_68_11;tyhjinä;2
1328;68/2019;2019_68_11;työntekijää;1
1328;68/2019;2019_68_11;tähän;1
1328;68/2019;2019_68_11;tämmöinen;2
1328;68/2019;2019_68_11;tämän;1
1328;68/2019;2019_68_11;tästä;1
1328;68/2019;2019_68_11;uhkaavat;1
1328;68/2019;2019_68_11;valtapelin;1
1328;68/2019;2019_68_11;vastuuta;1
1328;68/2019;2019_68_11;voivansa;1
1328;68/2019;2019_68_11;vuoteen;2
1328;68/2019;2019_68_11;väistelee;1
1328;68/2019;2019_68_11;välisestä;1
1328;68/2019;2019_68_11;yhtäkkiä;2
1328;68/2019;2019_68_11;yrityksessä;1
1328;68/2019;2019_68_11;yritykset;1
1328;68/2019;2019_68_11;yt-neuvottelut;1
1328;68/2021;2021_68_25;aina;1
1328;68/2021;2021_68_25;aito;1
1328;68/2021;2021_68_25;ajaa;1
1328;68/2021;2021_68_25;alhaisempi;2
1328;68/2021;2021_68_25;alisuoritettu;1
1328;68/2021;2021_68_25;alkuperäinen;1
1328;68/2021;2021_68_25;aloilla;1
1328;68/2021;2021_68_25;annetaan;1
1328;68/2021;2021_68_25;arvoisa;3
1328;68/2021;2021_68_25;arvokysymys;1
1328;68/2021;2021_68_25;arvovalinnasta;1
1328;68/2021;2021_68_25;asiaa;1
1328;68/2021;2021_68_25;asiansa;2
1328;68/2021;2021_68_25;asiantuntijoiden;1
1328;68/2021;2021_68_25;asumiseen;1
1328;68/2021;2021_68_25;asumisella;1
1328;68/2021;2021_68_25;auta;1
1328;68/2021;2021_68_25;byrokratiaa;1
1328;68/2021;2021_68_25;demareiden;1
1328;68/2021;2021_68_25;edes;1
1328;68/2021;2021_68_25;ehdotus;1
1328;68/2021;2021_68_25;ei;13
1328;68/2021;2021_68_25;eikä;2
1328;68/2021;2021_68_25;eikö;2
1328;68/2021;2021_68_25;eivät;2
1328;68/2021;2021_68_25;eli;4
1328;68/2021;2021_68_25;elinvoimaa;1
1328;68/2021;2021_68_25;enemmän;1
1328;68/2021;2021_68_25;eniten;1
1328;68/2021;2021_68_25;ennen;1
1328;68/2021;2021_68_25;enää;1
1328;68/2021;2021_68_25;erilaisilla;1
1328;68/2021;2021_68_25;erottaminen;1
1328;68/2021;2021_68_25;esillä;1
1328;68/2021;2021_68_25;esimerkiksi;2
1328;68/2021;2021_68_25;ettei;2
1328;68/2021;2021_68_25;etteivät;1
1328;68/2021;2021_68_25;että;4
1328;68/2021;2021_68_25;euroopan;1
1328;68/2021;2021_68_25;eussa;1
1328;68/2021;2021_68_25;eusta;1
1328;68/2021;2021_68_25;finnairille;1
1328;68/2021;2021_68_25;guzenina;2
1328;68/2021;2021_68_25;haitallista;1
1328;68/2021;2021_68_25;hallintoa;3
1328;68/2021;2021_68_25;hallituksella;1
1328;68/2021;2021_68_25;hallitukselle;1
1328;68/2021;2021_68_25;hallituksen;1
1328;68/2021;2021_68_25;hallitus;2
1328;68/2021;2021_68_25;halua;1
1328;68/2021;2021_68_25;halusitte;1
1328;68/2021;2021_68_25;halvalla;1
1328;68/2021;2021_68_25;he;1
1328;68/2021;2021_68_25;heikoin;1
1328;68/2021;2021_68_25;helpottamiseksi;1
1328;68/2021;2021_68_25;helsinki;1
1328;68/2021;2021_68_25;herätys;1
1328;68/2021;2021_68_25;hirveä;1
1328;68/2021;2021_68_25;hoidon;2
1328;68/2021;2021_68_25;hoitaa;1
1328;68/2021;2021_68_25;hoitajia;2
1328;68/2021;2021_68_25;hoitaneelle;1
1328;68/2021;2021_68_25;hoitaneelta;1
1328;68/2021;2021_68_25;hoitavista;1
1328;68/2021;2021_68_25;hoitoonpääsyä;1
1328;68/2021;2021_68_25;houkutellaan;1
1328;68/2021;2021_68_25;huolimatta;2
1328;68/2021;2021_68_25;huonosti;1
1328;68/2021;2021_68_25;hypätä;1
1328;68/2021;2021_68_25;hyvin;2
1328;68/2021;2021_68_25;hyväksyä;1
1328;68/2021;2021_68_25;ideologiaansa;1
1328;68/2021;2021_68_25;ideologian;1
1328;68/2021;2021_68_25;ihmisistä;1
1328;68/2021;2021_68_25;ilman;1
1328;68/2021;2021_68_25;ilmavoimien;1
1328;68/2021;2021_68_25;integroida;2
1328;68/2021;2021_68_25;into;1
1328;68/2021;2021_68_25;isojen;1
1328;68/2021;2021_68_25;istuvat;1
1328;68/2021;2021_68_25;ja;30
1328;68/2021;2021_68_25;jakaa;1
1328;68/2021;2021_68_25;jo;2
1328;68/2021;2021_68_25;joilla;1
1328;68/2021;2021_68_25;jolla;1
1328;68/2021;2021_68_25;jos;1
1328;68/2021;2021_68_25;jotain;1
1328;68/2021;2021_68_25;joutumassa;1
1328;68/2021;2021_68_25;joutuu;1
1328;68/2021;2021_68_25;julkinen;1
1328;68/2021;2021_68_25;julkisen;2
1328;68/2021;2021_68_25;julkiset;1
1328;68/2021;2021_68_25;julkisia;1
1328;68/2021;2021_68_25;julkista;3
1328;68/2021;2021_68_25;julkisten;1
1328;68/2021;2021_68_25;juristit;1
1328;68/2021;2021_68_25;juuri;1
1328;68/2021;2021_68_25;jäljessä;1
1328;68/2021;2021_68_25;järkiinsä;1
1328;68/2021;2021_68_25;jäävät;1
1328;68/2021;2021_68_25;kaikkien;1
1328;68/2021;2021_68_25;kansantaloutemme;1
1328;68/2021;2021_68_25;kanssa;1
1328;68/2021;2021_68_25;kantaa;1
1328;68/2021;2021_68_25;kaupunkien;1
1328;68/2021;2021_68_25;kehittää;1
1328;68/2021;2021_68_25;kehysriihtä;1
1328;68/2021;2021_68_25;kepu;1
1328;68/2021;2021_68_25;kepun;1
1328;68/2021;2021_68_25;keskenään;1
1328;68/2021;2021_68_25;keskittää;1
1328;68/2021;2021_68_25;keskusta;2
1328;68/2021;2021_68_25;kestävyysvaje;2
1328;68/2021;2021_68_25;kiinteistöt;1
1328;68/2021;2021_68_25;kiinteistöveroa;1
1328;68/2021;2021_68_25;kilpailuneutraliteettia;1
1328;68/2021;2021_68_25;kiristetä;1
1328;68/2021;2021_68_25;kokoomuksen;1
1328;68/2021;2021_68_25;kolmannen;1
1328;68/2021;2021_68_25;korjata;1
1328;68/2021;2021_68_25;koulutettuja;1
1328;68/2021;2021_68_25;koulutetut;1
1328;68/2021;2021_68_25;kouluttaminen;1
1328;68/2021;2021_68_25;kuin;2
1328;68/2021;2021_68_25;kulkea;1
1328;68/2021;2021_68_25;kun;2
1328;68/2021;2021_68_25;kunnille;1
1328;68/2021;2021_68_25;kunnista;1
1328;68/2021;2021_68_25;kuntien;1
1328;68/2021;2021_68_25;kuntoon;1
1328;68/2021;2021_68_25;kuriin;2
1328;68/2021;2021_68_25;kustannuksia;1
1328;68/2021;2021_68_25;kustannuksineen;1
1328;68/2021;2021_68_25;kyllä;1
1328;68/2021;2021_68_25;kysymys;1
1328;68/2021;2021_68_25;kädessä;1
1328;68/2021;2021_68_25;käräjiä;1
1328;68/2021;2021_68_25;käsi;2
1328;68/2021;2021_68_25;käsin;1
1328;68/2021;2021_68_25;käytetään;1
1328;68/2021;2021_68_25;lentäjät;1
1328;68/2021;2021_68_25;liikenteeseen;1
1328;68/2021;2021_68_25;lisätä;1
1328;68/2021;2021_68_25;lisätään;1
1328;68/2021;2021_68_25;lisää;5
1328;68/2021;2021_68_25;lohi;2
1328;68/2021;2021_68_25;lupaa;1
1328;68/2021;2021_68_25;lupailee;1
1328;68/2021;2021_68_25;lupaili;1
1328;68/2021;2021_68_25;lupauksista;1
1328;68/2021;2021_68_25;luulisi;1
1328;68/2021;2021_68_25;läpi;2
1328;68/2021;2021_68_25;läpivienti;1
1328;68/2021;2021_68_25;lääkäreistä;1
1328;68/2021;2021_68_25;lääkäreitä;1
1328;68/2021;2021_68_25;lääkäripulan;1
1328;68/2021;2021_68_25;lääkärit;2
1328;68/2021;2021_68_25;maakuntiin;1
1328;68/2021;2021_68_25;maaseudulla;1
1328;68/2021;2021_68_25;mahdollisuus;1
1328;68/2021;2021_68_25;maksaa;1
1328;68/2021;2021_68_25;maksumieheksi;1
1328;68/2021;2021_68_25;maria;2
1328;68/2021;2021_68_25;marin;1
1328;68/2021;2021_68_25;markus;1
1328;68/2021;2021_68_25;matalin;1
1328;68/2021;2021_68_25;meille;1
1328;68/2021;2021_68_25;meillä;4
1328;68/2021;2021_68_25;menee;1
1328;68/2021;2021_68_25;mennä;1
1328;68/2021;2021_68_25;menoja;1
1328;68/2021;2021_68_25;mielipiteistä;1
1328;68/2021;2021_68_25;mieltä;1
1328;68/2021;2021_68_25;miksi;2
1328;68/2021;2021_68_25;mikä;1
1328;68/2021;2021_68_25;minulla;1
1328;68/2021;2021_68_25;missään;1
1328;68/2021;2021_68_25;mitenkään;1
1328;68/2021;2021_68_25;mittaisia;1
1328;68/2021;2021_68_25;mitään;2
1328;68/2021;2021_68_25;muillakin;1
1328;68/2021;2021_68_25;muissa;1
1328;68/2021;2021_68_25;muita;1
1328;68/2021;2021_68_25;mukana;1
1328;68/2021;2021_68_25;mutta;2
1328;68/2021;2021_68_25;muuttaa;1
1328;68/2021;2021_68_25;myös;4
1328;68/2021;2021_68_25;määrä;1
1328;68/2021;2021_68_25;ne;1
1328;68/2021;2021_68_25;niiden;1
1328;68/2021;2021_68_25;niiltä;1
1328;68/2021;2021_68_25;niin;1
1328;68/2021;2021_68_25;nopeuta;1
1328;68/2021;2021_68_25;nostaa;1
1328;68/2021;2021_68_25;nyt;6
1328;68/2021;2021_68_25;nähdään;1
1328;68/2021;2021_68_25;näiden;1
1328;68/2021;2021_68_25;näihin;2
1328;68/2021;2021_68_25;näin;2
1328;68/2021;2021_68_25;oleva;1
1328;68/2021;2021_68_25;olevan;1
1328;68/2021;2021_68_25;oli;1
1328;68/2021;2021_68_25;olisi;3
1328;68/2021;2021_68_25;olla;2
1328;68/2021;2021_68_25;oman;1
1328;68/2021;2021_68_25;on;16
1328;68/2021;2021_68_25;ongelmaa;1
1328;68/2021;2021_68_25;osa;1
1328;68/2021;2021_68_25;ota;1
1328;68/2021;2021_68_25;otetaan;2
1328;68/2021;2021_68_25;ovat;1
1328;68/2021;2021_68_25;ovatko;1
1328;68/2021;2021_68_25;paikkakunnille;1
1328;68/2021;2021_68_25;paljon;2
1328;68/2021;2021_68_25;palkansaajan;1
1328;68/2021;2021_68_25;palkkojen;1
1328;68/2021;2021_68_25;palvelu;1
1328;68/2021;2021_68_25;palvelua;3
1328;68/2021;2021_68_25;palvelun;1
1328;68/2021;2021_68_25;palvelut;1
1328;68/2021;2021_68_25;panostusta;1
1328;68/2021;2021_68_25;parane;1
1328;68/2021;2021_68_25;parantaa;1
1328;68/2021;2021_68_25;parempien;1
1328;68/2021;2021_68_25;periaatteet;1
1328;68/2021;2021_68_25;perustuu;1
1328;68/2021;2021_68_25;perässä;1
1328;68/2021;2021_68_25;pidä;1
1328;68/2021;2021_68_25;pidättele;1
1328;68/2021;2021_68_25;pitäisi;4
1328;68/2021;2021_68_25;pitänyt;1
1328;68/2021;2021_68_25;pitää;4
1328;68/2021;2021_68_25;pohjoismaista;1
1328;68/2021;2021_68_25;pohjoismaita;1
1328;68/2021;2021_68_25;pois;1
1328;68/2021;2021_68_25;porkkana;1
1328;68/2021;2021_68_25;porkkanoilla;1
1328;68/2021;2021_68_25;puhemies;3
1328;68/2021;2021_68_25;pula;1
1328;68/2021;2021_68_25;pulaa;1
1328;68/2021;2021_68_25;puolen;1
1328;68/2021;2021_68_25;puolta;1
1328;68/2021;2021_68_25;puuttua;1
1328;68/2021;2021_68_25;puuttuu;1
1328;68/2021;2021_68_25;rahaa;3
1328;68/2021;2021_68_25;rahat;1
1328;68/2021;2021_68_25;rahoituksen;1
1328;68/2021;2021_68_25;rahoituksesta;1
1328;68/2021;2021_68_25;rahoitus;1
1328;68/2021;2021_68_25;rahojen;1
1328;68/2021;2021_68_25;rakenna;1
1328;68/2021;2021_68_25;ratkaise;1
1328;68/2021;2021_68_25;ratkaisemassa;1
1328;68/2021;2021_68_25;ratkaisevasti;1
1328;68/2021;2021_68_25;riippuu;1
1328;68/2021;2021_68_25;rikota;1
1328;68/2021;2021_68_25;rinnakkain;1
1328;68/2021;2021_68_25;roimasti;1
1328;68/2021;2021_68_25;rooleja;1
1328;68/2021;2021_68_25;runnoo;1
1328;68/2021;2021_68_25;saa;1
1328;68/2021;2021_68_25;saada;1
1328;68/2021;2021_68_25;saarikko;1
1328;68/2021;2021_68_25;saatavuus;2
1328;68/2021;2021_68_25;saavuttaa;1
1328;68/2021;2021_68_25;sairaanhoitopiirien;1
1328;68/2021;2021_68_25;samaa;1
1328;68/2021;2021_68_25;sanansa;1
1328;68/2021;2021_68_25;sanoa;1
1328;68/2021;2021_68_25;se;2
1328;68/2021;2021_68_25;sektorin;1
1328;68/2021;2021_68_25;sekä;1
1328;68/2021;2021_68_25;sellainen;1
1328;68/2021;2021_68_25;sellaiset;1
1328;68/2021;2021_68_25;sellaista;1
1328;68/2021;2021_68_25;sen;2
1328;68/2021;2021_68_25;siellä;1
1328;68/2021;2021_68_25;siihen;1
1328;68/2021;2021_68_25;siinä;1
1328;68/2021;2021_68_25;silloin;1
1328;68/2021;2021_68_25;sinne;1
1328;68/2021;2021_68_25;sitten;1
1328;68/2021;2021_68_25;sitä;1
1328;68/2021;2021_68_25;sosiaalikulut;1
1328;68/2021;2021_68_25;sosialisoi;1
1328;68/2021;2021_68_25;sote;1
1328;68/2021;2021_68_25;sote-liitto;1
1328;68/2021;2021_68_25;sote-uudistuksessa;1
1328;68/2021;2021_68_25;sote-uudistus;2
1328;68/2021;2021_68_25;sote-uudistusta;1
1328;68/2021;2021_68_25;soten;1
1328;68/2021;2021_68_25;sovitut;2
1328;68/2021;2021_68_25;suomi;1
1328;68/2021;2021_68_25;suoraan;1
1328;68/2021;2021_68_25;suoraviivainen;1
1328;68/2021;2021_68_25;suosimaan;1
1328;68/2021;2021_68_25;suurimmat;1
1328;68/2021;2021_68_25;suurin;1
1328;68/2021;2021_68_25;syvemmälle;1
1328;68/2021;2021_68_25;säännöt;1
1328;68/2021;2021_68_25;säätytalolta;1
1328;68/2021;2021_68_25;takaisin;1
1328;68/2021;2021_68_25;talman;3
1328;68/2021;2021_68_25;talous;1
1328;68/2021;2021_68_25;tapahdu;1
1328;68/2021;2021_68_25;tapauksessa;1
1328;68/2021;2021_68_25;tarve;1
1328;68/2021;2021_68_25;tarvitse;1
1328;68/2021;2021_68_25;taskuun;1
1328;68/2021;2021_68_25;taso;1
1328;68/2021;2021_68_25;tavoite;2
1328;68/2021;2021_68_25;tehdä;1
1328;68/2021;2021_68_25;tehdään;1
1328;68/2021;2021_68_25;tekee;1
1328;68/2021;2021_68_25;terveys;1
1328;68/2021;2021_68_25;terveyteen;1
1328;68/2021;2021_68_25;toimi;1
1328;68/2021;2021_68_25;toimii;2
1328;68/2021;2021_68_25;toivottavasti;1
1328;68/2021;2021_68_25;toteudu;1
1328;68/2021;2021_68_25;tule;1
1328;68/2021;2021_68_25;tulee;1
1328;68/2021;2021_68_25;tuli;1
1328;68/2021;2021_68_25;tulisi;1
1328;68/2021;2021_68_25;tulla;2
1328;68/2021;2021_68_25;tulonjaossa;1
1328;68/2021;2021_68_25;tultaisiin;1
1328;68/2021;2021_68_25;tuoreet;1
1328;68/2021;2021_68_25;tuottajien;1
1328;68/2021;2021_68_25;tyhjin;1
1328;68/2021;2021_68_25;tyhjät;1
1328;68/2021;2021_68_25;työllisyysaste;1
1328;68/2021;2021_68_25;työoloihin;1
1328;68/2021;2021_68_25;työolot;1
1328;68/2021;2021_68_25;tähän;1
1328;68/2021;2021_68_25;tällä;1
1328;68/2021;2021_68_25;tämä;3
1328;68/2021;2021_68_25;tämän;1
1328;68/2021;2021_68_25;tärkeämpää;1
1328;68/2021;2021_68_25;tässä;1
1328;68/2021;2021_68_25;tätä;2
1328;68/2021;2021_68_25;täysin;1
1328;68/2021;2021_68_25;töihin;2
1328;68/2021;2021_68_25;töissä;1
1328;68/2021;2021_68_25;ulos;1
1328;68/2021;2021_68_25;unioni;1
1328;68/2021;2021_68_25;uudistetaan;1
1328;68/2021;2021_68_25;uudistuksella;1
1328;68/2021;2021_68_25;uudistuksessa;2
1328;68/2021;2021_68_25;uudistus;1
1328;68/2021;2021_68_25;uudistusta;2
1328;68/2021;2021_68_25;vaatia;1
1328;68/2021;2021_68_25;vahvasti;1
1328;68/2021;2021_68_25;vain;2
1328;68/2021;2021_68_25;valtaa;1
1328;68/2021;2021_68_25;valtiolle;1
1328;68/2021;2021_68_25;vapaaehtoisesti;1
1328;68/2021;2021_68_25;varmistamaan;1
1328;68/2021;2021_68_25;varsinaista;2
1328;68/2021;2021_68_25;vasemmistohallituksen;1
1328;68/2021;2021_68_25;vasemmistohallitusta;1
1328;68/2021;2021_68_25;vastavalmistuneet;1
1328;68/2021;2021_68_25;vastuiden;1
1328;68/2021;2021_68_25;velkaa;2
1328;68/2021;2021_68_25;veroja;1
1328;68/2021;2021_68_25;verotusta;1
1328;68/2021;2021_68_25;vihervasemmiston;1
1328;68/2021;2021_68_25;viimeinen;1
1328;68/2021;2021_68_25;voi;2
1328;68/2021;2021_68_25;voinut;1
1328;68/2021;2021_68_25;vuodeksi;1
1328;68/2021;2021_68_25;vähentämällä;1
1328;68/2021;2021_68_25;vähän;1
1328;68/2021;2021_68_25;väkisin;1
1328;68/2021;2021_68_25;välikysymykseen;1
1328;68/2021;2021_68_25;yhdessä;1
1328;68/2021;2021_68_25;yhdyn;1
1328;68/2021;2021_68_25;yhteistyö;1
1328;68/2021;2021_68_25;yhteistyössä;1
1328;68/2021;2021_68_25;yhteistyötä;1
1328;68/2021;2021_68_25;yhtymissä;1
1328;68/2021;2021_68_25;yksityisen;1
1328;68/2021;2021_68_25;yksityisten;2
1328;68/2021;2021_68_25;yksityistä;2
1328;68/2021;2021_68_25;yrittäjyyttä;1
1328;68/2021;2021_68_25;yrittäjän;1
1328;68/2021;2021_68_25;yrittää;1
1328;68/2021;2021_68_25;yritysten;1
1328;68/2021;2021_68_25;ärade;3
1328;68/2023;2023_68_43;alaspäin;1
1328;68/2023;2023_68_43;andersson;1
1328;68/2023;2023_68_43;arvoisa;1
1328;68/2023;2023_68_43;asialle;1
1328;68/2023;2023_68_43;asioita;1
1328;68/2023;2023_68_43;edellisellä;1
1328;68/2023;2023_68_43;eduskunnassa;1
1328;68/2023;2023_68_43;edustaja;1
1328;68/2023;2023_68_43;ei;2
1328;68/2023;2023_68_43;eikö;2
1328;68/2023;2023_68_43;eivät;1
1328;68/2023;2023_68_43;ensi;1
1328;68/2023;2023_68_43;enää;1
1328;68/2023;2023_68_43;ettei;1
1328;68/2023;2023_68_43;etteivät;1
1328;68/2023;2023_68_43;että;7
1328;68/2023;2023_68_43;halutaan;1
1328;68/2023;2023_68_43;he;2
1328;68/2023;2023_68_43;heillä;1
1328;68/2023;2023_68_43;huutavat;1
1328;68/2023;2023_68_43;hämmentävää;1
1328;68/2023;2023_68_43;ja;2
1328;68/2023;2023_68_43;jotain;1
1328;68/2023;2023_68_43;kaikki;1
1328;68/2023;2023_68_43;kaudella;2
1328;68/2023;2023_68_43;kertoivat;1
1328;68/2023;2023_68_43;koko;1
1328;68/2023;2023_68_43;kun;1
1328;68/2023;2023_68_43;kuullaan;1
1328;68/2023;2023_68_43;kuunnella;2
1328;68/2023;2023_68_43;käheänä;1
1328;68/2023;2023_68_43;kännykkäasia;1
1328;68/2023;2023_68_43;kännykät;1
1328;68/2023;2023_68_43;luokassa;1
1328;68/2023;2023_68_43;luokkakokoja;1
1328;68/2023;2023_68_43;lähtevät;1
1328;68/2023;2023_68_43;me;2
1328;68/2023;2023_68_43;meidän;2
1328;68/2023;2023_68_43;menemään;1
1328;68/2023;2023_68_43;menivät;1
1328;68/2023;2023_68_43;ministeri;1
1328;68/2023;2023_68_43;mitä;4
1328;68/2023;2023_68_43;mitään;1
1328;68/2023;2023_68_43;muutokset;1
1328;68/2023;2023_68_43;ne;3
1328;68/2023;2023_68_43;niin;3
1328;68/2023;2023_68_43;niitä;2
1328;68/2023;2023_68_43;no;1
1328;68/2023;2023_68_43;nyt;3
1328;68/2023;2023_68_43;nähtiin;1
1328;68/2023;2023_68_43;näitä;1
1328;68/2023;2023_68_43;ole;2
1328;68/2023;2023_68_43;ollaan;1
1328;68/2023;2023_68_43;on;2
1328;68/2023;2023_68_43;opettajat;1
1328;68/2023;2023_68_43;oppimistulokset;2
1328;68/2023;2023_68_43;oteta;1
1328;68/2023;2023_68_43;otetaanko;1
1328;68/2023;2023_68_43;ovat;1
1328;68/2023;2023_68_43;pienennetä;1
1328;68/2023;2023_68_43;pienennetäänkö;1
1328;68/2023;2023_68_43;pitää;2
1328;68/2023;2023_68_43;pois;1
1328;68/2023;2023_68_43;puhemies;1
1328;68/2023;2023_68_43;puhumaan;1
1328;68/2023;2023_68_43;pysty;1
1328;68/2023;2023_68_43;pyöritellään;1
1328;68/2023;2023_68_43;rauha;1
1328;68/2023;2023_68_43;rauhaa;1
1328;68/2023;2023_68_43;saada;1
1328;68/2023;2023_68_43;saadaan;1
1328;68/2023;2023_68_43;samoja;1
1328;68/2023;2023_68_43;sanoi;1
1328;68/2023;2023_68_43;sanonut;1
1328;68/2023;2023_68_43;selityksiä;2
1328;68/2023;2023_68_43;siellä;1
1328;68/2023;2023_68_43;siitä;2
1328;68/2023;2023_68_43;silloin;1
1328;68/2023;2023_68_43;taas;2
1328;68/2023;2023_68_43;talman;1
1328;68/2023;2023_68_43;tehdä;3
1328;68/2023;2023_68_43;tehdään;1
1328;68/2023;2023_68_43;tehty;1
1328;68/2023;2023_68_43;tuloksia;1
1328;68/2023;2023_68_43;tälle;1
1328;68/2023;2023_68_43;tämä;1
1328;68/2023;2023_68_43;tässä;1
1328;68/2023;2023_68_43;täällä;1
1328;68/2023;2023_68_43;uusia;1
1328;68/2023;2023_68_43;vai;2
1328;68/2023;2023_68_43;vaikuta;1
1328;68/2023;2023_68_43;vanhoja;1
1328;68/2023;2023_68_43;vielä;1
1328;68/2023;2023_68_43;viikon;1
1328;68/2023;2023_68_43;viikonloppuna;1
1328;68/2023;2023_68_43;ylöspäin;1
1328;68/2023;2023_68_43;ärade;1
1328;68/2023;2023_68_43;ääni;1
1328;69/2025;2025_69_36;aikaa;1
1328;69/2025;2025_69_36;aikaan;1
1328;69/2025;2025_69_36;aloittamista;1
1328;69/2025;2025_69_36;apua;1
1328;69/2025;2025_69_36;arvoisa;6
1328;69/2025;2025_69_36;asevelvollisuus;1
1328;69/2025;2025_69_36;asioihin;1
1328;69/2025;2025_69_36;asioita;1
1328;69/2025;2025_69_36;auta;1
1328;69/2025;2025_69_36;avata;1
1328;69/2025;2025_69_36;edessä;1
1328;69/2025;2025_69_36;ei;4
1328;69/2025;2025_69_36;eivätkä;1
1328;69/2025;2025_69_36;elämme;1
1328;69/2025;2025_69_36;enemmän;1
1328;69/2025;2025_69_36;ennen;1
1328;69/2025;2025_69_36;ensisijaisesti;1
1328;69/2025;2025_69_36;enää;1
1328;69/2025;2025_69_36;epäluottamusta;1
1328;69/2025;2025_69_36;erityisen;1
1328;69/2025;2025_69_36;erityisesti;1
1328;69/2025;2025_69_36;eteenpäin;2
1328;69/2025;2025_69_36;että;3
1328;69/2025;2025_69_36;etupiirejä;2
1328;69/2025;2025_69_36;eu;1
1328;69/2025;2025_69_36;eurojen;1
1328;69/2025;2025_69_36;euroopan;4
1328;69/2025;2025_69_36;eurooppalaisen;1
1328;69/2025;2025_69_36;eurooppalaisia;1
1328;69/2025;2025_69_36;hankintojen;1
1328;69/2025;2025_69_36;helposti;1
1328;69/2025;2025_69_36;historia;1
1328;69/2025;2025_69_36;huimasti;1
1328;69/2025;2025_69_36;huolimatta;1
1328;69/2025;2025_69_36;huolta;2
1328;69/2025;2025_69_36;hyvä;1
1328;69/2025;2025_69_36;hyväksyä;1
1328;69/2025;2025_69_36;hyvää;1
1328;69/2025;2025_69_36;hyödyntää;1
1328;69/2025;2025_69_36;hyökkäsi;1
1328;69/2025;2025_69_36;ikäluokasta;1
1328;69/2025;2025_69_36;ikäluokat;1
1328;69/2025;2025_69_36;ilman;1
1328;69/2025;2025_69_36;iso;1
1328;69/2025;2025_69_36;itse;1
1328;69/2025;2025_69_36;itselleen;2
1328;69/2025;2025_69_36;itärajaa;1
1328;69/2025;2025_69_36;ja;30
1328;69/2025;2025_69_36;jatkossa;1
1328;69/2025;2025_69_36;johdolla;1
1328;69/2025;2025_69_36;johtoon;1
1328;69/2025;2025_69_36;joiden;1
1328;69/2025;2025_69_36;jolloin;1
1328;69/2025;2025_69_36;josta;1
1328;69/2025;2025_69_36;jota;1
1328;69/2025;2025_69_36;julkisen;1
1328;69/2025;2025_69_36;jämerästi;1
1328;69/2025;2025_69_36;kaikista;2
1328;69/2025;2025_69_36;kaikki;1
1328;69/2025;2025_69_36;kaikkien;1
1328;69/2025;2025_69_36;kaipaa;1
1328;69/2025;2025_69_36;kannattaa;1
1328;69/2025;2025_69_36;kansa;1
1328;69/2025;2025_69_36;kanssa;2
1328;69/2025;2025_69_36;katse;1
1328;69/2025;2025_69_36;kauppaa;1
1328;69/2025;2025_69_36;kehitys;1
1328;69/2025;2025_69_36;keinoin;2
1328;69/2025;2025_69_36;kertoo;2
1328;69/2025;2025_69_36;keskityttävä;1
1328;69/2025;2025_69_36;kiire;1
1328;69/2025;2025_69_36;kiitos;2
1328;69/2025;2025_69_36;kilometriä;1
1328;69/2025;2025_69_36;kokonaispuolustus;1
1328;69/2025;2025_69_36;kolmessa;1
1328;69/2025;2025_69_36;korkea;1
1328;69/2025;2025_69_36;korkomenot;1
1328;69/2025;2025_69_36;koska;2
1328;69/2025;2025_69_36;koskien;1
1328;69/2025;2025_69_36;kotimainen;1
1328;69/2025;2025_69_36;koulutetaan;1
1328;69/2025;2025_69_36;kouluttaa;1
1328;69/2025;2025_69_36;koulutuksessa;1
1328;69/2025;2025_69_36;kuin;2
1328;69/2025;2025_69_36;kukaan;1
1328;69/2025;2025_69_36;kun;1
1328;69/2025;2025_69_36;kunnossa;2
1328;69/2025;2025_69_36;kuntoon;2
1328;69/2025;2025_69_36;käydään;1
1328;69/2025;2025_69_36;käynnisty;1
1328;69/2025;2025_69_36;kääntyy;1
1328;69/2025;2025_69_36;lainojen;1
1328;69/2025;2025_69_36;laitettava;2
1328;69/2025;2025_69_36;lause;2
1328;69/2025;2025_69_36;liike;1
1328;69/2025;2025_69_36;lisää;2
1328;69/2025;2025_69_36;luja;1
1328;69/2025;2025_69_36;luo;1
1328;69/2025;2025_69_36;löydettävä;1
1328;69/2025;2025_69_36;maailmassa;1
1328;69/2025;2025_69_36;maalla;1
1328;69/2025;2025_69_36;mahdollisuus;1
1328;69/2025;2025_69_36;meidän;3
1328;69/2025;2025_69_36;meillä;1
1328;69/2025;2025_69_36;mennyt;1
1328;69/2025;2025_69_36;mielessä;1
1328;69/2025;2025_69_36;miestä;1
1328;69/2025;2025_69_36;miljoonien;1
1328;69/2025;2025_69_36;mistään;1
1328;69/2025;2025_69_36;mitä;2
1328;69/2025;2025_69_36;mitään;1
1328;69/2025;2025_69_36;monella;1
1328;69/2025;2025_69_36;monivuotisia;1
1328;69/2025;2025_69_36;mukaan;1
1328;69/2025;2025_69_36;muodostaa;2
1328;69/2025;2025_69_36;mutta;2
1328;69/2025;2025_69_36;muu;1
1328;69/2025;2025_69_36;muualta;1
1328;69/2025;2025_69_36;myös;3
1328;69/2025;2025_69_36;naista;1
1328;69/2025;2025_69_36;nappia;1
1328;69/2025;2025_69_36;nato-maiden;1
1328;69/2025;2025_69_36;naton;2
1328;69/2025;2025_69_36;ne;1
1328;69/2025;2025_69_36;nopeita;1
1328;69/2025;2025_69_36;nostaa;1
1328;69/2025;2025_69_36;nosto;1
1328;69/2025;2025_69_36;nyt;8
1328;69/2025;2025_69_36;odottaa;1
1328;69/2025;2025_69_36;oikeudet;1
1328;69/2025;2025_69_36;olemme;1
1328;69/2025;2025_69_36;oleva;2
1328;69/2025;2025_69_36;olisi;1
1328;69/2025;2025_69_36;olla;1
1328;69/2025;2025_69_36;oltava;1
1328;69/2025;2025_69_36;omasta;1
1328;69/2025;2025_69_36;on;24
1328;69/2025;2025_69_36;osaamisessa;1
1328;69/2025;2025_69_36;ovat;4
1328;69/2025;2025_69_36;ovia;1
1328;69/2025;2025_69_36;painamalla;1
1328;69/2025;2025_69_36;pakon;1
1328;69/2025;2025_69_36;paljon;3
1328;69/2025;2025_69_36;pannaan;1
1328;69/2025;2025_69_36;panostaa;1
1328;69/2025;2025_69_36;pantava;1
1328;69/2025;2025_69_36;pidettävä;2
1328;69/2025;2025_69_36;pidä;1
1328;69/2025;2025_69_36;pienentyneet;1
1328;69/2025;2025_69_36;pitkä;1
1328;69/2025;2025_69_36;pitäisi;1
1328;69/2025;2025_69_36;pitää;2
1328;69/2025;2025_69_36;poimittu;1
1328;69/2025;2025_69_36;prosenttiin;2
1328;69/2025;2025_69_36;puhemies;6
1328;69/2025;2025_69_36;puhetta;1
1328;69/2025;2025_69_36;puolustettavia;1
1328;69/2025;2025_69_36;puolustuksen;1
1328;69/2025;2025_69_36;puolustus;1
1328;69/2025;2025_69_36;puolustusasioita;1
1328;69/2025;2025_69_36;puolustuskykyään;1
1328;69/2025;2025_69_36;puolustusmenoihin;1
1328;69/2025;2025_69_36;puolustusmäärärahojen;1
1328;69/2025;2025_69_36;puolustusselontekoa;1
1328;69/2025;2025_69_36;puolustustahto;1
1328;69/2025;2025_69_36;puolustusteollisuudelle;1
1328;69/2025;2025_69_36;puolustusteollisuuden;3
1328;69/2025;2025_69_36;puolustusteollisuudessa;1
1328;69/2025;2025_69_36;puolustusteollisuus;2
1328;69/2025;2025_69_36;puolustusvoimien;1
1328;69/2025;2025_69_36;päälle;1
1328;69/2025;2025_69_36;päästävä;1
1328;69/2025;2025_69_36;päätöksiä;1
1328;69/2025;2025_69_36;rahoituksen;1
1328;69/2025;2025_69_36;rajaa;1
1328;69/2025;2025_69_36;rakentaa;1
1328;69/2025;2025_69_36;rakentamisessa;1
1328;69/2025;2025_69_36;realistisesti;1
1328;69/2025;2025_69_36;rempallaan;1
1328;69/2025;2025_69_36;reservien;1
1328;69/2025;2025_69_36;rohkeasti;1
1328;69/2025;2025_69_36;rooli;1
1328;69/2025;2025_69_36;ryhdyttävä;1
1328;69/2025;2025_69_36;saanut;1
1328;69/2025;2025_69_36;samalla;1
1328;69/2025;2025_69_36;saman;1
1328;69/2025;2025_69_36;samanlainen;1
1328;69/2025;2025_69_36;satojen;1
1328;69/2025;2025_69_36;se;5
1328;69/2025;2025_69_36;seinää;1
1328;69/2025;2025_69_36;selkeä;2
1328;69/2025;2025_69_36;selkeästi;1
1328;69/2025;2025_69_36;selkä;1
1328;69/2025;2025_69_36;sellainen;2
1328;69/2025;2025_69_36;sellaista;1
1328;69/2025;2025_69_36;selonteosta;1
1328;69/2025;2025_69_36;selvittävä;1
1328;69/2025;2025_69_36;sen;1
1328;69/2025;2025_69_36;siihen;1
1328;69/2025;2025_69_36;siinä;1
1328;69/2025;2025_69_36;siirretään;1
1328;69/2025;2025_69_36;siitä;2
1328;69/2025;2025_69_36;siksi;1
1328;69/2025;2025_69_36;silloin;1
1328;69/2025;2025_69_36;sitten;1
1328;69/2025;2025_69_36;sotilaallisin;2
1328;69/2025;2025_69_36;strategisia;2
1328;69/2025;2025_69_36;suhteen;1
1328;69/2025;2025_69_36;suomalaiselle;1
1328;69/2025;2025_69_36;suomalaisen;1
1328;69/2025;2025_69_36;suomalaisten;3
1328;69/2025;2025_69_36;suomella;2
1328;69/2025;2025_69_36;suomen;9
1328;69/2025;2025_69_36;suomessa;1
1328;69/2025;2025_69_36;suunnitelma;1
1328;69/2025;2025_69_36;suunnitelmia;1
1328;69/2025;2025_69_36;suunnitelmien;1
1328;69/2025;2025_69_36;suurvalta-asemaansa;2
1328;69/2025;2025_69_36;tahtotila;1
1328;69/2025;2025_69_36;tai;1
1328;69/2025;2025_69_36;talman;6
1328;69/2025;2025_69_36;talouden;1
1328;69/2025;2025_69_36;talous;3
1328;69/2025;2025_69_36;tarvitaan;1
1328;69/2025;2025_69_36;tavoitteena;2
1328;69/2025;2025_69_36;tehtävä;1
1328;69/2025;2025_69_36;tekoja;1
1328;69/2025;2025_69_36;tie;1
1328;69/2025;2025_69_36;tilaisuus;1
1328;69/2025;2025_69_36;tilanteen;1
1328;69/2025;2025_69_36;tilanteesta;1
1328;69/2025;2025_69_36;tilaukset;1
1328;69/2025;2025_69_36;tilauskirjat;1
1328;69/2025;2025_69_36;toimeen;3
1328;69/2025;2025_69_36;tukipylväitä;1
1328;69/2025;2025_69_36;tule;1
1328;69/2025;2025_69_36;tuotantoaan;1
1328;69/2025;2025_69_36;tuotekehitystä;1
1328;69/2025;2025_69_36;turha;1
1328;69/2025;2025_69_36;turvallisuudestaan;1
1328;69/2025;2025_69_36;turvallisuus;1
1328;69/2025;2025_69_36;turvallisuutta;1
1328;69/2025;2025_69_36;tuumasta;1
1328;69/2025;2025_69_36;työ;1
1328;69/2025;2025_69_36;tämä;1
1328;69/2025;2025_69_36;tärkeimpiin;1
1328;69/2025;2025_69_36;tärkeimpiä;1
1328;69/2025;2025_69_36;tärkeä;1
1328;69/2025;2025_69_36;täyteen;1
1328;69/2025;2025_69_36;ukrainaan;1
1328;69/2025;2025_69_36;ukrainan;2
1328;69/2025;2025_69_36;ulkopoliittiseen;1
1328;69/2025;2025_69_36;ulkopoliittisella;1
1328;69/2025;2025_69_36;unioni;1
1328;69/2025;2025_69_36;unionin;2
1328;69/2025;2025_69_36;uskottava;1
1328;69/2025;2025_69_36;vaatii;1
1328;69/2025;2025_69_36;vahvistaa;2
1328;69/2025;2025_69_36;vaikuttavia;1
1328;69/2025;2025_69_36;valmiina;1
1328;69/2025;2025_69_36;valtioiden;1
1328;69/2025;2025_69_36;vapaus;1
1328;69/2025;2025_69_36;varten;1
1328;69/2025;2025_69_36;varusmiespalvelukseen;1
1328;69/2025;2025_69_36;varusmiesten;1
1328;69/2025;2025_69_36;vasten;1
1328;69/2025;2025_69_36;vauhtiin;1
1328;69/2025;2025_69_36;venäjä;1
1328;69/2025;2025_69_36;venäjän;3
1328;69/2025;2025_69_36;venäjään;1
1328;69/2025;2025_69_36;verran;1
1328;69/2025;2025_69_36;vie;1
1328;69/2025;2025_69_36;vientituotteeseen;1
1328;69/2025;2025_69_36;vievät;1
1328;69/2025;2025_69_36;voidaan;2
1328;69/2025;2025_69_36;voisimme;1
1328;69/2025;2025_69_36;vuodessa;2
1328;69/2025;2025_69_36;vuosia;2
1328;69/2025;2025_69_36;vuotta;1
1328;69/2025;2025_69_36;vähemmän;1
1328;69/2025;2025_69_36;välillä;1
1328;69/2025;2025_69_36;välittömästi;1
1328;69/2025;2025_69_36;yhteisen;1
1328;69/2025;2025_69_36;yhteistä;1
1328;69/2025;2025_69_36;yhteisyrityksiin;1
1328;69/2025;2025_69_36;yhtenäinen;1
1328;69/2025;2025_69_36;yhtä;2
1328;69/2025;2025_69_36;yhtään;2
1328;69/2025;2025_69_36;yleinen;1
1328;69/2025;2025_69_36;yli;2
1328;69/2025;2025_69_36;ärade;6
1328;7/2017;2017_7_103;aavistusta;1
1328;7/2017;2017_7_103;aiheutuvat;1
1328;7/2017;2017_7_103;aikana;2
1328;7/2017;2017_7_103;ainakaan;1
1328;7/2017;2017_7_103;ainoastaan;2
1328;7/2017;2017_7_103;aivan;1
1328;7/2017;2017_7_103;ajamiseen;1
1328;7/2017;2017_7_103;ajan;1
1328;7/2017;2017_7_103;ajatellaan;1
1328;7/2017;2017_7_103;ajatus;2
1328;7/2017;2017_7_103;akava;1
1328;7/2017;2017_7_103;akavalla;1
1328;7/2017;2017_7_103;aktn;1
1328;7/2017;2017_7_103;ala-nissilä;2
1328;7/2017;2017_7_103;alaiseen;1
1328;7/2017;2017_7_103;alla;1
1328;7/2017;2017_7_103;allekirjoittaneet;1
1328;7/2017;2017_7_103;allekirjoittanut;1
1328;7/2017;2017_7_103;allekirjoitti;1
1328;7/2017;2017_7_103;aloitteen;2
1328;7/2017;2017_7_103;aloitteeni;1
1328;7/2017;2017_7_103;ammatti;4
1328;7/2017;2017_7_103;ammattijärjestön;1
1328;7/2017;2017_7_103;ammattiliitolla;1
1328;7/2017;2017_7_103;ammattiliitto;1
1328;7/2017;2017_7_103;ammattiliittojen;2
1328;7/2017;2017_7_103;ammattiyhdistyshän;1
1328;7/2017;2017_7_103;ammattiyhdistysliikkeen;1
1328;7/2017;2017_7_103;ammattiyhdistysten;2
1328;7/2017;2017_7_103;anna;1
1328;7/2017;2017_7_103;annettu;1
1328;7/2017;2017_7_103;antamaa;1
1328;7/2017;2017_7_103;antavansa;1
1328;7/2017;2017_7_103;arvioida;2
1328;7/2017;2017_7_103;arvioidaan;1
1328;7/2017;2017_7_103;arvioinneissa;1
1328;7/2017;2017_7_103;arviointia;1
1328;7/2017;2017_7_103;arviointiperusteiden;1
1328;7/2017;2017_7_103;arvioitu;1
1328;7/2017;2017_7_103;arvion;1
1328;7/2017;2017_7_103;arvoisa;2
1328;7/2017;2017_7_103;arvoisat;1
1328;7/2017;2017_7_103;arvon;1
1328;7/2017;2017_7_103;asemansa;1
1328;7/2017;2017_7_103;asia;1
1328;7/2017;2017_7_103;asiaa;2
1328;7/2017;2017_7_103;asian;1
1328;7/2017;2017_7_103;asiasta;1
1328;7/2017;2017_7_103;asioissa;1
1328;7/2017;2017_7_103;asioita;1
1328;7/2017;2017_7_103;askel;1
1328;7/2017;2017_7_103;asumistuet;1
1328;7/2017;2017_7_103;asumistukea;1
1328;7/2017;2017_7_103;auki;1
1328;7/2017;2017_7_103;auto;1
1328;7/2017;2017_7_103;avata;2
1328;7/2017;2017_7_103;avoimuus;1
1328;7/2017;2017_7_103;avoimuuteen;1
1328;7/2017;2017_7_103;avoimuutta;2
1328;7/2017;2017_7_103;ay-liikkeen;1
1328;7/2017;2017_7_103;demarit;1
1328;7/2017;2017_7_103;edelleen;1
1328;7/2017;2017_7_103;edellytetty;1
1328;7/2017;2017_7_103;edellytyksiä;1
1328;7/2017;2017_7_103;edes;3
1328;7/2017;2017_7_103;edistää;1
1328;7/2017;2017_7_103;edunvalvontatyölle;1
1328;7/2017;2017_7_103;eduskuntaan;1
1328;7/2017;2017_7_103;ehdotan;1
1328;7/2017;2017_7_103;ehtoja;1
1328;7/2017;2017_7_103;ei;19
1328;7/2017;2017_7_103;eikä;3
1328;7/2017;2017_7_103;eikö;1
1328;7/2017;2017_7_103;eivät;5
1328;7/2017;2017_7_103;eivätkä;1
1328;7/2017;2017_7_103;ekhon;1
1328;7/2017;2017_7_103;eklta;1
1328;7/2017;2017_7_103;elikeinoelämän;1
1328;7/2017;2017_7_103;elinkeinoelämän;2
1328;7/2017;2017_7_103;ellei;1
1328;7/2017;2017_7_103;elorannan;1
1328;7/2017;2017_7_103;elämäni;1
1328;7/2017;2017_7_103;en;3
1328;7/2017;2017_7_103;enemmän;1
1328;7/2017;2017_7_103;ennen;1
1328;7/2017;2017_7_103;ensimmäinen;1
1328;7/2017;2017_7_103;enää;1
1328;7/2017;2017_7_103;eri;1
1328;7/2017;2017_7_103;erityisasema;1
1328;7/2017;2017_7_103;esimerkiksi;3
1328;7/2017;2017_7_103;esimerkki;1
1328;7/2017;2017_7_103;esittelystä;1
1328;7/2017;2017_7_103;esteen;1
1328;7/2017;2017_7_103;etenkään;1
1328;7/2017;2017_7_103;että;16
1328;7/2017;2017_7_103;etua;2
1328;7/2017;2017_7_103;etujen;1
1328;7/2017;2017_7_103;etujärjestöt;1
1328;7/2017;2017_7_103;etuuksia;1
1328;7/2017;2017_7_103;euroa;5
1328;7/2017;2017_7_103;euron;1
1328;7/2017;2017_7_103;euroopassa;1
1328;7/2017;2017_7_103;faktapohjaista;1
1328;7/2017;2017_7_103;hakaniemessä;1
1328;7/2017;2017_7_103;hallituksissa;1
1328;7/2017;2017_7_103;hallitusohjelmaan;1
1328;7/2017;2017_7_103;hallitusohjelman;1
1328;7/2017;2017_7_103;hankkimiseen;1
1328;7/2017;2017_7_103;harkimo;1
1328;7/2017;2017_7_103;harmaan;1
1328;7/2017;2017_7_103;harmainta;1
1328;7/2017;2017_7_103;he;3
1328;7/2017;2017_7_103;heidän;1
1328;7/2017;2017_7_103;helpottaisi;1
1328;7/2017;2017_7_103;helsingin;1
1328;7/2017;2017_7_103;henkilöä;1
1328;7/2017;2017_7_103;herra;1
1328;7/2017;2017_7_103;herätä;1
1328;7/2017;2017_7_103;huomioidaan;1
1328;7/2017;2017_7_103;hyssytelty;1
1328;7/2017;2017_7_103;hyvityksiä;1
1328;7/2017;2017_7_103;hyvät;1
1328;7/2017;2017_7_103;hän;1
1328;7/2017;2017_7_103;häviää;1
1328;7/2017;2017_7_103;ihan;2
1328;7/2017;2017_7_103;ihmettelen;1
1328;7/2017;2017_7_103;ilman;1
1328;7/2017;2017_7_103;ilmoittaa;1
1328;7/2017;2017_7_103;ilmoittamaan;1
1328;7/2017;2017_7_103;ilta-sanomat;1
1328;7/2017;2017_7_103;isommat;1
1328;7/2017;2017_7_103;istunut;1
1328;7/2017;2017_7_103;itsenäisesti;1
1328;7/2017;2017_7_103;ja;43
1328;7/2017;2017_7_103;jaettiin;1
1328;7/2017;2017_7_103;jakavat;1
1328;7/2017;2017_7_103;jakokelpoinen;1
1328;7/2017;2017_7_103;jatkuvan;1
1328;7/2017;2017_7_103;jhln;1
1328;7/2017;2017_7_103;jhlään;1
1328;7/2017;2017_7_103;jo;3
1328;7/2017;2017_7_103;johon;1
1328;7/2017;2017_7_103;joiden;2
1328;7/2017;2017_7_103;joidenkin;1
1328;7/2017;2017_7_103;joista;2
1328;7/2017;2017_7_103;joita;1
1328;7/2017;2017_7_103;joka;6
1328;7/2017;2017_7_103;jokaisen;1
1328;7/2017;2017_7_103;jokaista;1
1328;7/2017;2017_7_103;jopa;1
1328;7/2017;2017_7_103;josta;1
1328;7/2017;2017_7_103;jota;2
1328;7/2017;2017_7_103;jotka;2
1328;7/2017;2017_7_103;jotta;1
1328;7/2017;2017_7_103;joukossa;1
1328;7/2017;2017_7_103;julkaisee;1
1328;7/2017;2017_7_103;julkaisemisvelvoitteeseen;1
1328;7/2017;2017_7_103;julkinen;1
1328;7/2017;2017_7_103;julkisen;2
1328;7/2017;2017_7_103;julkisesti;1
1328;7/2017;2017_7_103;julkisia;1
1328;7/2017;2017_7_103;julkista;2
1328;7/2017;2017_7_103;julkistaa;1
1328;7/2017;2017_7_103;jäin;1
1328;7/2017;2017_7_103;jälkeen;1
1328;7/2017;2017_7_103;järjestäminen;1
1328;7/2017;2017_7_103;järjestö;2
1328;7/2017;2017_7_103;järjestöillä;1
1328;7/2017;2017_7_103;järjestöjen;1
1328;7/2017;2017_7_103;järjestöjä;2
1328;7/2017;2017_7_103;järjestön;1
1328;7/2017;2017_7_103;järjestöt;2
1328;7/2017;2017_7_103;jäsenet;1
1328;7/2017;2017_7_103;jäsenilleen;1
1328;7/2017;2017_7_103;jäsenillä;1
1328;7/2017;2017_7_103;jäsenliittoa;3
1328;7/2017;2017_7_103;jäsenliittojensa;1
1328;7/2017;2017_7_103;jäsenmaksu;1
1328;7/2017;2017_7_103;jäsenmaksuista;1
1328;7/2017;2017_7_103;jäsenmaksujen;1
1328;7/2017;2017_7_103;jäsenmaksulleen;1
1328;7/2017;2017_7_103;jäsenmaksurahat;1
1328;7/2017;2017_7_103;jäsenmaksut;1
1328;7/2017;2017_7_103;jäsenmaksutulojen;1
1328;7/2017;2017_7_103;jäsenyritystä;2
1328;7/2017;2017_7_103;jättää;1
1328;7/2017;2017_7_103;kahvikuppikin;1
1328;7/2017;2017_7_103;kaiken;2
1328;7/2017;2017_7_103;kaikessa;1
1328;7/2017;2017_7_103;kaikki;1
1328;7/2017;2017_7_103;kaikkiaan;1
1328;7/2017;2017_7_103;kaikkien;3
1328;7/2017;2017_7_103;kaksi;1
1328;7/2017;2017_7_103;kaltainen;1
1328;7/2017;2017_7_103;kannalta;1
1328;7/2017;2017_7_103;kansallisen;1
1328;7/2017;2017_7_103;kansanedustajaa;1
1328;7/2017;2017_7_103;kansanedustajalla;1
1328;7/2017;2017_7_103;kansanedustajana;1
1328;7/2017;2017_7_103;kansanedustajat;1
1328;7/2017;2017_7_103;kansanedustajista;1
1328;7/2017;2017_7_103;kanssa;1
1328;7/2017;2017_7_103;karrikoidun;1
1328;7/2017;2017_7_103;kasvun;1
1328;7/2017;2017_7_103;katsotaan;1
1328;7/2017;2017_7_103;kauppalehden;1
1328;7/2017;2017_7_103;kautta;1
1328;7/2017;2017_7_103;kehityksen;1
1328;7/2017;2017_7_103;kenelläkään;1
1328;7/2017;2017_7_103;kenenkään;1
1328;7/2017;2017_7_103;kerro;1
1328;7/2017;2017_7_103;kerta;1
1328;7/2017;2017_7_103;kertoisin;1
1328;7/2017;2017_7_103;kertoivat;1
1328;7/2017;2017_7_103;kerätyt;1
1328;7/2017;2017_7_103;keräämänsä;1
1328;7/2017;2017_7_103;keskimäärin;1
1328;7/2017;2017_7_103;keskusjärjestö;2
1328;7/2017;2017_7_103;keskusjärjestöissä;1
1328;7/2017;2017_7_103;keskusjärjestöjen;1
1328;7/2017;2017_7_103;keskusjärjestöjä;1
1328;7/2017;2017_7_103;keskusjärjestöllä;1
1328;7/2017;2017_7_103;keskusjärjestön;1
1328;7/2017;2017_7_103;keskusjärjestöön;1
1328;7/2017;2017_7_103;keskusliitoilla;2
1328;7/2017;2017_7_103;keskusliitto;1
1328;7/2017;2017_7_103;keskustelemme;2
1328;7/2017;2017_7_103;kiinnostakaan;1
1328;7/2017;2017_7_103;kiitos;1
1328;7/2017;2017_7_103;kilpailukykyä;1
1328;7/2017;2017_7_103;kilpailukyvyn;1
1328;7/2017;2017_7_103;kilvan;1
1328;7/2017;2017_7_103;kirjanpitolain;2
1328;7/2017;2017_7_103;kirjanpitolakiin;1
1328;7/2017;2017_7_103;kirjattua;1
1328;7/2017;2017_7_103;kirjatun;1
1328;7/2017;2017_7_103;kiskoo;1
1328;7/2017;2017_7_103;kitkemisestä;1
1328;7/2017;2017_7_103;kohtuullista;1
1328;7/2017;2017_7_103;koko;2
1328;7/2017;2017_7_103;kokoluokan;1
1328;7/2017;2017_7_103;kokonaan;1
1328;7/2017;2017_7_103;kollegat;1
1328;7/2017;2017_7_103;koota;1
1328;7/2017;2017_7_103;korkoprosentin;1
1328;7/2017;2017_7_103;korolla;1
1328;7/2017;2017_7_103;koska;3
1328;7/2017;2017_7_103;koskemattomuus;1
1328;7/2017;2017_7_103;koskevat;1
1328;7/2017;2017_7_103;kriteerejä;1
1328;7/2017;2017_7_103;kuin;4
1328;7/2017;2017_7_103;kuinka;2
1328;7/2017;2017_7_103;kuitenkin;4
1328;7/2017;2017_7_103;kukaan;1
1328;7/2017;2017_7_103;kuljetusalan;1
1328;7/2017;2017_7_103;kuluja;2
1328;7/2017;2017_7_103;kulujen;1
1328;7/2017;2017_7_103;kulut;2
1328;7/2017;2017_7_103;kummallista;1
1328;7/2017;2017_7_103;kun;3
1328;7/2017;2017_7_103;kutsuttuun;1
1328;7/2017;2017_7_103;kuuleman;1
1328;7/2017;2017_7_103;kuullut;1
1328;7/2017;2017_7_103;kuulu;1
1328;7/2017;2017_7_103;kuuluisivat;1
1328;7/2017;2017_7_103;kuuluu;3
1328;7/2017;2017_7_103;kuuluvan;1
1328;7/2017;2017_7_103;kuvausta;1
1328;7/2017;2017_7_103;kyllä;1
1328;7/2017;2017_7_103;kymmenissä;1
1328;7/2017;2017_7_103;kymmeniä;1
1328;7/2017;2017_7_103;kyseessä;1
1328;7/2017;2017_7_103;kyselyn;1
1328;7/2017;2017_7_103;kysyn;1
1328;7/2017;2017_7_103;kysynkin;1
1328;7/2017;2017_7_103;kärkihanketta;1
1328;7/2017;2017_7_103;käsitettä;1
1328;7/2017;2017_7_103;käsittelemme;1
1328;7/2017;2017_7_103;käsitystä;1
1328;7/2017;2017_7_103;käytetään;1
1328;7/2017;2017_7_103;käyttävät;1
1328;7/2017;2017_7_103;käytännöistä;1
1328;7/2017;2017_7_103;laajemmat;1
1328;7/2017;2017_7_103;laajempaan;1
1328;7/2017;2017_7_103;lahjojen;1
1328;7/2017;2017_7_103;lain;1
1328;7/2017;2017_7_103;lainsäädännössä;1
1328;7/2017;2017_7_103;laki;1
1328;7/2017;2017_7_103;lakialoite;1
1328;7/2017;2017_7_103;lakialoitteeni;2
1328;7/2017;2017_7_103;lakkoilu;1
1328;7/2017;2017_7_103;leikkauskierteen;1
1328;7/2017;2017_7_103;liiketoimintojaan;1
1328;7/2017;2017_7_103;liikevaihto;2
1328;7/2017;2017_7_103;liikkuvat;1
1328;7/2017;2017_7_103;liitoissa;1
1328;7/2017;2017_7_103;liitoista;1
1328;7/2017;2017_7_103;liiton;1
1328;7/2017;2017_7_103;liitosta;1
1328;7/2017;2017_7_103;liitot;3
1328;7/2017;2017_7_103;liitto;2
1328;7/2017;2017_7_103;liittojen;2
1328;7/2017;2017_7_103;liittoon;1
1328;7/2017;2017_7_103;liittyviä;1
1328;7/2017;2017_7_103;liittyy;1
1328;7/2017;2017_7_103;lisäisi;1
1328;7/2017;2017_7_103;lisäksi;2
1328;7/2017;2017_7_103;lomakotien;1
1328;7/2017;2017_7_103;loppusumma;2
1328;7/2017;2017_7_103;lukuja;1
1328;7/2017;2017_7_103;luulisi;1
1328;7/2017;2017_7_103;luvulta;1
1328;7/2017;2017_7_103;luvun;1
1328;7/2017;2017_7_103;lähes;1
1328;7/2017;2017_7_103;lähettämällä;1
1328;7/2017;2017_7_103;lähteiden;1
1328;7/2017;2017_7_103;läpinäkyvyys;1
1328;7/2017;2017_7_103;läpinäkyvyyttä;2
1328;7/2017;2017_7_103;läpinäkyvää;1
1328;7/2017;2017_7_103;löytyvät;1
1328;7/2017;2017_7_103;löytyykin;1
1328;7/2017;2017_7_103;mahdollista;2
1328;7/2017;2017_7_103;mahdollistaisi;1
1328;7/2017;2017_7_103;mahdotonta;2
1328;7/2017;2017_7_103;mahtua;1
1328;7/2017;2017_7_103;majailee;1
1328;7/2017;2017_7_103;maksa;1
1328;7/2017;2017_7_103;maksaa;2
1328;7/2017;2017_7_103;maksamansa;1
1328;7/2017;2017_7_103;maksetut;1
1328;7/2017;2017_7_103;maksimivuokrat;1
1328;7/2017;2017_7_103;maksut;1
1328;7/2017;2017_7_103;meillä;1
1328;7/2017;2017_7_103;merkittävyyden;1
1328;7/2017;2017_7_103;merkittävää;1
1328;7/2017;2017_7_103;merkityksellisimpiä;1
1328;7/2017;2017_7_103;merkityksestä;1
1328;7/2017;2017_7_103;metallityöväen;1
1328;7/2017;2017_7_103;mielelläni;1
1328;7/2017;2017_7_103;mielenkiintoisempaa;1
1328;7/2017;2017_7_103;mielenosoituksen;1
1328;7/2017;2017_7_103;mielestä;1
1328;7/2017;2017_7_103;mieltä;2
1328;7/2017;2017_7_103;mihin;2
1328;7/2017;2017_7_103;miksi;1
1328;7/2017;2017_7_103;mikäs;1
1328;7/2017;2017_7_103;miljardia;2
1328;7/2017;2017_7_103;miljoonaa;8
1328;7/2017;2017_7_103;miljoonan;2
1328;7/2017;2017_7_103;minkälaiset;1
1328;7/2017;2017_7_103;minkäänlaisia;1
1328;7/2017;2017_7_103;minkäänlaista;1
1328;7/2017;2017_7_103;minkäännäköistä;1
1328;7/2017;2017_7_103;minun;1
1328;7/2017;2017_7_103;minä;1
1328;7/2017;2017_7_103;mistä;1
1328;7/2017;2017_7_103;miten;2
1328;7/2017;2017_7_103;mitkä;1
1328;7/2017;2017_7_103;mitä;2
1328;7/2017;2017_7_103;mitään;1
1328;7/2017;2017_7_103;monessa;1
1328;7/2017;2017_7_103;moni;2
1328;7/2017;2017_7_103;monien;1
1328;7/2017;2017_7_103;monissa;1
1328;7/2017;2017_7_103;monta;1
1328;7/2017;2017_7_103;muassa;3
1328;7/2017;2017_7_103;muita;2
1328;7/2017;2017_7_103;mukaan;11
1328;7/2017;2017_7_103;mukainen;1
1328;7/2017;2017_7_103;mukaisella;1
1328;7/2017;2017_7_103;muodossa;1
1328;7/2017;2017_7_103;mutta;3
1328;7/2017;2017_7_103;muuhun;1
1328;7/2017;2017_7_103;muun;3
1328;7/2017;2017_7_103;muussa;1
1328;7/2017;2017_7_103;muuta;1
1328;7/2017;2017_7_103;muuten;1
1328;7/2017;2017_7_103;muutos;2
1328;7/2017;2017_7_103;muuttamista;1
1328;7/2017;2017_7_103;muuttumaan;1
1328;7/2017;2017_7_103;myös;3
1328;7/2017;2017_7_103;myöskään;1
1328;7/2017;2017_7_103;määritellään;1
1328;7/2017;2017_7_103;määräysten;1
1328;7/2017;2017_7_103;ne;1
1328;7/2017;2017_7_103;netissä;1
1328;7/2017;2017_7_103;neuvotella;1
1328;7/2017;2017_7_103;neuvottelujärjestöillä;1
1328;7/2017;2017_7_103;niiden;3
1328;7/2017;2017_7_103;niin;1
1328;7/2017;2017_7_103;niistä;1
1328;7/2017;2017_7_103;nimenomaan;1
1328;7/2017;2017_7_103;nimenomainen;1
1328;7/2017;2017_7_103;noin;1
1328;7/2017;2017_7_103;nojalla;1
1328;7/2017;2017_7_103;noudatettavia;1
1328;7/2017;2017_7_103;nykyisen;1
1328;7/2017;2017_7_103;nykyistä;1
1328;7/2017;2017_7_103;nykytilanteessa;1
1328;7/2017;2017_7_103;nykytilassa;1
1328;7/2017;2017_7_103;nyt;6
1328;7/2017;2017_7_103;nythän;1
1328;7/2017;2017_7_103;nähtävillä;2
1328;7/2017;2017_7_103;nähtäväkseen;1
1328;7/2017;2017_7_103;nähtäväksi;1
1328;7/2017;2017_7_103;näiden;2
1328;7/2017;2017_7_103;näillä;1
1328;7/2017;2017_7_103;näkyvät;1
1328;7/2017;2017_7_103;nämä;5
1328;7/2017;2017_7_103;oajlla;1
1328;7/2017;2017_7_103;oajn;1
1328;7/2017;2017_7_103;obligaatioiden;1
1328;7/2017;2017_7_103;oikeastaan;2
1328;7/2017;2017_7_103;oikein;1
1328;7/2017;2017_7_103;oikeudet;1
1328;7/2017;2017_7_103;oikeus;1
1328;7/2017;2017_7_103;oikeustajuani;1
1328;7/2017;2017_7_103;olavi;2
1328;7/2017;2017_7_103;ole;8
1328;7/2017;2017_7_103;olen;5
1328;7/2017;2017_7_103;oli;1
1328;7/2017;2017_7_103;olisi;2
1328;7/2017;2017_7_103;olla;3
1328;7/2017;2017_7_103;oma;1
1328;7/2017;2017_7_103;omaisuuden;2
1328;7/2017;2017_7_103;omaisuudesta;1
1328;7/2017;2017_7_103;omaisuus;2
1328;7/2017;2017_7_103;omia;1
1328;7/2017;2017_7_103;omien;1
1328;7/2017;2017_7_103;omissa;1
1328;7/2017;2017_7_103;omistaa;1
1328;7/2017;2017_7_103;omistukset;1
1328;7/2017;2017_7_103;on;34
1328;7/2017;2017_7_103;ongelmallista;1
1328;7/2017;2017_7_103;onko;2
1328;7/2017;2017_7_103;oppositiopuolueet;1
1328;7/2017;2017_7_103;organisaatioita;1
1328;7/2017;2017_7_103;osa;1
1328;7/2017;2017_7_103;osalla;2
1328;7/2017;2017_7_103;osallistuneelle;1
1328;7/2017;2017_7_103;osallistuneille;1
1328;7/2017;2017_7_103;osapuolia;1
1328;7/2017;2017_7_103;osinkoa;2
1328;7/2017;2017_7_103;osuvan;1
1328;7/2017;2017_7_103;ovat;16
1328;7/2017;2017_7_103;paikasta;1
1328;7/2017;2017_7_103;pakko;1
1328;7/2017;2017_7_103;paljon;1
1328;7/2017;2017_7_103;palkansaajan;1
1328;7/2017;2017_7_103;palkkaa;1
1328;7/2017;2017_7_103;palkkakehitystä;1
1328;7/2017;2017_7_103;palveluksessa;1
1328;7/2017;2017_7_103;palveluun;1
1328;7/2017;2017_7_103;pamiin;1
1328;7/2017;2017_7_103;pamin;1
1328;7/2017;2017_7_103;paperi;1
1328;7/2017;2017_7_103;parantaisi;1
1328;7/2017;2017_7_103;parantamalla;1
1328;7/2017;2017_7_103;parantamista;1
1328;7/2017;2017_7_103;patentti;2
1328;7/2017;2017_7_103;pelkkä;1
1328;7/2017;2017_7_103;pelkästään;1
1328;7/2017;2017_7_103;penkoi;1
1328;7/2017;2017_7_103;periaatteet;1
1328;7/2017;2017_7_103;perusteella;1
1328;7/2017;2017_7_103;perusteltua;1
1328;7/2017;2017_7_103;peräänkuuluttaneet;1
1328;7/2017;2017_7_103;pienen;1
1328;7/2017;2017_7_103;pienten;1
1328;7/2017;2017_7_103;piilevän;1
1328;7/2017;2017_7_103;piiriin;2
1328;7/2017;2017_7_103;pitäisi;2
1328;7/2017;2017_7_103;pitänyt;1
1328;7/2017;2017_7_103;pitää;2
1328;7/2017;2017_7_103;pk-yrityksiä;1
1328;7/2017;2017_7_103;poikkipuolista;1
1328;7/2017;2017_7_103;poliittiset;1
1328;7/2017;2017_7_103;professori;1
1328;7/2017;2017_7_103;prohon;1
1328;7/2017;2017_7_103;prosenttia;2
1328;7/2017;2017_7_103;puheenjohtaja;1
1328;7/2017;2017_7_103;puhemies;2
1328;7/2017;2017_7_103;puhutaan;1
1328;7/2017;2017_7_103;puhuvat;1
1328;7/2017;2017_7_103;puolet;1
1328;7/2017;2017_7_103;puolueetkin;1
1328;7/2017;2017_7_103;purkamiseen;1
1328;7/2017;2017_7_103;purkamisesta;1
1328;7/2017;2017_7_103;pyydettäessä;2
1328;7/2017;2017_7_103;pyyntööni;1
1328;7/2017;2017_7_103;pyöreästi;1
1328;7/2017;2017_7_103;pyöreät;1
1328;7/2017;2017_7_103;päinvastoin;1
1328;7/2017;2017_7_103;pääoma;1
1328;7/2017;2017_7_103;pääomatuloverotuksesta;1
1328;7/2017;2017_7_103;päättää;1
1328;7/2017;2017_7_103;rahankäytöstä;1
1328;7/2017;2017_7_103;rahat;2
1328;7/2017;2017_7_103;rahoitusta;1
1328;7/2017;2017_7_103;rajat;1
1328;7/2017;2017_7_103;rajoista;1
1328;7/2017;2017_7_103;rajoittavan;1
1328;7/2017;2017_7_103;rakennusliitolla;1
1328;7/2017;2017_7_103;rakenteessa;1
1328;7/2017;2017_7_103;ravistetaan;1
1328;7/2017;2017_7_103;rekisterihallitukseen;1
1328;7/2017;2017_7_103;rekisterihallituksesta;1
1328;7/2017;2017_7_103;rekisteröimiskäytäntöä;1
1328;7/2017;2017_7_103;rekisteröimisvelvoite;1
1328;7/2017;2017_7_103;rekisteröimisvelvoitteen;1
1328;7/2017;2017_7_103;rekisteröimisvelvollisia;1
1328;7/2017;2017_7_103;rekisteröimisvelvollisuuden;1
1328;7/2017;2017_7_103;retuperällä;1
1328;7/2017;2017_7_103;rinteeltä;1
1328;7/2017;2017_7_103;ryhmän;1
1328;7/2017;2017_7_103;räikein;1
1328;7/2017;2017_7_103;saa;3
1328;7/2017;2017_7_103;saada;2
1328;7/2017;2017_7_103;saakka;1
1328;7/2017;2017_7_103;saaman;1
1328;7/2017;2017_7_103;saamieni;1
1328;7/2017;2017_7_103;saanut;1
1328;7/2017;2017_7_103;saattaa;1
1328;7/2017;2017_7_103;saavat;4
1328;7/2017;2017_7_103;saavatko;1
1328;7/2017;2017_7_103;sain;1
1328;7/2017;2017_7_103;sak;2
1328;7/2017;2017_7_103;sakhon;1
1328;7/2017;2017_7_103;sakn;2
1328;7/2017;2017_7_103;salkkuihin;1
1328;7/2017;2017_7_103;samoin;1
1328;7/2017;2017_7_103;sanonnan;1
1328;7/2017;2017_7_103;sanottavaa;1
1328;7/2017;2017_7_103;se;9
1328;7/2017;2017_7_103;sektorin;1
1328;7/2017;2017_7_103;sekä;4
1328;7/2017;2017_7_103;sellaiset;1
1328;7/2017;2017_7_103;selvisi;1
1328;7/2017;2017_7_103;selvitystyön;1
1328;7/2017;2017_7_103;sen;3
1328;7/2017;2017_7_103;senttiä;1
1328;7/2017;2017_7_103;seuraavista;1
1328;7/2017;2017_7_103;siellä;1
1328;7/2017;2017_7_103;sieltä;1
1328;7/2017;2017_7_103;siihen;1
1328;7/2017;2017_7_103;siinä;1
1328;7/2017;2017_7_103;siis;1
1328;7/2017;2017_7_103;siitä;1
1328;7/2017;2017_7_103;sijoittavat;1
1328;7/2017;2017_7_103;sijoituksia;1
1328;7/2017;2017_7_103;sijoitus;2
1328;7/2017;2017_7_103;sijoitusmuotojen;1
1328;7/2017;2017_7_103;sijoitussalkun;1
1328;7/2017;2017_7_103;sijoitusten;2
1328;7/2017;2017_7_103;sillä;3
1328;7/2017;2017_7_103;sisältää;1
1328;7/2017;2017_7_103;siten;1
1328;7/2017;2017_7_103;sitovia;1
1328;7/2017;2017_7_103;sitten;1
1328;7/2017;2017_7_103;sitä;2
1328;7/2017;2017_7_103;sivuja;1
1328;7/2017;2017_7_103;sivulle;1
1328;7/2017;2017_7_103;soittamalla;1
1328;7/2017;2017_7_103;sopia;1
1328;7/2017;2017_7_103;sosiaalidemokraattia;1
1328;7/2017;2017_7_103;sotii;1
1328;7/2017;2017_7_103;soveltamiskäytännön;3
1328;7/2017;2017_7_103;sttk;1
1328;7/2017;2017_7_103;sttklla;1
1328;7/2017;2017_7_103;suhteessa;1
1328;7/2017;2017_7_103;suomalaisen;1
1328;7/2017;2017_7_103;suomalaisista;1
1328;7/2017;2017_7_103;suomalaista;1
1328;7/2017;2017_7_103;suomen;4
1328;7/2017;2017_7_103;suomessa;1
1328;7/2017;2017_7_103;suurempaa;1
1328;7/2017;2017_7_103;suuresti;1
1328;7/2017;2017_7_103;suuria;1
1328;7/2017;2017_7_103;suurin;3
1328;7/2017;2017_7_103;suurten;1
1328;7/2017;2017_7_103;suusta;1
1328;7/2017;2017_7_103;systeemiä;1
1328;7/2017;2017_7_103;syystä;1
1328;7/2017;2017_7_103;sähköpostia;1
1328;7/2017;2017_7_103;säädös;1
1328;7/2017;2017_7_103;säännöt;1
1328;7/2017;2017_7_103;säätiö;1
1328;7/2017;2017_7_103;säätiön;1
1328;7/2017;2017_7_103;säätiöt;2
1328;7/2017;2017_7_103;ta;1
1328;7/2017;2017_7_103;tai;11
1328;7/2017;2017_7_103;taloudellista;3
1328;7/2017;2017_7_103;talouden;1
1328;7/2017;2017_7_103;talouskasvun;2
1328;7/2017;2017_7_103;talouspäällikkö;1
1328;7/2017;2017_7_103;taloustieteen;1
1328;7/2017;2017_7_103;taloustietoja;1
1328;7/2017;2017_7_103;tapauksissa;1
1328;7/2017;2017_7_103;tarjoakaan;1
1328;7/2017;2017_7_103;tarjoavatko;1
1328;7/2017;2017_7_103;tarkkoja;1
1328;7/2017;2017_7_103;tarkoittaa;1
1328;7/2017;2017_7_103;tarpeellista;1
1328;7/2017;2017_7_103;tase;1
1328;7/2017;2017_7_103;taseen;2
1328;7/2017;2017_7_103;tehdä;1
1328;7/2017;2017_7_103;tehtävänä;1
1328;7/2017;2017_7_103;tiedon;1
1328;7/2017;2017_7_103;tiedonkulun;1
1328;7/2017;2017_7_103;tiedossa;1
1328;7/2017;2017_7_103;tiedot;4
1328;7/2017;2017_7_103;tiedustelin;1
1328;7/2017;2017_7_103;tiedä;1
1328;7/2017;2017_7_103;tietoa;2
1328;7/2017;2017_7_103;tietoja;1
1328;7/2017;2017_7_103;tietää;2
1328;7/2017;2017_7_103;tilikauden;1
1328;7/2017;2017_7_103;tilinpäätöksellä;1
1328;7/2017;2017_7_103;tilinpäätöksen;2
1328;7/2017;2017_7_103;tilinpäätöksensä;2
1328;7/2017;2017_7_103;tilinpäätös;2
1328;7/2017;2017_7_103;tilinpäätösten;1
1328;7/2017;2017_7_103;tilinpäätöstään;1
1328;7/2017;2017_7_103;tilitiedot;1
1328;7/2017;2017_7_103;tilitietoja;4
1328;7/2017;2017_7_103;tilitietojen;1
1328;7/2017;2017_7_103;tilitietonsa;1
1328;7/2017;2017_7_103;todellinen;1
1328;7/2017;2017_7_103;todellisen;1
1328;7/2017;2017_7_103;todeta;1
1328;7/2017;2017_7_103;toimeenpanosuunnitelmaan;1
1328;7/2017;2017_7_103;toimii;1
1328;7/2017;2017_7_103;toimijan;1
1328;7/2017;2017_7_103;toiminnan;3
1328;7/2017;2017_7_103;toiminnassa;1
1328;7/2017;2017_7_103;toiminnasta;1
1328;7/2017;2017_7_103;toiminnastaan;2
1328;7/2017;2017_7_103;toiminta;1
1328;7/2017;2017_7_103;toimintaa;1
1328;7/2017;2017_7_103;toimintaan;4
1328;7/2017;2017_7_103;toimintakertomustaan;1
1328;7/2017;2017_7_103;toimittaa;1
1328;7/2017;2017_7_103;toimivat;1
1328;7/2017;2017_7_103;tosiasiallisesta;1
1328;7/2017;2017_7_103;totesi;1
1328;7/2017;2017_7_103;toteuttaa;1
1328;7/2017;2017_7_103;tuen;1
1328;7/2017;2017_7_103;tukea;4
1328;7/2017;2017_7_103;tuki;1
1328;7/2017;2017_7_103;tule;1
1328;7/2017;2017_7_103;tulee;1
1328;7/2017;2017_7_103;tulisi;1
1328;7/2017;2017_7_103;tulleet;1
1328;7/2017;2017_7_103;tuloja;1
1328;7/2017;2017_7_103;tuloksiaan;1
1328;7/2017;2017_7_103;tulos;1
1328;7/2017;2017_7_103;tulot;1
1328;7/2017;2017_7_103;tuloverolain;1
1328;7/2017;2017_7_103;tunne;1
1328;7/2017;2017_7_103;tunnusluvut;1
1328;7/2017;2017_7_103;tuota;1
1328;7/2017;2017_7_103;tuotot;1
1328;7/2017;2017_7_103;tuottaa;1
1328;7/2017;2017_7_103;tuottamat;1
1328;7/2017;2017_7_103;tutkittua;1
1328;7/2017;2017_7_103;työllisyystilanteen;1
1328;7/2017;2017_7_103;työmarkkina-asiat;1
1328;7/2017;2017_7_103;työmarkkinajärjestö;1
1328;7/2017;2017_7_103;työmarkkinajärjestöiksi;1
1328;7/2017;2017_7_103;työmarkkinajärjestöille;1
1328;7/2017;2017_7_103;työmarkkinajärjestöillä;3
1328;7/2017;2017_7_103;työmarkkinajärjestöjen;2
1328;7/2017;2017_7_103;työmarkkinajärjestön;1
1328;7/2017;2017_7_103;työmarkkinajärjestöä;1
1328;7/2017;2017_7_103;työmarkkinoiden;1
1328;7/2017;2017_7_103;työnantajaliitoilla;2
1328;7/2017;2017_7_103;työnantajaliitot;1
1328;7/2017;2017_7_103;työnantajat;1
1328;7/2017;2017_7_103;työntekijäliiton;1
1328;7/2017;2017_7_103;työntekijän;1
1328;7/2017;2017_7_103;työntekijät;1
1328;7/2017;2017_7_103;työntekijää;1
1328;7/2017;2017_7_103;työntekijöiden;1
1328;7/2017;2017_7_103;työntekijöistä;1
1328;7/2017;2017_7_103;työsuhteessa;1
1328;7/2017;2017_7_103;työsuhteiden;1
1328;7/2017;2017_7_103;työtaistelu;1
1328;7/2017;2017_7_103;työtaisteluihin;1
1328;7/2017;2017_7_103;työtaistelukyky;1
1328;7/2017;2017_7_103;tämä;6
1328;7/2017;2017_7_103;tämän;5
1328;7/2017;2017_7_103;tärkeimmät;1
1328;7/2017;2017_7_103;tässä;1
1328;7/2017;2017_7_103;tästä;1
1328;7/2017;2017_7_103;tätä;1
1328;7/2017;2017_7_103;täyttyvätkö;1
1328;7/2017;2017_7_103;täytä;1
1328;7/2017;2017_7_103;urheilufasiliteettien;1
1328;7/2017;2017_7_103;useammat;1
1328;7/2017;2017_7_103;usean;1
1328;7/2017;2017_7_103;uskomus;2
1328;7/2017;2017_7_103;uudistukset;1
1328;7/2017;2017_7_103;vaalikauden;1
1328;7/2017;2017_7_103;vahvistaa;1
1328;7/2017;2017_7_103;vai;1
1328;7/2017;2017_7_103;valmius;1
1328;7/2017;2017_7_103;valtio;2
1328;7/2017;2017_7_103;valtiolla;1
1328;7/2017;2017_7_103;valtion;4
1328;7/2017;2017_7_103;valuvat;1
1328;7/2017;2017_7_103;valvovat;1
1328;7/2017;2017_7_103;vapaa;1
1328;7/2017;2017_7_103;vapaaehtoisesti;1
1328;7/2017;2017_7_103;varaan;1
1328;7/2017;2017_7_103;varallisuus;1
1328;7/2017;2017_7_103;varjobudjeteissaan;1
1328;7/2017;2017_7_103;varmasti;1
1328;7/2017;2017_7_103;varsinaisen;2
1328;7/2017;2017_7_103;vasemmistolaista;1
1328;7/2017;2017_7_103;vastaan;1
1328;7/2017;2017_7_103;vastausta;1
1328;7/2017;2017_7_103;vastikään;1
1328;7/2017;2017_7_103;vastinetta;1
1328;7/2017;2017_7_103;vauhdittamiseen;1
1328;7/2017;2017_7_103;veikkaanpa;1
1328;7/2017;2017_7_103;velvoite;1
1328;7/2017;2017_7_103;velvoitetta;1
1328;7/2017;2017_7_103;velvoittaa;1
1328;7/2017;2017_7_103;velvoitteita;1
1328;7/2017;2017_7_103;velvollisuus;1
1328;7/2017;2017_7_103;veroa;1
1328;7/2017;2017_7_103;verojuristien;1
1328;7/2017;2017_7_103;verokohtelusta;1
1328;7/2017;2017_7_103;verolain;2
1328;7/2017;2017_7_103;veroparatiisi;1
1328;7/2017;2017_7_103;verotettavien;1
1328;7/2017;2017_7_103;verottajalla;1
1328;7/2017;2017_7_103;verottomien;1
1328;7/2017;2017_7_103;verotuen;1
1328;7/2017;2017_7_103;verotuksessa;1
1328;7/2017;2017_7_103;verotuksesta;1
1328;7/2017;2017_7_103;verotuloja;1
1328;7/2017;2017_7_103;verovapaita;2
1328;7/2017;2017_7_103;verovapaus;1
1328;7/2017;2017_7_103;verovelvollinen;1
1328;7/2017;2017_7_103;verovähennysoikeus;1
1328;7/2017;2017_7_103;vielä;1
1328;7/2017;2017_7_103;vihdoin;1
1328;7/2017;2017_7_103;vihreät;1
1328;7/2017;2017_7_103;viime;1
1328;7/2017;2017_7_103;virnin;1
1328;7/2017;2017_7_103;voi;2
1328;7/2017;2017_7_103;voitaisiin;1
1328;7/2017;2017_7_103;voitot;1
1328;7/2017;2017_7_103;voitto-osuutena;1
1328;7/2017;2017_7_103;voittoa;1
1328;7/2017;2017_7_103;vuoden;1
1328;7/2017;2017_7_103;vuodessa;1
1328;7/2017;2017_7_103;vuokran;1
1328;7/2017;2017_7_103;vuonna;2
1328;7/2017;2017_7_103;vuosikymmeniä;2
1328;7/2017;2017_7_103;vvo-konsernista;1
1328;7/2017;2017_7_103;vvon;2
1328;7/2017;2017_7_103;vähennetään;1
1328;7/2017;2017_7_103;vähintään;1
1328;7/2017;2017_7_103;wallinilta;1
1328;7/2017;2017_7_103;yhdelle;1
1328;7/2017;2017_7_103;yhdelläkään;1
1328;7/2017;2017_7_103;yhdenvertaistaisi;1
1328;7/2017;2017_7_103;yhdistyksen;2
1328;7/2017;2017_7_103;yhdistykset;4
1328;7/2017;2017_7_103;yhdistyksiltä;1
1328;7/2017;2017_7_103;yhdistys;1
1328;7/2017;2017_7_103;yhdistysten;1
1328;7/2017;2017_7_103;yhdistystenkin;1
1328;7/2017;2017_7_103;yhteensä;2
1328;7/2017;2017_7_103;yhteisjäsenet;1
1328;7/2017;2017_7_103;yhteiskunnallisen;2
1328;7/2017;2017_7_103;yhteisöt;1
1328;7/2017;2017_7_103;yhtään;1
1328;7/2017;2017_7_103;yksikään;1
1328;7/2017;2017_7_103;yksin;1
1328;7/2017;2017_7_103;yksinkertainen;1
1328;7/2017;2017_7_103;yksittäisillä;1
1328;7/2017;2017_7_103;yksityisen;1
1328;7/2017;2017_7_103;yleishyödyllinen;2
1328;7/2017;2017_7_103;yleishyödylliseksi;1
1328;7/2017;2017_7_103;yleishyödyllisestä;1
1328;7/2017;2017_7_103;yleishyödylliset;1
1328;7/2017;2017_7_103;yleishyödyllisiksi;1
1328;7/2017;2017_7_103;yleishyödyllisten;1
1328;7/2017;2017_7_103;yleishyödyllistä;1
1328;7/2017;2017_7_103;yleishyödyllisyyden;2
1328;7/2017;2017_7_103;yleishyödyllisyys;1
1328;7/2017;2017_7_103;yli;3
1328;7/2017;2017_7_103;ylittyy;1
1328;7/2017;2017_7_103;ylittää;1
1328;7/2017;2017_7_103;ymmärrä;1
1328;7/2017;2017_7_103;ymmärtää;1
1328;7/2017;2017_7_103;yrittäjyyden;1
1328;7/2017;2017_7_103;yrittäjät;1
1328;7/2017;2017_7_103;yrityksen;1
1328;7/2017;2017_7_103;yritysten;3
1328;7/2017;2017_7_103;yritysteni;1
1328;7/2017;2017_7_103;yritystoiminnassa;1
1328;7/2021;2021_7_90;ajan;1
1328;7/2021;2021_7_90;arvoisa;1
1328;7/2021;2021_7_90;ennustettava;1
1328;7/2021;2021_7_90;ettekö;1
1328;7/2021;2021_7_90;että;2
1328;7/2021;2021_7_90;hallitus;2
1328;7/2021;2021_7_90;haluaa;1
1328;7/2021;2021_7_90;haluatte;1
1328;7/2021;2021_7_90;hyökännyt;1
1328;7/2021;2021_7_90;investointeja;1
1328;7/2021;2021_7_90;ja;2
1328;7/2021;2021_7_90;jos;1
1328;7/2021;2021_7_90;koko;1
1328;7/2021;2021_7_90;lietsonut;1
1328;7/2021;2021_7_90;lintilä;1
1328;7/2021;2021_7_90;lisätä;1
1328;7/2021;2021_7_90;luottaa;1
1328;7/2021;2021_7_90;meinaatte;1
1328;7/2021;2021_7_90;ministeri;2
1328;7/2021;2021_7_90;mitä;1
1328;7/2021;2021_7_90;nyt;1
1328;7/2021;2021_7_90;näkymä;1
1328;7/2021;2021_7_90;olla;1
1328;7/2021;2021_7_90;on;2
1328;7/2021;2021_7_90;pitää;1
1328;7/2021;2021_7_90;puhemies;1
1328;7/2021;2021_7_90;pääministeri;1
1328;7/2021;2021_7_90;saada;1
1328;7/2021;2021_7_90;saramo;1
1328;7/2021;2021_7_90;suomeen;1
1328;7/2021;2021_7_90;tahallaan;1
1328;7/2021;2021_7_90;talman;1
1328;7/2021;2021_7_90;tehdä;1
1328;7/2021;2021_7_90;tulevaisuudesta;1
1328;7/2021;2021_7_90;tulevaisuuteen;1
1328;7/2021;2021_7_90;työntekijöiden;1
1328;7/2021;2021_7_90;työpaikkoja;1
1328;7/2021;2021_7_90;vastaan;1
1328;7/2021;2021_7_90;vastakkainasettelua;1
1328;7/2021;2021_7_90;verotusta;1
1328;7/2021;2021_7_90;voisivat;1
1328;7/2021;2021_7_90;vuorostaan;1
1328;7/2021;2021_7_90;välillä;1
1328;7/2021;2021_7_90;ymmärrä;1
1328;7/2021;2021_7_90;yritykset;1
1328;7/2021;2021_7_90;yrityksillä;1
1328;7/2021;2021_7_90;yrityksiä;1
1328;7/2021;2021_7_90;yritysten;2
1328;7/2021;2021_7_90;ärade;1
1328;7/2022;2022_7_7;aikataululla;1
1328;7/2022;2022_7_7;arvoisa;1
1328;7/2022;2022_7_7;asialla;1
1328;7/2022;2022_7_7;biodiesel;1
1328;7/2022;2022_7_7;biodieseliä;1
1328;7/2022;2022_7_7;edes;1
1328;7/2022;2022_7_7;ei;1
1328;7/2022;2022_7_7;eli;1
1328;7/2022;2022_7_7;emme;1
1328;7/2022;2022_7_7;eri;1
1328;7/2022;2022_7_7;ette;1
1328;7/2022;2022_7_7;että;1
1328;7/2022;2022_7_7;hallituksessa;1
1328;7/2022;2022_7_7;hallituspuolueissa;1
1328;7/2022;2022_7_7;hintoja;1
1328;7/2022;2022_7_7;hollantiin;1
1328;7/2022;2022_7_7;ja;8
1328;7/2022;2022_7_7;järkevämmällä;1
1328;7/2022;2022_7_7;kaikki;1
1328;7/2022;2022_7_7;kallista;1
1328;7/2022;2022_7_7;kannalta;1
1328;7/2022;2022_7_7;kauhean;1
1328;7/2022;2022_7_7;kerätään;1
1328;7/2022;2022_7_7;koko;1
1328;7/2022;2022_7_7;kokonaisuuden;1
1328;7/2022;2022_7_7;kuinka;1
1328;7/2022;2022_7_7;kun;1
1328;7/2022;2022_7_7;kyllä;1
1328;7/2022;2022_7_7;kysynyt;1
1328;7/2022;2022_7_7;maailman;1
1328;7/2022;2022_7_7;maailmanmarkkinahinnoille;1
1328;7/2022;2022_7_7;maapalloa;1
1328;7/2022;2022_7_7;maksamia;1
1328;7/2022;2022_7_7;merkitystä;1
1328;7/2022;2022_7_7;miksi;1
1328;7/2022;2022_7_7;minkälainen;1
1328;7/2022;2022_7_7;miten;1
1328;7/2022;2022_7_7;mitään;1
1328;7/2022;2022_7_7;moni;1
1328;7/2022;2022_7_7;mutta;1
1328;7/2022;2022_7_7;niin;1
1328;7/2022;2022_7_7;nyt;2
1328;7/2022;2022_7_7;näkemys;1
1328;7/2022;2022_7_7;oikeasti;1
1328;7/2022;2022_7_7;ole;1
1328;7/2022;2022_7_7;olisin;1
1328;7/2022;2022_7_7;on;2
1328;7/2022;2022_7_7;paistinrasvat;1
1328;7/2022;2022_7_7;paljon;1
1328;7/2022;2022_7_7;polttoaineiden;1
1328;7/2022;2022_7_7;puhemies;1
1328;7/2022;2022_7_7;päinvastoin;1
1328;7/2022;2022_7_7;pääse;1
1328;7/2022;2022_7_7;rahdataan;2
1328;7/2022;2022_7_7;ravintoloista;1
1328;7/2022;2022_7_7;riidellään;1
1328;7/2022;2022_7_7;samaa;1
1328;7/2022;2022_7_7;se;1
1328;7/2022;2022_7_7;sekoitevelvoitteelle;1
1328;7/2022;2022_7_7;sekoitevelvoitteen;1
1328;7/2022;2022_7_7;sekoitevelvoitteesta;1
1328;7/2022;2022_7_7;siitä;1
1328;7/2022;2022_7_7;sitä;1
1328;7/2022;2022_7_7;suomalaisten;1
1328;7/2022;2022_7_7;suomeen;1
1328;7/2022;2022_7_7;taas;1
1328;7/2022;2022_7_7;talman;1
1328;7/2022;2022_7_7;tasoittaa;1
1328;7/2022;2022_7_7;tavoitteilla;1
1328;7/2022;2022_7_7;te;1
1328;7/2022;2022_7_7;tehdään;1
1328;7/2022;2022_7_7;tämä;1
1328;7/2022;2022_7_7;tästä;3
1328;7/2022;2022_7_7;täysin;1
1328;7/2022;2022_7_7;valmistetaan;1
1328;7/2022;2022_7_7;veronmaksajien;1
1328;7/2022;2022_7_7;verotukselle;1
1328;7/2022;2022_7_7;viemäreistä;1
1328;7/2022;2022_7_7;voi;1
1328;7/2022;2022_7_7;voimme;1
1328;7/2022;2022_7_7;voitaisiin;1
1328;7/2022;2022_7_7;vähän;1
1328;7/2022;2022_7_7;yhteisymmärrykseen;1
1328;7/2022;2022_7_7;ymmärtää;1
1328;7/2022;2022_7_7;ympäri;1
1328;7/2022;2022_7_7;ympäristöteko;1
1328;7/2022;2022_7_7;yrittäjien;1
1328;7/2022;2022_7_7;ärade;1
1328;70/2019;2019_70_13;aikaan;1
1328;70/2019;2019_70_13;aikana;1
1328;70/2019;2019_70_13;aina;1
1328;70/2019;2019_70_13;ainoa;1
1328;70/2019;2019_70_13;aion;1
1328;70/2019;2019_70_13;alasarjaa;1
1328;70/2019;2019_70_13;alkavat;1
1328;70/2019;2019_70_13;alkukauden;1
1328;70/2019;2019_70_13;antti;1
1328;70/2019;2019_70_13;areena;1
1328;70/2019;2019_70_13;arpoo;1
1328;70/2019;2019_70_13;arvoisa;3
1328;70/2019;2019_70_13;asia;4
1328;70/2019;2019_70_13;digitalisaation;1
1328;70/2019;2019_70_13;edessään;1
1328;70/2019;2019_70_13;edustusjoukkue;1
1328;70/2019;2019_70_13;ei;5
1328;70/2019;2019_70_13;eivät;1
1328;70/2019;2019_70_13;eli;1
1328;70/2019;2019_70_13;emme;1
1328;70/2019;2019_70_13;en;1
1328;70/2019;2019_70_13;energian;1
1328;70/2019;2019_70_13;ennallaan;1
1328;70/2019;2019_70_13;ennalta;1
1328;70/2019;2019_70_13;ennen;2
1328;70/2019;2019_70_13;esimakua;1
1328;70/2019;2019_70_13;että;8
1328;70/2019;2019_70_13;euroopan;1
1328;70/2019;2019_70_13;fani;1
1328;70/2019;2019_70_13;hallituksella;3
1328;70/2019;2019_70_13;hallituksen;7
1328;70/2019;2019_70_13;hallitus;2
1328;70/2019;2019_70_13;hallitusohjelma;1
1328;70/2019;2019_70_13;hallitusta;1
1328;70/2019;2019_70_13;harjoitusotteluiden;1
1328;70/2019;2019_70_13;harmi;1
1328;70/2019;2019_70_13;heidän;1
1328;70/2019;2019_70_13;heijastuu;1
1328;70/2019;2019_70_13;heikkoina;1
1328;70/2019;2019_70_13;hengellä;2
1328;70/2019;2019_70_13;hengen;1
1328;70/2019;2019_70_13;henkistä;1
1328;70/2019;2019_70_13;hetkellä;1
1328;70/2019;2019_70_13;hoivamenojen;1
1328;70/2019;2019_70_13;huomattavasti;1
1328;70/2019;2019_70_13;huutelee;1
1328;70/2019;2019_70_13;hyvä;2
1328;70/2019;2019_70_13;hän;1
1328;70/2019;2019_70_13;hänelle;1
1328;70/2019;2019_70_13;hänen;1
1328;70/2019;2019_70_13;idealistinen;1
1328;70/2019;2019_70_13;ihan;1
1328;70/2019;2019_70_13;ihminen;1
1328;70/2019;2019_70_13;ihmiset;1
1328;70/2019;2019_70_13;ikääntyneiden;1
1328;70/2019;2019_70_13;irtokiekkojen;1
1328;70/2019;2019_70_13;iso;1
1328;70/2019;2019_70_13;isompien;1
1328;70/2019;2019_70_13;itsekään;1
1328;70/2019;2019_70_13;ja;13
1328;70/2019;2019_70_13;johda;1
1328;70/2019;2019_70_13;johdosta;1
1328;70/2019;2019_70_13;johtajuudella;1
1328;70/2019;2019_70_13;johtajuutta;1
1328;70/2019;2019_70_13;johtuu;1
1328;70/2019;2019_70_13;joiden;1
1328;70/2019;2019_70_13;joka;3
1328;70/2019;2019_70_13;joku;1
1328;70/2019;2019_70_13;jopa;2
1328;70/2019;2019_70_13;jos;4
1328;70/2019;2019_70_13;joskin;1
1328;70/2019;2019_70_13;jota;1
1328;70/2019;2019_70_13;joukkue;3
1328;70/2019;2019_70_13;joukkueeni;1
1328;70/2019;2019_70_13;joukkueensa;1
1328;70/2019;2019_70_13;joukkueita;1
1328;70/2019;2019_70_13;joukkueurheilussa;1
1328;70/2019;2019_70_13;jäsenet;1
1328;70/2019;2019_70_13;jäähallikin;1
1328;70/2019;2019_70_13;kaikkea;2
1328;70/2019;2019_70_13;kaikkien;1
1328;70/2019;2019_70_13;kannattajat;1
1328;70/2019;2019_70_13;kannustaakseni;1
1328;70/2019;2019_70_13;kannustan;1
1328;70/2019;2019_70_13;kansainvälisillä;1
1328;70/2019;2019_70_13;kasvusta;1
1328;70/2019;2019_70_13;katse;2
1328;70/2019;2019_70_13;katsomossa;2
1328;70/2019;2019_70_13;katsomosta;1
1328;70/2019;2019_70_13;kauempana;2
1328;70/2019;2019_70_13;kentillä;1
1328;70/2019;2019_70_13;kentän;1
1328;70/2019;2019_70_13;keskinäinen;1
1328;70/2019;2019_70_13;kiljunen;1
1328;70/2019;2019_70_13;kimmo;1
1328;70/2019;2019_70_13;kisoissa;1
1328;70/2019;2019_70_13;kohdalla;1
1328;70/2019;2019_70_13;koko;1
1328;70/2019;2019_70_13;kokoamaan;1
1328;70/2019;2019_70_13;kokoonpanon;1
1328;70/2019;2019_70_13;koska;1
1328;70/2019;2019_70_13;kotimaan;1
1328;70/2019;2019_70_13;kriisi;1
1328;70/2019;2019_70_13;kuin;4
1328;70/2019;2019_70_13;kunnossa;1
1328;70/2019;2019_70_13;kyllä;1
1328;70/2019;2019_70_13;käsissä;1
1328;70/2019;2019_70_13;käsittelemme;1
1328;70/2019;2019_70_13;kävi;1
1328;70/2019;2019_70_13;käyttäisi;1
1328;70/2019;2019_70_13;käyttämään;1
1328;70/2019;2019_70_13;käyttää;1
1328;70/2019;2019_70_13;liian;1
1328;70/2019;2019_70_13;liigaa;1
1328;70/2019;2019_70_13;linjojen;1
1328;70/2019;2019_70_13;lukee;1
1328;70/2019;2019_70_13;luottaa;1
1328;70/2019;2019_70_13;luottamukseen;2
1328;70/2019;2019_70_13;luottamus;1
1328;70/2019;2019_70_13;luottamuspulaan;1
1328;70/2019;2019_70_13;lähtivät;1
1328;70/2019;2019_70_13;me;2
1328;70/2019;2019_70_13;meidän;1
1328;70/2019;2019_70_13;menestys;1
1328;70/2019;2019_70_13;miettimiseen;1
1328;70/2019;2019_70_13;miksi;1
1328;70/2019;2019_70_13;mikä;1
1328;70/2019;2019_70_13;ministerit;1
1328;70/2019;2019_70_13;minullakin;1
1328;70/2019;2019_70_13;minun;1
1328;70/2019;2019_70_13;miten;1
1328;70/2019;2019_70_13;muiden;1
1328;70/2019;2019_70_13;mukaan;1
1328;70/2019;2019_70_13;mutta;4
1328;70/2019;2019_70_13;muu;3
1328;70/2019;2019_70_13;muutokset;1
1328;70/2019;2019_70_13;myös;4
1328;70/2019;2019_70_13;myöskään;1
1328;70/2019;2019_70_13;määrän;1
1328;70/2019;2019_70_13;niin;2
1328;70/2019;2019_70_13;niitä;1
1328;70/2019;2019_70_13;nyt;5
1328;70/2019;2019_70_13;näkemys;1
1328;70/2019;2019_70_13;näyttää;1
1328;70/2019;2019_70_13;odotetaan;1
1328;70/2019;2019_70_13;ole;3
1328;70/2019;2019_70_13;olen;1
1328;70/2019;2019_70_13;olevan;1
1328;70/2019;2019_70_13;olisimme;1
1328;70/2019;2019_70_13;olla;4
1328;70/2019;2019_70_13;ollut;1
1328;70/2019;2019_70_13;oma;1
1328;70/2019;2019_70_13;omaan;1
1328;70/2019;2019_70_13;omaisille;1
1328;70/2019;2019_70_13;omat;1
1328;70/2019;2019_70_13;on;16
1328;70/2019;2019_70_13;onko;1
1328;70/2019;2019_70_13;osa;1
1328;70/2019;2019_70_13;osaa;1
1328;70/2019;2019_70_13;osoittamalla;1
1328;70/2019;2019_70_13;otan;1
1328;70/2019;2019_70_13;ovat;1
1328;70/2019;2019_70_13;paljon;1
1328;70/2019;2019_70_13;paperi;1
1328;70/2019;2019_70_13;paperissa;1
1328;70/2019;2019_70_13;paremmin;1
1328;70/2019;2019_70_13;parempi;2
1328;70/2019;2019_70_13;parempiin;1
1328;70/2019;2019_70_13;parhaimpansa;1
1328;70/2019;2019_70_13;pelaa;1
1328;70/2019;2019_70_13;pelaamme;1
1328;70/2019;2019_70_13;pelastaa;1
1328;70/2019;2019_70_13;pelata;2
1328;70/2019;2019_70_13;pelikirjansa;1
1328;70/2019;2019_70_13;pelitapaansa;1
1328;70/2019;2019_70_13;peliä;1
1328;70/2019;2019_70_13;perustuu;1
1328;70/2019;2019_70_13;perään;1
1328;70/2019;2019_70_13;pienuudesta;1
1328;70/2019;2019_70_13;pitäisi;2
1328;70/2019;2019_70_13;pitämiseen;1
1328;70/2019;2019_70_13;pitää;1
1328;70/2019;2019_70_13;poismenon;1
1328;70/2019;2019_70_13;porukka;1
1328;70/2019;2019_70_13;postilakkojen;1
1328;70/2019;2019_70_13;postilakon;1
1328;70/2019;2019_70_13;postin;1
1328;70/2019;2019_70_13;puhemies;3
1328;70/2019;2019_70_13;puitteissa;1
1328;70/2019;2019_70_13;pysyy;1
1328;70/2019;2019_70_13;rantakankaan;1
1328;70/2019;2019_70_13;ratkaisuja;1
1328;70/2019;2019_70_13;riittävästi;1
1328;70/2019;2019_70_13;rinnallaan;1
1328;70/2019;2019_70_13;rohkeitakin;1
1328;70/2019;2019_70_13;saadaan;1
1328;70/2019;2019_70_13;samaan;1
1328;70/2019;2019_70_13;saman;1
1328;70/2019;2019_70_13;samoin;1
1328;70/2019;2019_70_13;sanoin;1
1328;70/2019;2019_70_13;sattuisi;1
1328;70/2019;2019_70_13;se;10
1328;70/2019;2019_70_13;selkänoja;1
1328;70/2019;2019_70_13;sellaisia;1
1328;70/2019;2019_70_13;selvin;1
1328;70/2019;2019_70_13;selväksi;1
1328;70/2019;2019_70_13;sen;3
1328;70/2019;2019_70_13;seuraamisessa;1
1328;70/2019;2019_70_13;siihen;1
1328;70/2019;2019_70_13;siis;2
1328;70/2019;2019_70_13;siitä;1
1328;70/2019;2019_70_13;siksi;1
1328;70/2019;2019_70_13;sillä;1
1328;70/2019;2019_70_13;siltä;1
1328;70/2019;2019_70_13;sisäiseen;1
1328;70/2019;2019_70_13;sisäisellä;2
1328;70/2019;2019_70_13;sitä;1
1328;70/2019;2019_70_13;sooloilevia;1
1328;70/2019;2019_70_13;sovittuun;1
1328;70/2019;2019_70_13;sovitulla;1
1328;70/2019;2019_70_13;sparraamaan;1
1328;70/2019;2019_70_13;strategiansa;1
1328;70/2019;2019_70_13;suomalaisten;1
1328;70/2019;2019_70_13;suomella;1
1328;70/2019;2019_70_13;suomen;2
1328;70/2019;2019_70_13;suomi;1
1328;70/2019;2019_70_13;suoraan;1
1328;70/2019;2019_70_13;suoraselkäisesti;1
1328;70/2019;2019_70_13;suorituksia;2
1328;70/2019;2019_70_13;suorituksiin;1
1328;70/2019;2019_70_13;surunvalitteluni;1
1328;70/2019;2019_70_13;suuri;1
1328;70/2019;2019_70_13;suurin;1
1328;70/2019;2019_70_13;syy;2
1328;70/2019;2019_70_13;syystä;1
1328;70/2019;2019_70_13;tai;1
1328;70/2019;2019_70_13;takkuilee;1
1328;70/2019;2019_70_13;taktiikalla;1
1328;70/2019;2019_70_13;tapahtunut;1
1328;70/2019;2019_70_13;tarvitaan;1
1328;70/2019;2019_70_13;tarvitsee;1
1328;70/2019;2019_70_13;tarvittaessa;1
1328;70/2019;2019_70_13;tehdä;1
1328;70/2019;2019_70_13;tekemään;1
1328;70/2019;2019_70_13;tekivät;1
1328;70/2019;2019_70_13;tietää;1
1328;70/2019;2019_70_13;tilaisuuden;1
1328;70/2019;2019_70_13;tilanne;1
1328;70/2019;2019_70_13;toimeenpano;1
1328;70/2019;2019_70_13;toimenpiteitä;1
1328;70/2019;2019_70_13;toimia;1
1328;70/2019;2019_70_13;toimii;1
1328;70/2019;2019_70_13;toimintaympäristössä;1
1328;70/2019;2019_70_13;toisestakin;1
1328;70/2019;2019_70_13;tulevaisuudenuskoon;1
1328;70/2019;2019_70_13;tulevina;1
1328;70/2019;2019_70_13;tulla;1
1328;70/2019;2019_70_13;tuloksia;1
1328;70/2019;2019_70_13;tunnu;1
1328;70/2019;2019_70_13;turhan;1
1328;70/2019;2019_70_13;turvallisemmissa;1
1328;70/2019;2019_70_13;työehtojen;1
1328;70/2019;2019_70_13;työllisten;1
1328;70/2019;2019_70_13;tähtikentällinen;1
1328;70/2019;2019_70_13;tällaisten;1
1328;70/2019;2019_70_13;tällä;1
1328;70/2019;2019_70_13;tämän;3
1328;70/2019;2019_70_13;tänään;1
1328;70/2019;2019_70_13;tärkeää;1
1328;70/2019;2019_70_13;tässäkin;1
1328;70/2019;2019_70_13;töihin;1
1328;70/2019;2019_70_13;ulkopuolelta;1
1328;70/2019;2019_70_13;ulospäin;1
1328;70/2019;2019_70_13;usein;2
1328;70/2019;2019_70_13;uskaltaa;1
1328;70/2019;2019_70_13;usko;1
1328;70/2019;2019_70_13;uskota;1
1328;70/2019;2019_70_13;uskottavuutta;1
1328;70/2019;2019_70_13;vaan;2
1328;70/2019;2019_70_13;vai;1
1328;70/2019;2019_70_13;vaiheiden;1
1328;70/2019;2019_70_13;vaikka;2
1328;70/2019;2019_70_13;vaikutuksista;1
1328;70/2019;2019_70_13;valmennusta;1
1328;70/2019;2019_70_13;valmentamaan;1
1328;70/2019;2019_70_13;varmaan;1
1328;70/2019;2019_70_13;varmoja;1
1328;70/2019;2019_70_13;vasta;1
1328;70/2019;2019_70_13;vielä;1
1328;70/2019;2019_70_13;vihelletään;1
1328;70/2019;2019_70_13;virhekin;1
1328;70/2019;2019_70_13;visioita;1
1328;70/2019;2019_70_13;voi;2
1328;70/2019;2019_70_13;voin;1
1328;70/2019;2019_70_13;voisi;3
1328;70/2019;2019_70_13;voittoon;1
1328;70/2019;2019_70_13;vuoden;1
1328;70/2019;2019_70_13;vuosikymmeninä;1
1328;70/2019;2019_70_13;väliä;2
1328;70/2019;2019_70_13;yhteinen;1
1328;70/2019;2019_70_13;yhä;1
1328;70/2019;2019_70_13;yksi;1
1328;70/2019;2019_70_13;yksittäiset;1
1328;70/2019;2019_70_13;ystäville;1
1328;70/2021;2021_70_90;aikaiseksi;1
1328;70/2021;2021_70_90;ajetaan;1
1328;70/2021;2021_70_90;arvoisa;2
1328;70/2021;2021_70_90;arvostelemassa;1
1328;70/2021;2021_70_90;ei;2
1328;70/2021;2021_70_90;eihän;1
1328;70/2021;2021_70_90;ennusteettomassa;1
1328;70/2021;2021_70_90;erottua;1
1328;70/2021;2021_70_90;esitys;1
1328;70/2021;2021_70_90;euroopan;1
1328;70/2021;2021_70_90;eurooppaan;1
1328;70/2021;2021_70_90;finnair;1
1328;70/2021;2021_70_90;hakenut;1
1328;70/2021;2021_70_90;hallituksen;3
1328;70/2021;2021_70_90;hallitus;1
1328;70/2021;2021_70_90;heräävän;1
1328;70/2021;2021_70_90;ihmeessä;1
1328;70/2021;2021_70_90;ja;6
1328;70/2021;2021_70_90;jatkua;1
1328;70/2021;2021_70_90;jo;1
1328;70/2021;2021_70_90;joutuvat;1
1328;70/2021;2021_70_90;järkevää;1
1328;70/2021;2021_70_90;kaukoidän;1
1328;70/2021;2021_70_90;kautta;1
1328;70/2021;2021_70_90;koputtaa;1
1328;70/2021;2021_70_90;kukaan;1
1328;70/2021;2021_70_90;kun;1
1328;70/2021;2021_70_90;kööpenhaminan;1
1328;70/2021;2021_70_90;liiketoimintamalli;1
1328;70/2021;2021_70_90;liiketoimintansa;1
1328;70/2021;2021_70_90;luokaton;1
1328;70/2021;2021_70_90;luulisi;1
1328;70/2021;2021_70_90;maahantulomallista;1
1328;70/2021;2021_70_90;mallia;2
1328;70/2021;2021_70_90;mallilla;2
1328;70/2021;2021_70_90;matkailu;2
1328;70/2021;2021_70_90;matkailun;1
1328;70/2021;2021_70_90;mielenvaltaisessa;1
1328;70/2021;2021_70_90;miksi;1
1328;70/2021;2021_70_90;milloin;1
1328;70/2021;2021_70_90;mitään;1
1328;70/2021;2021_70_90;muiden;1
1328;70/2021;2021_70_90;mukana;1
1328;70/2021;2021_70_90;mutta;1
1328;70/2021;2021_70_90;normaaliin;1
1328;70/2021;2021_70_90;nyt;1
1328;70/2021;2021_70_90;näin;1
1328;70/2021;2021_70_90;oikeutta;1
1328;70/2021;2021_70_90;ole;1
1328;70/2021;2021_70_90;on;3
1328;70/2021;2021_70_90;paluusta;1
1328;70/2021;2021_70_90;perustuva;1
1328;70/2021;2021_70_90;pian;1
1328;70/2021;2021_70_90;pitää;1
1328;70/2021;2021_70_90;puhemies;2
1328;70/2021;2021_70_90;puolustamassa;1
1328;70/2021;2021_70_90;pääministeri;1
1328;70/2021;2021_70_90;pääsee;1
1328;70/2021;2021_70_90;ravintolat;2
1328;70/2021;2021_70_90;romuttuu;1
1328;70/2021;2021_70_90;saanut;1
1328;70/2021;2021_70_90;saavat;1
1328;70/2021;2021_70_90;sak;1
1328;70/2021;2021_70_90;se;1
1328;70/2021;2021_70_90;seinää;1
1328;70/2021;2021_70_90;selkeän;1
1328;70/2021;2021_70_90;selkä;1
1328;70/2021;2021_70_90;strategiaan;1
1328;70/2021;2021_70_90;suomen;1
1328;70/2021;2021_70_90;suomesta;1
1328;70/2021;2021_70_90;suunnitelmaa;1
1328;70/2021;2021_70_90;suunnitelman;1
1328;70/2021;2021_70_90;suunnittelemaan;1
1328;70/2021;2021_70_90;tai;1
1328;70/2021;2021_70_90;talman;1
1328;70/2021;2021_70_90;talouden;1
1328;70/2021;2021_70_90;tapahtumat;2
1328;70/2021;2021_70_90;tasapainoa;1
1328;70/2021;2021_70_90;tavalla;1
1328;70/2021;2021_70_90;tehdä;1
1328;70/2021;2021_70_90;terveyden;1
1328;70/2021;2021_70_90;tilanteessa;1
1328;70/2021;2021_70_90;tiukinta;1
1328;70/2021;2021_70_90;tukholman;1
1328;70/2021;2021_70_90;tule;1
1328;70/2021;2021_70_90;työntekijöiden;1
1328;70/2021;2021_70_90;tällä;2
1328;70/2021;2021_70_90;tänne;1
1328;70/2021;2021_70_90;täysin;2
1328;70/2021;2021_70_90;töitä;1
1328;70/2021;2021_70_90;vain;1
1328;70/2021;2021_70_90;vasemmistohallituksen;1
1328;70/2021;2021_70_90;vasten;1
1328;70/2021;2021_70_90;voi;1
1328;70/2021;2021_70_90;vuoden;1
1328;70/2021;2021_70_90;ärade;1
1328;71/2022;2022_71_94;aikana;1
1328;71/2022;2022_71_94;arvoisa;1
1328;71/2022;2022_71_94;ben;1
1328;71/2022;2022_71_94;budjetoineet;1
1328;71/2022;2022_71_94;ei;1
1328;71/2022;2022_71_94;eilen;1
1328;71/2022;2022_71_94;hoitajat;1
1328;71/2022;2022_71_94;ja;1
1328;71/2022;2022_71_94;jos;1
1328;71/2022;2022_71_94;jossa;1
1328;71/2022;2022_71_94;jotka;1
1328;71/2022;2022_71_94;korkeampia;1
1328;71/2022;2022_71_94;koska;1
1328;71/2022;2022_71_94;kuitenkaan;1
1328;71/2022;2022_71_94;kuitenkin;1
1328;71/2022;2022_71_94;kunnat;1
1328;71/2022;2022_71_94;kuntatyöntekijät;1
1328;71/2022;2022_71_94;kysyisinkin;1
1328;71/2022;2022_71_94;lopullinen;1
1328;71/2022;2022_71_94;ministeri;1
1328;71/2022;2022_71_94;mistä;1
1328;71/2022;2022_71_94;neuvotellaan;1
1328;71/2022;2022_71_94;nyt;1
1328;71/2022;2022_71_94;näihin;1
1328;71/2022;2022_71_94;nämä;2
1328;71/2022;2022_71_94;ole;1
1328;71/2022;2022_71_94;otetaan;1
1328;71/2022;2022_71_94;ovat;3
1328;71/2022;2022_71_94;paaterolta;1
1328;71/2022;2022_71_94;paljon;1
1328;71/2022;2022_71_94;palkankorotukset;2
1328;71/2022;2022_71_94;palkankorotuksia;1
1328;71/2022;2022_71_94;palkankorotuksiin;2
1328;71/2022;2022_71_94;plus;1
1328;71/2022;2022_71_94;prosenttia;3
1328;71/2022;2022_71_94;puhemies;1
1328;71/2022;2022_71_94;rahat;1
1328;71/2022;2022_71_94;sopimuksen;1
1328;71/2022;2022_71_94;sopimus;2
1328;71/2022;2022_71_94;tekivät;1
1328;71/2022;2022_71_94;toteutuvat;1
1328;71/2022;2022_71_94;tulevat;1
1328;71/2022;2022_71_94;tämä;2
1328;71/2022;2022_71_94;uudelleen;1
1328;71/2022;2022_71_94;vaatineet;1
1328;71/2022;2022_71_94;vain;1
1328;71/2022;2022_71_94;velaksi;1
1328;71/2022;2022_71_94;viiden;1
1328;71/2022;2022_71_94;vuoden;1
1328;71/2022;2022_71_94;zyskowicz;1
1328;72/2019;2019_72_58;aaltonen;1
1328;72/2019;2019_72_58;aika;1
1328;72/2019;2019_72_58;aikaiseksi;1
1328;72/2019;2019_72_58;arvoisa;1
1328;72/2019;2019_72_58;asiat;1
1328;72/2019;2019_72_58;avusta;1
1328;72/2019;2019_72_58;avustajat;1
1328;72/2019;2019_72_58;avustajia;1
1328;72/2019;2019_72_58;ay-liikkeiden;1
1328;72/2019;2019_72_58;eduskunnasta;1
1328;72/2019;2019_72_58;ei;2
1328;72/2019;2019_72_58;eikö;1
1328;72/2019;2019_72_58;eivät;1
1328;72/2019;2019_72_58;ensin;1
1328;72/2019;2019_72_58;eri;1
1328;72/2019;2019_72_58;että;1
1328;72/2019;2019_72_58;feldt-rannan;1
1328;72/2019;2019_72_58;finr;1
1328;72/2019;2019_72_58;hallituskaudella;1
1328;72/2019;2019_72_58;hankittiin;1
1328;72/2019;2019_72_58;hetkellä;1
1328;72/2019;2019_72_58;hoidetaan;1
1328;72/2019;2019_72_58;hoitoa;1
1328;72/2019;2019_72_58;huonosti;1
1328;72/2019;2019_72_58;ihan;1
1328;72/2019;2019_72_58;ihmiset;1
1328;72/2019;2019_72_58;ihmistä;2
1328;72/2019;2019_72_58;ja;5
1328;72/2019;2019_72_58;jhln;1
1328;72/2019;2019_72_58;johdosta;1
1328;72/2019;2019_72_58;joka;5
1328;72/2019;2019_72_58;jos;1
1328;72/2019;2019_72_58;jotka;1
1328;72/2019;2019_72_58;juttu;1
1328;72/2019;2019_72_58;kaksi;1
1328;72/2019;2019_72_58;kansanedustaja;1
1328;72/2019;2019_72_58;kertoja;1
1328;72/2019;2019_72_58;koputtaa;1
1328;72/2019;2019_72_58;kuitenkin;1
1328;72/2019;2019_72_58;kukkonen;1
1328;72/2019;2019_72_58;kun;1
1328;72/2019;2019_72_58;kuultiin;1
1328;72/2019;2019_72_58;kymmeniä;1
1328;72/2019;2019_72_58;kysyisin;1
1328;72/2019;2019_72_58;kädellä;1
1328;72/2019;2019_72_58;laajasti;1
1328;72/2019;2019_72_58;lakimies;1
1328;72/2019;2019_72_58;lauri;1
1328;72/2019;2019_72_58;löydetty;1
1328;72/2019;2019_72_58;maarit;1
1328;72/2019;2019_72_58;mahdollista;1
1328;72/2019;2019_72_58;ministereille;1
1328;72/2019;2019_72_58;ministeri;1
1328;72/2019;2019_72_58;minna;1
1328;72/2019;2019_72_58;miten;1
1328;72/2019;2019_72_58;mitä;2
1328;72/2019;2019_72_58;muut;1
1328;72/2019;2019_72_58;myös;1
1328;72/2019;2019_72_58;naurua;1
1328;72/2019;2019_72_58;neuvottelija;1
1328;72/2019;2019_72_58;näistä;1
1328;72/2019;2019_72_58;nämä;2
1328;72/2019;2019_72_58;oho;1
1328;72/2019;2019_72_58;oikeustieteiden;1
1328;72/2019;2019_72_58;ole;1
1328;72/2019;2019_72_58;olette;1
1328;72/2019;2019_72_58;ollut;1
1328;72/2019;2019_72_58;omistajaohjauksesta;1
1328;72/2019;2019_72_58;omistajaohjausministerin;1
1328;72/2019;2019_72_58;omistajaohjausyksikössä;1
1328;72/2019;2019_72_58;on;10
1328;72/2019;2019_72_58;onko;1
1328;72/2019;2019_72_58;osaaja;1
1328;72/2019;2019_72_58;osanottoni;1
1328;72/2019;2019_72_58;paatero;1
1328;72/2019;2019_72_58;paavali;1
1328;72/2019;2019_72_58;papereista;1
1328;72/2019;2019_72_58;poismenon;1
1328;72/2019;2019_72_58;postista;1
1328;72/2019;2019_72_58;puhemies;3
1328;72/2019;2019_72_58;päivämäärää;1
1328;72/2019;2019_72_58;pääministeri;1
1328;72/2019;2019_72_58;rinteeltä;1
1328;72/2019;2019_72_58;rouva;1
1328;72/2019;2019_72_58;saaneet;1
1328;72/2019;2019_72_58;salminen;1
1328;72/2019;2019_72_58;satoja;1
1328;72/2019;2019_72_58;se;2
1328;72/2019;2019_72_58;selvästi;1
1328;72/2019;2019_72_58;semmoinen;1
1328;72/2019;2019_72_58;semmoista;1
1328;72/2019;2019_72_58;sen;1
1328;72/2019;2019_72_58;siellä;1
1328;72/2019;2019_72_58;siinä;1
1328;72/2019;2019_72_58;sotkun;1
1328;72/2019;2019_72_58;takia;1
1328;72/2019;2019_72_58;te;1
1328;72/2019;2019_72_58;tehokkaampaa;1
1328;72/2019;2019_72_58;tehtävissä;1
1328;72/2019;2019_72_58;tehtävä;1
1328;72/2019;2019_72_58;teillä;2
1328;72/2019;2019_72_58;teitä;1
1328;72/2019;2019_72_58;tekevät;1
1328;72/2019;2019_72_58;toinen;1
1328;72/2019;2019_72_58;tällä;1
1328;72/2019;2019_72_58;tämmöisen;1
1328;72/2019;2019_72_58;tämä;1
1328;72/2019;2019_72_58;uusia;1
1328;72/2019;2019_72_58;vaatisi;1
1328;72/2019;2019_72_58;valmisteltu;1
1328;72/2019;2019_72_58;valtiosihteeri;1
1328;72/2019;2019_72_58;valtteri;1
1328;72/2019;2019_72_58;vasemmalla;1
1328;72/2019;2019_72_58;vastaavat;1
1328;72/2019;2019_72_58;vastasi;1
1328;72/2019;2019_72_58;veropoliittinen;1
1328;72/2019;2019_72_58;viime;1
1328;72/2019;2019_72_58;vähän;1
1328;72/2019;2019_72_58;yhtä;1
1328;72/2019;2019_72_58;yritystä;1
1328;73/2020;2020_73_48;aikaiseksi;1
1328;73/2020;2020_73_48;aikamerkki;1
1328;73/2020;2020_73_48;ajan;1
1328;73/2020;2020_73_48;ajattele;1
1328;73/2020;2020_73_48;alle;1
1328;73/2020;2020_73_48;apupakettia;1
1328;73/2020;2020_73_48;arvoisa;3
1328;73/2020;2020_73_48;asioita;1
1328;73/2020;2020_73_48;avata;1
1328;73/2020;2020_73_48;avataan;1
1328;73/2020;2020_73_48;edetään;1
1328;73/2020;2020_73_48;ei;2
1328;73/2020;2020_73_48;elävät;1
1328;73/2020;2020_73_48;ette;1
1328;73/2020;2020_73_48;ettekö;1
1328;73/2020;2020_73_48;että;2
1328;73/2020;2020_73_48;hallitus;2
1328;73/2020;2020_73_48;hankkia;1
1328;73/2020;2020_73_48;hoituu;1
1328;73/2020;2020_73_48;ihmisiä;1
1328;73/2020;2020_73_48;ilmoittaa;1
1328;73/2020;2020_73_48;itse;1
1328;73/2020;2020_73_48;ja;7
1328;73/2020;2020_73_48;joissa;1
1328;73/2020;2020_73_48;joissain;1
1328;73/2020;2020_73_48;jäädä;1
1328;73/2020;2020_73_48;kaikilla;1
1328;73/2020;2020_73_48;kaikki;1
1328;73/2020;2020_73_48;kello;1
1328;73/2020;2020_73_48;ketkä;2
1328;73/2020;2020_73_48;kiuru;1
1328;73/2020;2020_73_48;koko;1
1328;73/2020;2020_73_48;kokonaan;1
1328;73/2020;2020_73_48;koputtaa;1
1328;73/2020;2020_73_48;kurimuksessa;1
1328;73/2020;2020_73_48;kuukauden;1
1328;73/2020;2020_73_48;kuvittelette;1
1328;73/2020;2020_73_48;kysymys;1
1328;73/2020;2020_73_48;lomautetaan;1
1328;73/2020;2020_73_48;markkinoida;1
1328;73/2020;2020_73_48;miksi;3
1328;73/2020;2020_73_48;milloin;1
1328;73/2020;2020_73_48;ministeri;1
1328;73/2020;2020_73_48;missä;2
1328;73/2020;2020_73_48;miten;2
1328;73/2020;2020_73_48;muodoissa;1
1328;73/2020;2020_73_48;muodossa;1
1328;73/2020;2020_73_48;myös;1
1328;73/2020;2020_73_48;niiden;1
1328;73/2020;2020_73_48;nyt;4
1328;73/2020;2020_73_48;näitä;2
1328;73/2020;2020_73_48;nämä;1
1328;73/2020;2020_73_48;ole;2
1328;73/2020;2020_73_48;olen;1
1328;73/2020;2020_73_48;ollut;1
1328;73/2020;2020_73_48;on;3
1328;73/2020;2020_73_48;ovat;1
1328;73/2020;2020_73_48;paikoissa;1
1328;73/2020;2020_73_48;pitäisi;2
1328;73/2020;2020_73_48;puhemies;4
1328;73/2020;2020_73_48;päätitte;1
1328;73/2020;2020_73_48;päätöstä;1
1328;73/2020;2020_73_48;raaka-aineita;1
1328;73/2020;2020_73_48;raha;1
1328;73/2020;2020_73_48;ravintolat;2
1328;73/2020;2020_73_48;ravintolayrittäjiä;1
1328;73/2020;2020_73_48;ravintoloiden;1
1328;73/2020;2020_73_48;ravintoloita;1
1328;73/2020;2020_73_48;ravintoloitsija;1
1328;73/2020;2020_73_48;saaneet;1
1328;73/2020;2020_73_48;sellaisissa;1
1328;73/2020;2020_73_48;sitten;1
1328;73/2020;2020_73_48;sulkea;1
1328;73/2020;2020_73_48;tartunnat;1
1328;73/2020;2020_73_48;te;1
1328;73/2020;2020_73_48;tehdä;1
1328;73/2020;2020_73_48;tehnyt;1
1328;73/2020;2020_73_48;tiedän;1
1328;73/2020;2020_73_48;tiukassa;1
1328;73/2020;2020_73_48;tullut;1
1328;73/2020;2020_73_48;työntekijät;1
1328;73/2020;2020_73_48;työntekijöitä;1
1328;73/2020;2020_73_48;työvuorolistoja;1
1328;73/2020;2020_73_48;tämä;1
1328;73/2020;2020_73_48;töihin;1
1328;73/2020;2020_73_48;valmista;1
1328;73/2020;2020_73_48;vastaatteko;1
1328;73/2020;2020_73_48;vetkuttelette;1
1328;73/2020;2020_73_48;vieläkään;1
1328;73/2020;2020_73_48;viikko;1
1328;73/2020;2020_73_48;viikossa;1
1328;73/2020;2020_73_48;voida;1
1328;73/2020;2020_73_48;voivat;1
1328;73/2020;2020_73_48;vähentyneet;1
1328;73/2020;2020_73_48;vähän;1
1328;73/2020;2020_73_48;yli;1
1328;73/2022;2022_73_55;aina;3
1328;73/2022;2022_73_55;ajaa;1
1328;73/2022;2022_73_55;alas;1
1328;73/2022;2022_73_55;alennetaan;1
1328;73/2022;2022_73_55;alhaisin;1
1328;73/2022;2022_73_55;alla;1
1328;73/2022;2022_73_55;arvoisa;4
1328;73/2022;2022_73_55;asukasta;1
1328;73/2022;2022_73_55;asuntolainansa;1
1328;73/2022;2022_73_55;autoillaan;1
1328;73/2022;2022_73_55;avata;1
1328;73/2022;2022_73_55;bkthen;1
1328;73/2022;2022_73_55;bruttokansantuote;1
1328;73/2022;2022_73_55;budjetissa;1
1328;73/2022;2022_73_55;eduskuntavaalien;1
1328;73/2022;2022_73_55;ei;5
1328;73/2022;2022_73_55;eihän;1
1328;73/2022;2022_73_55;eikä;1
1328;73/2022;2022_73_55;eivät;2
1328;73/2022;2022_73_55;eli;3
1328;73/2022;2022_73_55;emme;3
1328;73/2022;2022_73_55;en;1
1328;73/2022;2022_73_55;enemmistö;1
1328;73/2022;2022_73_55;eniten;2
1328;73/2022;2022_73_55;ensitöikseen;1
1328;73/2022;2022_73_55;enää;2
1328;73/2022;2022_73_55;esimerkki;1
1328;73/2022;2022_73_55;eteen;1
1328;73/2022;2022_73_55;ettei;1
1328;73/2022;2022_73_55;että;7
1328;73/2022;2022_73_55;euroa;1
1328;73/2022;2022_73_55;hallituksella;1
1328;73/2022;2022_73_55;hallituksissa;1
1328;73/2022;2022_73_55;hallitus;3
1328;73/2022;2022_73_55;halua;3
1328;73/2022;2022_73_55;haluavat;1
1328;73/2022;2022_73_55;harrastuksiin;1
1328;73/2022;2022_73_55;heidänkin;1
1328;73/2022;2022_73_55;heikko;1
1328;73/2022;2022_73_55;heittää;1
1328;73/2022;2022_73_55;hiljainen;1
1328;73/2022;2022_73_55;hinnat;1
1328;73/2022;2022_73_55;hintansa;1
1328;73/2022;2022_73_55;hoidettavaksi;1
1328;73/2022;2022_73_55;hoitajat;1
1328;73/2022;2022_73_55;hoitajien;2
1328;73/2022;2022_73_55;huolia;1
1328;73/2022;2022_73_55;hyvinvointialueille;1
1328;73/2022;2022_73_55;hyvä;1
1328;73/2022;2022_73_55;hän;1
1328;73/2022;2022_73_55;ihmiset;1
1328;73/2022;2022_73_55;ihmisiä;1
1328;73/2022;2022_73_55;ihmisten;1
1328;73/2022;2022_73_55;ikäviä;2
1328;73/2022;2022_73_55;investointeihin;1
1328;73/2022;2022_73_55;itse;1
1328;73/2022;2022_73_55;itsenäisenä;1
1328;73/2022;2022_73_55;iäkkäin;1
1328;73/2022;2022_73_55;ja;22
1328;73/2022;2022_73_55;jatkua;1
1328;73/2022;2022_73_55;jatkunut;1
1328;73/2022;2022_73_55;jo;1
1328;73/2022;2022_73_55;johtaa;1
1328;73/2022;2022_73_55;johtajuutta;1
1328;73/2022;2022_73_55;joka;1
1328;73/2022;2022_73_55;joko;1
1328;73/2022;2022_73_55;joku;1
1328;73/2022;2022_73_55;jos;1
1328;73/2022;2022_73_55;jossa;1
1328;73/2022;2022_73_55;josta;1
1328;73/2022;2022_73_55;joutuu;1
1328;73/2022;2022_73_55;julkinen;1
1328;73/2022;2022_73_55;julkiseen;1
1328;73/2022;2022_73_55;julkisen;3
1328;73/2022;2022_73_55;jättää;2
1328;73/2022;2022_73_55;jää;1
1328;73/2022;2022_73_55;jäämässä;1
1328;73/2022;2022_73_55;jäänyt;1
1328;73/2022;2022_73_55;kaikkemme;1
1328;73/2022;2022_73_55;kaikki;2
1328;73/2022;2022_73_55;kannattaa;1
1328;73/2022;2022_73_55;kannattaisi;1
1328;73/2022;2022_73_55;kannattavaa;1
1328;73/2022;2022_73_55;kannatuksensa;1
1328;73/2022;2022_73_55;kannustaa;1
1328;73/2022;2022_73_55;kannustamaan;1
1328;73/2022;2022_73_55;kantaa;1
1328;73/2022;2022_73_55;kapinaan;1
1328;73/2022;2022_73_55;kasvaa;1
1328;73/2022;2022_73_55;kasvuun;1
1328;73/2022;2022_73_55;keskiluokan;1
1328;73/2022;2022_73_55;ketjureaktio;1
1328;73/2022;2022_73_55;kohden;1
1328;73/2022;2022_73_55;kokemuksesta;1
1328;73/2022;2022_73_55;kokonaan;2
1328;73/2022;2022_73_55;kolmen;1
1328;73/2022;2022_73_55;konkurssi;1
1328;73/2022;2022_73_55;korko;2
1328;73/2022;2022_73_55;korkoa;1
1328;73/2022;2022_73_55;korkoja;1
1328;73/2022;2022_73_55;korkokustannuksia;1
1328;73/2022;2022_73_55;korot;1
1328;73/2022;2022_73_55;kriisitietoisuus;1
1328;73/2022;2022_73_55;kuihtuu;1
1328;73/2022;2022_73_55;kuin;1
1328;73/2022;2022_73_55;kuluja;2
1328;73/2022;2022_73_55;kun;6
1328;73/2022;2022_73_55;kunta-alan;1
1328;73/2022;2022_73_55;kuuluvat;1
1328;73/2022;2022_73_55;kuunnella;1
1328;73/2022;2022_73_55;kyllä;1
1328;73/2022;2022_73_55;kymmenen;1
1328;73/2022;2022_73_55;kysymyksessä;1
1328;73/2022;2022_73_55;käy;1
1328;73/2022;2022_73_55;käymään;1
1328;73/2022;2022_73_55;köyhtyvät;1
1328;73/2022;2022_73_55;lainaa;1
1328;73/2022;2022_73_55;lainan;1
1328;73/2022;2022_73_55;lainojen;2
1328;73/2022;2022_73_55;lamasta;1
1328;73/2022;2022_73_55;lapsia;1
1328;73/2022;2022_73_55;lapsillemme;2
1328;73/2022;2022_73_55;lastenlapsillemme;1
1328;73/2022;2022_73_55;liian;2
1328;73/2022;2022_73_55;lisäsi;1
1328;73/2022;2022_73_55;lisätä;1
1328;73/2022;2022_73_55;lisää;2
1328;73/2022;2022_73_55;lopettaa;1
1328;73/2022;2022_73_55;maan;1
1328;73/2022;2022_73_55;maksaa;5
1328;73/2022;2022_73_55;maksamaan;1
1328;73/2022;2022_73_55;maksetaan;1
1328;73/2022;2022_73_55;markkinataloudessa;1
1328;73/2022;2022_73_55;meidän;2
1328;73/2022;2022_73_55;meillä;3
1328;73/2022;2022_73_55;meiltä;1
1328;73/2022;2022_73_55;menemään;1
1328;73/2022;2022_73_55;meno;1
1328;73/2022;2022_73_55;menoja;1
1328;73/2022;2022_73_55;mikä;2
1328;73/2022;2022_73_55;miljardia;2
1328;73/2022;2022_73_55;miljoonilla;1
1328;73/2022;2022_73_55;minä;1
1328;73/2022;2022_73_55;missä;1
1328;73/2022;2022_73_55;missään;1
1328;73/2022;2022_73_55;mitenkään;1
1328;73/2022;2022_73_55;mitkä;1
1328;73/2022;2022_73_55;mittansa;1
1328;73/2022;2022_73_55;mitään;2
1328;73/2022;2022_73_55;muistaa;1
1328;73/2022;2022_73_55;mukana;1
1328;73/2022;2022_73_55;mutta;4
1328;73/2022;2022_73_55;muu;1
1328;73/2022;2022_73_55;muussa;1
1328;73/2022;2022_73_55;myös;3
1328;73/2022;2022_73_55;ne;3
1328;73/2022;2022_73_55;niihin;1
1328;73/2022;2022_73_55;niin;1
1328;73/2022;2022_73_55;niinistö;1
1328;73/2022;2022_73_55;niinistön;1
1328;73/2022;2022_73_55;nimi;2
1328;73/2022;2022_73_55;nostaa;1
1328;73/2022;2022_73_55;nostamassa;1
1328;73/2022;2022_73_55;nostetaan;1
1328;73/2022;2022_73_55;nousevat;2
1328;73/2022;2022_73_55;nyt;6
1328;73/2022;2022_73_55;nähdä;1
1328;73/2022;2022_73_55;näin;3
1328;73/2022;2022_73_55;näissä;1
1328;73/2022;2022_73_55;näitä;1
1328;73/2022;2022_73_55;oikeasti;1
1328;73/2022;2022_73_55;ole;4
1328;73/2022;2022_73_55;olemme;1
1328;73/2022;2022_73_55;oli;3
1328;73/2022;2022_73_55;olivat;1
1328;73/2022;2022_73_55;olla;2
1328;73/2022;2022_73_55;ollut;1
1328;73/2022;2022_73_55;on;21
1328;73/2022;2022_73_55;osaa;1
1328;73/2022;2022_73_55;ostovoima;1
1328;73/2022;2022_73_55;ottaa;3
1328;73/2022;2022_73_55;ovat;1
1328;73/2022;2022_73_55;palkalla;1
1328;73/2022;2022_73_55;palkat;3
1328;73/2022;2022_73_55;palkkaamaan;1
1328;73/2022;2022_73_55;palkkaratkaisu;1
1328;73/2022;2022_73_55;palkkaratkaisuihin;1
1328;73/2022;2022_73_55;palkkaveturina;1
1328;73/2022;2022_73_55;palkkoja;1
1328;73/2022;2022_73_55;pandemiaan;1
1328;73/2022;2022_73_55;paremmin;1
1328;73/2022;2022_73_55;pelissä;1
1328;73/2022;2022_73_55;pelkästään;1
1328;73/2022;2022_73_55;perintöä;1
1328;73/2022;2022_73_55;perustellaan;1
1328;73/2022;2022_73_55;pian;1
1328;73/2022;2022_73_55;pienin;1
1328;73/2022;2022_73_55;piti;1
1328;73/2022;2022_73_55;pitkään;1
1328;73/2022;2022_73_55;pitää;6
1328;73/2022;2022_73_55;pohjoismaiden;1
1328;73/2022;2022_73_55;presidentti;1
1328;73/2022;2022_73_55;prosenttia;6
1328;73/2022;2022_73_55;puhemies;4
1328;73/2022;2022_73_55;puhui;1
1328;73/2022;2022_73_55;puhuu;1
1328;73/2022;2022_73_55;puolen;2
1328;73/2022;2022_73_55;puolestamme;1
1328;73/2022;2022_73_55;puolueiden;1
1328;73/2022;2022_73_55;puolueista;1
1328;73/2022;2022_73_55;puuttua;1
1328;73/2022;2022_73_55;puuttuu;1
1328;73/2022;2022_73_55;pystyä;1
1328;73/2022;2022_73_55;pysyviä;2
1328;73/2022;2022_73_55;päätöksenteossa;1
1328;73/2022;2022_73_55;päätöksiä;3
1328;73/2022;2022_73_55;rakentaneet;1
1328;73/2022;2022_73_55;reagoida;1
1328;73/2022;2022_73_55;ruokakaupoissa;1
1328;73/2022;2022_73_55;ruotsin;1
1328;73/2022;2022_73_55;saatava;1
1328;73/2022;2022_73_55;saati;1
1328;73/2022;2022_73_55;saatte;1
1328;73/2022;2022_73_55;sadoilla;1
1328;73/2022;2022_73_55;salissa;1
1328;73/2022;2022_73_55;sanoa;1
1328;73/2022;2022_73_55;sanoin;1
1328;73/2022;2022_73_55;sanoo;1
1328;73/2022;2022_73_55;sauli;1
1328;73/2022;2022_73_55;se;9
1328;73/2022;2022_73_55;selkäranka;1
1328;73/2022;2022_73_55;selvittyä;1
1328;73/2022;2022_73_55;selvää;1
1328;73/2022;2022_73_55;sen;1
1328;73/2022;2022_73_55;seuraavien;1
1328;73/2022;2022_73_55;siihen;1
1328;73/2022;2022_73_55;siirtyvät;1
1328;73/2022;2022_73_55;siitä;1
1328;73/2022;2022_73_55;sitten;1
1328;73/2022;2022_73_55;sitä;2
1328;73/2022;2022_73_55;sopimusta;2
1328;73/2022;2022_73_55;sopimusten;1
1328;73/2022;2022_73_55;sormensa;1
1328;73/2022;2022_73_55;sotaan;1
1328;73/2022;2022_73_55;suhteessa;1
1328;73/2022;2022_73_55;sukupolvien;1
1328;73/2022;2022_73_55;suomalaiset;1
1328;73/2022;2022_73_55;suomea;1
1328;73/2022;2022_73_55;suomen;3
1328;73/2022;2022_73_55;suunnitelmilla;1
1328;73/2022;2022_73_55;syksyllä;1
1328;73/2022;2022_73_55;syntyy;1
1328;73/2022;2022_73_55;säilymme;1
1328;73/2022;2022_73_55;säilyttää;1
1328;73/2022;2022_73_55;säästöt;1
1328;73/2022;2022_73_55;tahansa;1
1328;73/2022;2022_73_55;tai;2
1328;73/2022;2022_73_55;talman;4
1328;73/2022;2022_73_55;taloudellinen;1
1328;73/2022;2022_73_55;taloudellisesti;1
1328;73/2022;2022_73_55;talouden;1
1328;73/2022;2022_73_55;taloudesta;1
1328;73/2022;2022_73_55;talous;1
1328;73/2022;2022_73_55;talouteen;1
1328;73/2022;2022_73_55;tanskan;1
1328;73/2022;2022_73_55;tarvitaan;1
1328;73/2022;2022_73_55;tarvittavia;1
1328;73/2022;2022_73_55;tasavallan;1
1328;73/2022;2022_73_55;tee;1
1328;73/2022;2022_73_55;tehdä;1
1328;73/2022;2022_73_55;tehtävä;1
1328;73/2022;2022_73_55;tekee;1
1328;73/2022;2022_73_55;tekemisen;1
1328;73/2022;2022_73_55;tekemättä;1
1328;73/2022;2022_73_55;tekemään;1
1328;73/2022;2022_73_55;toimeen;1
1328;73/2022;2022_73_55;toimia;1
1328;73/2022;2022_73_55;toimivat;1
1328;73/2022;2022_73_55;tulee;3
1328;73/2022;2022_73_55;tulevaisuusinvestoinneista;1
1328;73/2022;2022_73_55;tulevien;1
1328;73/2022;2022_73_55;tulla;1
1328;73/2022;2022_73_55;tulopuoli;1
1328;73/2022;2022_73_55;tuloveroja;1
1328;73/2022;2022_73_55;tuore;1
1328;73/2022;2022_73_55;tuuletella;1
1328;73/2022;2022_73_55;tuuletettiin;1
1328;73/2022;2022_73_55;työllisyysasteemme;1
1328;73/2022;2022_73_55;työmarkkinakysymys;1
1328;73/2022;2022_73_55;työmarkkinoille;1
1328;73/2022;2022_73_55;työn;1
1328;73/2022;2022_73_55;työrauhaa;1
1328;73/2022;2022_73_55;työrauhalla;1
1328;73/2022;2022_73_55;työssäkäyvät;1
1328;73/2022;2022_73_55;tällaista;1
1328;73/2022;2022_73_55;tämä;3
1328;73/2022;2022_73_55;tämän;1
1328;73/2022;2022_73_55;tänä;1
1328;73/2022;2022_73_55;tässä;1
1328;73/2022;2022_73_55;tätä;1
1328;73/2022;2022_73_55;täyteen;1
1328;73/2022;2022_73_55;töihin;2
1328;73/2022;2022_73_55;töitä;1
1328;73/2022;2022_73_55;ukrainan;1
1328;73/2022;2022_73_55;uutta;1
1328;73/2022;2022_73_55;vaan;1
1328;73/2022;2022_73_55;vahvaa;1
1328;73/2022;2022_73_55;vaiheissa;1
1328;73/2022;2022_73_55;vaikka;2
1328;73/2022;2022_73_55;valtio;3
1328;73/2022;2022_73_55;valtiovarainministerinä;1
1328;73/2022;2022_73_55;vanhoista;1
1328;73/2022;2022_73_55;vanhojen;1
1328;73/2022;2022_73_55;varauduttu;1
1328;73/2022;2022_73_55;varmaan;1
1328;73/2022;2022_73_55;varmasti;1
1328;73/2022;2022_73_55;vastuu;2
1328;73/2022;2022_73_55;vastuunkantoa;1
1328;73/2022;2022_73_55;velka;1
1328;73/2022;2022_73_55;velkaa;4
1328;73/2022;2022_73_55;velkaantuminen;1
1328;73/2022;2022_73_55;velkapommin;1
1328;73/2022;2022_73_55;velkaraha;1
1328;73/2022;2022_73_55;velkarahalla;2
1328;73/2022;2022_73_55;velkasuhde;1
1328;73/2022;2022_73_55;velkavuori;1
1328;73/2022;2022_73_55;veronsa;1
1328;73/2022;2022_73_55;vesilintua;1
1328;73/2022;2022_73_55;vie;1
1328;73/2022;2022_73_55;vielä;2
1328;73/2022;2022_73_55;vientialojen;1
1328;73/2022;2022_73_55;viimeisin;1
1328;73/2022;2022_73_55;voi;5
1328;73/2022;2022_73_55;voidaan;1
1328;73/2022;2022_73_55;voin;1
1328;73/2022;2022_73_55;vuoden;2
1328;73/2022;2022_73_55;vuodenvaihteessa;1
1328;73/2022;2022_73_55;vuonna;1
1328;73/2022;2022_73_55;vuosi;1
1328;73/2022;2022_73_55;vuosien;1
1328;73/2022;2022_73_55;vuotta;1
1328;73/2022;2022_73_55;väestömme;1
1328;73/2022;2022_73_55;väkeä;1
1328;73/2022;2022_73_55;yksinkertaisesti;1
1328;73/2022;2022_73_55;yli;1
1328;73/2022;2022_73_55;ymmärtävät;1
1328;73/2022;2022_73_55;yrittäjät;1
1328;73/2022;2022_73_55;yrittää;1
1328;73/2022;2022_73_55;yrityksiä;1
1328;73/2022;2022_73_55;ärade;4
1328;73/2023;2023_73_484;aikaa;1
1328;73/2023;2023_73_484;arvoisa;1
1328;73/2023;2023_73_484;asiaa;1
1328;73/2023;2023_73_484;avataan;1
1328;73/2023;2023_73_484;ei;1
1328;73/2023;2023_73_484;eihän;1
1328;73/2023;2023_73_484;eilen;1
1328;73/2023;2023_73_484;eräs;1
1328;73/2023;2023_73_484;että;3
1328;73/2023;2023_73_484;etu;1
1328;73/2023;2023_73_484;hallituksella;1
1328;73/2023;2023_73_484;he;1
1328;73/2023;2023_73_484;heinonen;1
1328;73/2023;2023_73_484;hän;1
1328;73/2023;2023_73_484;hännisen;1
1328;73/2023;2023_73_484;ja;3
1328;73/2023;2023_73_484;jojo-liike;1
1328;73/2023;2023_73_484;joku;1
1328;73/2023;2023_73_484;jos;1
1328;73/2023;2023_73_484;juha;1
1328;73/2023;2023_73_484;keitä;1
1328;73/2023;2023_73_484;kenenkään;1
1328;73/2023;2023_73_484;kiinni;1
1328;73/2023;2023_73_484;koska;1
1328;73/2023;2023_73_484;kun;2
1328;73/2023;2023_73_484;kysyisin;2
1328;73/2023;2023_73_484;lapset;1
1328;73/2023;2023_73_484;lista;1
1328;73/2023;2023_73_484;mahdollista;1
1328;73/2023;2023_73_484;ministeri;1
1328;73/2023;2023_73_484;naiset;1
1328;73/2023;2023_73_484;ne;1
1328;73/2023;2023_73_484;niin;1
1328;73/2023;2023_73_484;nythän;1
1328;73/2023;2023_73_484;ole;1
1328;73/2023;2023_73_484;olette;1
1328;73/2023;2023_73_484;onko;3
1328;73/2023;2023_73_484;pakkanen;1
1328;73/2023;2023_73_484;pidemmäksi;1
1328;73/2023;2023_73_484;presidentti;1
1328;73/2023;2023_73_484;presidenttiehdokas;1
1328;73/2023;2023_73_484;puhemies;1
1328;73/2023;2023_73_484;päästävät;1
1328;73/2023;2023_73_484;päästää;1
1328;73/2023;2023_73_484;päätä;1
1328;73/2023;2023_73_484;raja;1
1328;73/2023;2023_73_484;rajat;1
1328;73/2023;2023_73_484;rajoja;1
1328;73/2023;2023_73_484;rantanen;1
1328;73/2023;2023_73_484;sanoi;1
1328;73/2023;2023_73_484;se;1
1328;73/2023;2023_73_484;semmoinen;1
1328;73/2023;2023_73_484;semmoista;1
1328;73/2023;2023_73_484;sisään;2
1328;73/2023;2023_73_484;suljetaan;2
1328;73/2023;2023_73_484;suljettaisiin;1
1328;73/2023;2023_73_484;sulkemassa;1
1328;73/2023;2023_73_484;talman;1
1328;73/2023;2023_73_484;teiltä;1
1328;73/2023;2023_73_484;timo;1
1328;73/2023;2023_73_484;toiseksi;1
1328;73/2023;2023_73_484;tulee;2
1328;73/2023;2023_73_484;tänään;1
1328;73/2023;2023_73_484;tästä;1
1328;73/2023;2023_73_484;vai;1
1328;73/2023;2023_73_484;vanhukset;1
1328;73/2023;2023_73_484;varmaan;1
1328;73/2023;2023_73_484;vähän;1
1328;73/2023;2023_73_484;välihuuto;1
1328;73/2023;2023_73_484;ärade;1
1328;74/2021;2021_74_102;antaa;1
1328;74/2021;2021_74_102;arvoisa;1
1328;74/2021;2021_74_102;ei;2
1328;74/2021;2021_74_102;elämään;1
1328;74/2021;2021_74_102;ensimmäisen;1
1328;74/2021;2021_74_102;epätietoisia;1
1328;74/2021;2021_74_102;etenevät;1
1328;74/2021;2021_74_102;ettei;1
1328;74/2021;2021_74_102;että;1
1328;74/2021;2021_74_102;euroopassa;1
1328;74/2021;2021_74_102;eussa;1
1328;74/2021;2021_74_102;hallituksella;1
1328;74/2021;2021_74_102;hallitus;1
1328;74/2021;2021_74_102;hoidettu;1
1328;74/2021;2021_74_102;ihmetellä;1
1328;74/2021;2021_74_102;ja;7
1328;74/2021;2021_74_102;jos;1
1328;74/2021;2021_74_102;jotka;1
1328;74/2021;2021_74_102;joutuvat;1
1328;74/2021;2021_74_102;julki;1
1328;74/2021;2021_74_102;karanteeniin;1
1328;74/2021;2021_74_102;kauppaan;1
1328;74/2021;2021_74_102;kerrotaan;1
1328;74/2021;2021_74_102;kevät;1
1328;74/2021;2021_74_102;kevään;1
1328;74/2021;2021_74_102;koko;1
1328;74/2021;2021_74_102;kolmeksi;1
1328;74/2021;2021_74_102;korona;1
1328;74/2021;2021_74_102;koska;1
1328;74/2021;2021_74_102;kovasti;1
1328;74/2021;2021_74_102;kovilla;1
1328;74/2021;2021_74_102;kuin;1
1328;74/2021;2021_74_102;kuka;1
1328;74/2021;2021_74_102;kun;3
1328;74/2021;2021_74_102;kurissa;1
1328;74/2021;2021_74_102;laivaliikenne;1
1328;74/2021;2021_74_102;malliin;1
1328;74/2021;2021_74_102;matkailu;1
1328;74/2021;2021_74_102;meillä;1
1328;74/2021;2021_74_102;miettikää;1
1328;74/2021;2021_74_102;miksi;1
1328;74/2021;2021_74_102;mitata;1
1328;74/2021;2021_74_102;miten;1
1328;74/2021;2021_74_102;mitenkään;1
1328;74/2021;2021_74_102;mitään;1
1328;74/2021;2021_74_102;mutta;1
1328;74/2021;2021_74_102;muualla;1
1328;74/2021;2021_74_102;muuttaa;1
1328;74/2021;2021_74_102;myyntimiehet;1
1328;74/2021;2021_74_102;niitä;1
1328;74/2021;2021_74_102;normaaliin;1
1328;74/2021;2021_74_102;nyt;1
1328;74/2021;2021_74_102;näitä;1
1328;74/2021;2021_74_102;nämä;1
1328;74/2021;2021_74_102;ole;1
1328;74/2021;2021_74_102;olleet;1
1328;74/2021;2021_74_102;ollut;1
1328;74/2021;2021_74_102;on;4
1328;74/2021;2021_74_102;ovat;2
1328;74/2021;2021_74_102;pakkotestiin;1
1328;74/2021;2021_74_102;palaavat;1
1328;74/2021;2021_74_102;paljastunut;1
1328;74/2021;2021_74_102;paluusta;1
1328;74/2021;2021_74_102;pandemia;1
1328;74/2021;2021_74_102;parhaiten;1
1328;74/2021;2021_74_102;pitäisi;1
1328;74/2021;2021_74_102;poistetaan;1
1328;74/2021;2021_74_102;puhemies;1
1328;74/2021;2021_74_102;pysyi;1
1328;74/2021;2021_74_102;päiväksi;1
1328;74/2021;2021_74_102;rajoilla;1
1328;74/2021;2021_74_102;rajoitukset;1
1328;74/2021;2021_74_102;rajoituksia;1
1328;74/2021;2021_74_102;rajoituksilla;1
1328;74/2021;2021_74_102;ravintolat;1
1328;74/2021;2021_74_102;rokotukset;1
1328;74/2021;2021_74_102;ruotsissa;1
1328;74/2021;2021_74_102;samaan;1
1328;74/2021;2021_74_102;sanottu;1
1328;74/2021;2021_74_102;se;1
1328;74/2021;2021_74_102;sekä;1
1328;74/2021;2021_74_102;selkeästi;1
1328;74/2021;2021_74_102;sellaisia;1
1328;74/2021;2021_74_102;sellaista;1
1328;74/2021;2021_74_102;siirrytä;1
1328;74/2021;2021_74_102;sitten;1
1328;74/2021;2021_74_102;suomeen;1
1328;74/2021;2021_74_102;suomen;1
1328;74/2021;2021_74_102;suomessa;1
1328;74/2021;2021_74_102;suunnitelmaa;1
1328;74/2021;2021_74_102;suunnitelmat;1
1328;74/2021;2021_74_102;sähläämistä;1
1328;74/2021;2021_74_102;talman;1
1328;74/2021;2021_74_102;tapahtumat;1
1328;74/2021;2021_74_102;tartunnat;1
1328;74/2021;2021_74_102;tarvitse;1
1328;74/2021;2021_74_102;tietää;1
1328;74/2021;2021_74_102;tämä;1
1328;74/2021;2021_74_102;täysin;1
1328;74/2021;2021_74_102;täyttä;1
1328;74/2021;2021_74_102;vaikeuksissa;1
1328;74/2021;2021_74_102;vaikka;1
1328;74/2021;2021_74_102;vaikuttaa;1
1328;74/2021;2021_74_102;varsinkin;1
1328;74/2021;2021_74_102;vauhdilla;1
1328;74/2021;2021_74_102;vielä;1
1328;74/2021;2021_74_102;vienti;1
1328;74/2021;2021_74_102;voi;2
1328;74/2021;2021_74_102;vuoden;1
1328;74/2021;2021_74_102;vähenevät;1
1328;74/2021;2021_74_102;ymmärtää;1
1328;74/2021;2021_74_102;ärade;1
1328;75/2019;2019_75_13;aiempien;1
1328;75/2019;2019_75_13;aina;2
1328;75/2019;2019_75_13;ajoittain;1
1328;75/2019;2019_75_13;aloitettiin;1
1328;75/2019;2019_75_13;alusta;1
1328;75/2019;2019_75_13;arvoisa;2
1328;75/2019;2019_75_13;arvoista;1
1328;75/2019;2019_75_13;arvostusta;1
1328;75/2019;2019_75_13;autettiin;1
1328;75/2019;2019_75_13;auttamisella;1
1328;75/2019;2019_75_13;edelleen;3
1328;75/2019;2019_75_13;edessä;1
1328;75/2019;2019_75_13;eduskuntaryhmien;1
1328;75/2019;2019_75_13;ei;2
1328;75/2019;2019_75_13;ellemme;1
1328;75/2019;2019_75_13;emme;1
1328;75/2019;2019_75_13;eri;1
1328;75/2019;2019_75_13;erityisen;1
1328;75/2019;2019_75_13;erityisesti;1
1328;75/2019;2019_75_13;eteen;1
1328;75/2019;2019_75_13;että;1
1328;75/2019;2019_75_13;fyysistä;1
1328;75/2019;2019_75_13;haasteista;1
1328;75/2019;2019_75_13;heiltä;1
1328;75/2019;2019_75_13;heitä;2
1328;75/2019;2019_75_13;helpompi;1
1328;75/2019;2019_75_13;henkistä;1
1328;75/2019;2019_75_13;heti;1
1328;75/2019;2019_75_13;hyville;1
1328;75/2019;2019_75_13;hyvä;1
1328;75/2019;2019_75_13;hän;1
1328;75/2019;2019_75_13;hänen;1
1328;75/2019;2019_75_13;ihmisillä;1
1328;75/2019;2019_75_13;ihmisistä;1
1328;75/2019;2019_75_13;isäni;1
1328;75/2019;2019_75_13;isänmaan;2
1328;75/2019;2019_75_13;isästäni;1
1328;75/2019;2019_75_13;ja;17
1328;75/2019;2019_75_13;jo;1
1328;75/2019;2019_75_13;jokaisen;2
1328;75/2019;2019_75_13;jotka;2
1328;75/2019;2019_75_13;jälkeen;2
1328;75/2019;2019_75_13;jälleenrakennuksen;2
1328;75/2019;2019_75_13;jätetä;1
1328;75/2019;2019_75_13;jääneiden;1
1328;75/2019;2019_75_13;kaikki;1
1328;75/2019;2019_75_13;kaikkien;1
1328;75/2019;2019_75_13;kantautuvat;1
1328;75/2019;2019_75_13;kasvoi;1
1328;75/2019;2019_75_13;kasvoina;1
1328;75/2019;2019_75_13;katsomme;2
1328;75/2019;2019_75_13;kaveria;1
1328;75/2019;2019_75_13;keskuudessa;1
1328;75/2019;2019_75_13;keskuudessamme;1
1328;75/2019;2019_75_13;kestäneiden;1
1328;75/2019;2019_75_13;kestävä;1
1328;75/2019;2019_75_13;kestää;1
1328;75/2019;2019_75_13;koettelemukset;1
1328;75/2019;2019_75_13;kohdatuista;1
1328;75/2019;2019_75_13;kohtaan;1
1328;75/2019;2019_75_13;kokemien;1
1328;75/2019;2019_75_13;kokemuksista;1
1328;75/2019;2019_75_13;kokemus;1
1328;75/2019;2019_75_13;kotiin;1
1328;75/2019;2019_75_13;kovaa;1
1328;75/2019;2019_75_13;kovalla;1
1328;75/2019;2019_75_13;kuin;1
1328;75/2019;2019_75_13;kulunut;1
1328;75/2019;2019_75_13;kun;2
1328;75/2019;2019_75_13;kutsui;1
1328;75/2019;2019_75_13;kuvaajana;1
1328;75/2019;2019_75_13;käyttää;1
1328;75/2019;2019_75_13;köyhän;1
1328;75/2019;2019_75_13;lakiehdotuksen;1
1328;75/2019;2019_75_13;lauseen;1
1328;75/2019;2019_75_13;läpikäyneitä;1
1328;75/2019;2019_75_13;läsnä;1
1328;75/2019;2019_75_13;mahdollisimman;1
1328;75/2019;2019_75_13;me;1
1328;75/2019;2019_75_13;meidän;1
1328;75/2019;2019_75_13;meille;1
1328;75/2019;2019_75_13;meillä;1
1328;75/2019;2019_75_13;menetyksistä;1
1328;75/2019;2019_75_13;mielekkäältä;1
1328;75/2019;2019_75_13;miesten;1
1328;75/2019;2019_75_13;millaiseksi;1
1328;75/2019;2019_75_13;mittasuhteet;1
1328;75/2019;2019_75_13;muista;1
1328;75/2019;2019_75_13;mutta;1
1328;75/2019;2019_75_13;myös;1
1328;75/2019;2019_75_13;naisten;1
1328;75/2019;2019_75_13;ne;1
1328;75/2019;2019_75_13;niiden;1
1328;75/2019;2019_75_13;niiltä;1
1328;75/2019;2019_75_13;niistä;1
1328;75/2019;2019_75_13;niukkuuden;1
1328;75/2019;2019_75_13;nykypäivän;1
1328;75/2019;2019_75_13;nyt;1
1328;75/2019;2019_75_13;näemme;2
1328;75/2019;2019_75_13;nöyryydellä;1
1328;75/2019;2019_75_13;olemme;1
1328;75/2019;2019_75_13;olen;1
1328;75/2019;2019_75_13;oli;5
1328;75/2019;2019_75_13;ollut;2
1328;75/2019;2019_75_13;olosuhteissa;1
1328;75/2019;2019_75_13;on;11
1328;75/2019;2019_75_13;ongelmat;1
1328;75/2019;2019_75_13;opetus;1
1328;75/2019;2019_75_13;opiksi;1
1328;75/2019;2019_75_13;opimme;1
1328;75/2019;2019_75_13;osoittaneiden;1
1328;75/2019;2019_75_13;ota;1
1328;75/2019;2019_75_13;ovat;2
1328;75/2019;2019_75_13;paitsi;1
1328;75/2019;2019_75_13;panos;2
1328;75/2019;2019_75_13;peiliin;1
1328;75/2019;2019_75_13;pioneerina;1
1328;75/2019;2019_75_13;ponnistelut;1
1328;75/2019;2019_75_13;puheenvuoro;1
1328;75/2019;2019_75_13;puhemies;2
1328;75/2019;2019_75_13;puitteissa;1
1328;75/2019;2019_75_13;puolesta;1
1328;75/2019;2019_75_13;pysty;1
1328;75/2019;2019_75_13;päivän;1
1328;75/2019;2019_75_13;päättäjille;1
1328;75/2019;2019_75_13;päätöksille;1
1328;75/2019;2019_75_13;päätös;1
1328;75/2019;2019_75_13;rakentaa;1
1328;75/2019;2019_75_13;rakentaneet;1
1328;75/2019;2019_75_13;rasitusta;1
1328;75/2019;2019_75_13;rikkaan;1
1328;75/2019;2019_75_13;rintamalla;1
1328;75/2019;2019_75_13;saattoivat;1
1328;75/2019;2019_75_13;saavat;1
1328;75/2019;2019_75_13;saavutuksistaan;1
1328;75/2019;2019_75_13;samankaltainen;1
1328;75/2019;2019_75_13;sankaruutta;1
1328;75/2019;2019_75_13;selvitty;2
1328;75/2019;2019_75_13;selvitä;1
1328;75/2019;2019_75_13;selviydyttiin;1
1328;75/2019;2019_75_13;sen;4
1328;75/2019;2019_75_13;sillä;1
1328;75/2019;2019_75_13;sisukkuudesta;1
1328;75/2019;2019_75_13;siten;1
1328;75/2019;2019_75_13;sodan;2
1328;75/2019;2019_75_13;sodassa;1
1328;75/2019;2019_75_13;sodasta;1
1328;75/2019;2019_75_13;sota-aikana;2
1328;75/2019;2019_75_13;sota-ajoista;1
1328;75/2019;2019_75_13;sukupolvien;1
1328;75/2019;2019_75_13;suomalainen;1
1328;75/2019;2019_75_13;suomalaiseen;1
1328;75/2019;2019_75_13;suomalaisia;1
1328;75/2019;2019_75_13;suurta;1
1328;75/2019;2019_75_13;syvää;1
1328;75/2019;2019_75_13;taidon;1
1328;75/2019;2019_75_13;taisteltiin;1
1328;75/2019;2019_75_13;tarinat;1
1328;75/2019;2019_75_13;tarkoitus;1
1328;75/2019;2019_75_13;tarpeen;2
1328;75/2019;2019_75_13;tehtävämme;1
1328;75/2019;2019_75_13;tekemisen;1
1328;75/2019;2019_75_13;tilaa;1
1328;75/2019;2019_75_13;toisenlaiset;1
1328;75/2019;2019_75_13;toisten;1
1328;75/2019;2019_75_13;toivon;1
1328;75/2019;2019_75_13;tukeman;1
1328;75/2019;2019_75_13;tunnemme;2
1328;75/2019;2019_75_13;tuntua;1
1328;75/2019;2019_75_13;tuntuu;1
1328;75/2019;2019_75_13;työllä;1
1328;75/2019;2019_75_13;työn;1
1328;75/2019;2019_75_13;tähän;1
1328;75/2019;2019_75_13;tämä;2
1328;75/2019;2019_75_13;tämän;2
1328;75/2019;2019_75_13;tänään;1
1328;75/2019;2019_75_13;tänäänkin;1
1328;75/2019;2019_75_13;tärkeä;1
1328;75/2019;2019_75_13;useita;1
1328;75/2019;2019_75_13;vaaliminen;1
1328;75/2019;2019_75_13;vahva;1
1328;75/2019;2019_75_13;vaihtoehtoja;2
1328;75/2019;2019_75_13;vaikeuksien;1
1328;75/2019;2019_75_13;vaikuttavat;1
1328;75/2019;2019_75_13;vallitessa;1
1328;75/2019;2019_75_13;vammoista;1
1328;75/2019;2019_75_13;vastoinkäymisistä;1
1328;75/2019;2019_75_13;velvollisuus;1
1328;75/2019;2019_75_13;velvollisuutemme;1
1328;75/2019;2019_75_13;veteraanien;1
1328;75/2019;2019_75_13;veteraanisukupolvien;1
1328;75/2019;2019_75_13;voidaan;1
1328;75/2019;2019_75_13;vuosikymmeniä;1
1328;75/2019;2019_75_13;vuosista;1
1328;75/2019;2019_75_13;vuotias;1
1328;75/2019;2019_75_13;välitettiin;1
1328;75/2019;2019_75_13;yhdessä;2
1328;75/2019;2019_75_13;yhdistävät;1
1328;75/2019;2019_75_13;yhteinen;1
1328;75/2019;2019_75_13;yhteisesti;1
1328;75/2019;2019_75_13;yhteiskunta;1
1328;75/2019;2019_75_13;yhteiskuntaan;1
1328;75/2019;2019_75_13;yhteiskuntamme;1
1328;75/2019;2019_75_13;yhteisöllisyys;1
1328;75/2019;2019_75_13;ylipääsemättömiltä;1
1328;75/2019;2019_75_13;ylpeä;1
1328;75/2019;2019_75_13;äärimmäisen;1
1328;78/2015;2015_78_175;aikaisemmasta;1
1328;78/2015;2015_78_175;aikakin;1
1328;78/2015;2015_78_175;aikana;1
1328;78/2015;2015_78_175;aikavälin;1
1328;78/2015;2015_78_175;ainoat;1
1328;78/2015;2015_78_175;alas;1
1328;78/2015;2015_78_175;annetaan;1
1328;78/2015;2015_78_175;arhinmäki;1
1328;78/2015;2015_78_175;arvoisa;2
1328;78/2015;2015_78_175;avauksia;1
1328;78/2015;2015_78_175;edellisen;1
1328;78/2015;2015_78_175;edustajat;3
1328;78/2015;2015_78_175;ehdoista;1
1328;78/2015;2015_78_175;ei;3
1328;78/2015;2015_78_175;eivät;1
1328;78/2015;2015_78_175;elimissä;1
1328;78/2015;2015_78_175;elvytys;1
1328;78/2015;2015_78_175;eläminen;1
1328;78/2015;2015_78_175;en;1
1328;78/2015;2015_78_175;ensiaputoimia;1
1328;78/2015;2015_78_175;ensiaputoimien;1
1328;78/2015;2015_78_175;enää;2
1328;78/2015;2015_78_175;erilainen;1
1328;78/2015;2015_78_175;että;6
1328;78/2015;2015_78_175;finanssikriisin;1
1328;78/2015;2015_78_175;hallita;1
1328;78/2015;2015_78_175;hallituksen;2
1328;78/2015;2015_78_175;hallitus;3
1328;78/2015;2015_78_175;hallitusta;1
1328;78/2015;2015_78_175;haluaa;2
1328;78/2015;2015_78_175;halunneet;1
1328;78/2015;2015_78_175;helpotetaan;1
1328;78/2015;2015_78_175;huolissaan;1
1328;78/2015;2015_78_175;huolta;2
1328;78/2015;2015_78_175;huonosti;1
1328;78/2015;2015_78_175;hyvin;1
1328;78/2015;2015_78_175;hyvät;1
1328;78/2015;2015_78_175;ihmishenkiä;1
1328;78/2015;2015_78_175;istuitte;1
1328;78/2015;2015_78_175;itse;2
1328;78/2015;2015_78_175;ja;13
1328;78/2015;2015_78_175;jatkettu;1
1328;78/2015;2015_78_175;jo;4
1328;78/2015;2015_78_175;joka;2
1328;78/2015;2015_78_175;jokainen;2
1328;78/2015;2015_78_175;joskus;2
1328;78/2015;2015_78_175;jotka;2
1328;78/2015;2015_78_175;joustoa;1
1328;78/2015;2015_78_175;julkishallinnon;1
1328;78/2015;2015_78_175;julkisuuskuvaansa;1
1328;78/2015;2015_78_175;jälkeen;1
1328;78/2015;2015_78_175;kahden;1
1328;78/2015;2015_78_175;kaikille;1
1328;78/2015;2015_78_175;kansainvälisessä;1
1328;78/2015;2015_78_175;kanssa;1
1328;78/2015;2015_78_175;karsia;1
1328;78/2015;2015_78_175;kasvaisi;1
1328;78/2015;2015_78_175;kasvaneet;1
1328;78/2015;2015_78_175;kasvattanut;1
1328;78/2015;2015_78_175;kauan;1
1328;78/2015;2015_78_175;kiitos;1
1328;78/2015;2015_78_175;kilpailukykyä;1
1328;78/2015;2015_78_175;kilpailussa;1
1328;78/2015;2015_78_175;koon;1
1328;78/2015;2015_78_175;kritisoivat;1
1328;78/2015;2015_78_175;kuitenkaan;1
1328;78/2015;2015_78_175;kuluja;1
1328;78/2015;2015_78_175;kun;3
1328;78/2015;2015_78_175;kuten;1
1328;78/2015;2015_78_175;kyllä;2
1328;78/2015;2015_78_175;kyvystä;1
1328;78/2015;2015_78_175;käsitä;1
1328;78/2015;2015_78_175;käskytysketju;1
1328;78/2015;2015_78_175;liian;1
1328;78/2015;2015_78_175;linjasta;1
1328;78/2015;2015_78_175;lisätä;2
1328;78/2015;2015_78_175;lisää;1
1328;78/2015;2015_78_175;lisääviä;1
1328;78/2015;2015_78_175;lla;1
1328;78/2015;2015_78_175;loppuu;1
1328;78/2015;2015_78_175;luo;1
1328;78/2015;2015_78_175;lääkitty;1
1328;78/2015;2015_78_175;mahdollisuus;1
1328;78/2015;2015_78_175;mahdollisuutta;1
1328;78/2015;2015_78_175;mahdu;1
1328;78/2015;2015_78_175;me;1
1328;78/2015;2015_78_175;menee;2
1328;78/2015;2015_78_175;merkittävästi;1
1328;78/2015;2015_78_175;mielestäni;1
1328;78/2015;2015_78_175;miksi;1
1328;78/2015;2015_78_175;miten;1
1328;78/2015;2015_78_175;mukana;1
1328;78/2015;2015_78_175;mutta;1
1328;78/2015;2015_78_175;muut;1
1328;78/2015;2015_78_175;myös;1
1328;78/2015;2015_78_175;määrä;1
1328;78/2015;2015_78_175;määrätään;1
1328;78/2015;2015_78_175;niin;3
1328;78/2015;2015_78_175;nousisi;1
1328;78/2015;2015_78_175;nyt;2
1328;78/2015;2015_78_175;oikea;1
1328;78/2015;2015_78_175;ole;1
1328;78/2015;2015_78_175;olemme;1
1328;78/2015;2015_78_175;olisi;1
1328;78/2015;2015_78_175;olla;2
1328;78/2015;2015_78_175;ollut;1
1328;78/2015;2015_78_175;omaa;1
1328;78/2015;2015_78_175;omalla;1
1328;78/2015;2015_78_175;on;9
1328;78/2015;2015_78_175;opposition;1
1328;78/2015;2015_78_175;ovat;3
1328;78/2015;2015_78_175;paavo;1
1328;78/2015;2015_78_175;paikallinen;1
1328;78/2015;2015_78_175;paikallisesti;1
1328;78/2015;2015_78_175;palkasta;1
1328;78/2015;2015_78_175;palkata;1
1328;78/2015;2015_78_175;palkita;1
1328;78/2015;2015_78_175;paranee;1
1328;78/2015;2015_78_175;parhaiten;1
1328;78/2015;2015_78_175;pelastaa;1
1328;78/2015;2015_78_175;pitkän;1
1328;78/2015;2015_78_175;pitkään;2
1328;78/2015;2015_78_175;pitää;4
1328;78/2015;2015_78_175;poikkeaa;1
1328;78/2015;2015_78_175;prosenttiin;1
1328;78/2015;2015_78_175;puhemies;2
1328;78/2015;2015_78_175;pulleiksi;1
1328;78/2015;2015_78_175;pärjää;1
1328;78/2015;2015_78_175;päättävissä;1
1328;78/2015;2015_78_175;rakentaneet;1
1328;78/2015;2015_78_175;rouva;2
1328;78/2015;2015_78_175;samaan;1
1328;78/2015;2015_78_175;sdpn;2
1328;78/2015;2015_78_175;se;4
1328;78/2015;2015_78_175;siellä;1
1328;78/2015;2015_78_175;siirtyy;1
1328;78/2015;2015_78_175;siis;1
1328;78/2015;2015_78_175;siitä;1
1328;78/2015;2015_78_175;sijaan;1
1328;78/2015;2015_78_175;sitä;2
1328;78/2015;2015_78_175;sivistyneen;1
1328;78/2015;2015_78_175;sopia;1
1328;78/2015;2015_78_175;sopimus;1
1328;78/2015;2015_78_175;sukkahousut;1
1328;78/2015;2015_78_175;suomalainen;1
1328;78/2015;2015_78_175;suomalaiset;1
1328;78/2015;2015_78_175;suomalaisten;1
1328;78/2015;2015_78_175;suomen;3
1328;78/2015;2015_78_175;suunta;1
1328;78/2015;2015_78_175;synnyttää;1
1328;78/2015;2015_78_175;säästämättä;1
1328;78/2015;2015_78_175;talous;1
1328;78/2015;2015_78_175;tarpeen;1
1328;78/2015;2015_78_175;tavanomaisten;1
1328;78/2015;2015_78_175;tavoittelee;1
1328;78/2015;2015_78_175;te;1
1328;78/2015;2015_78_175;tehdä;1
1328;78/2015;2015_78_175;tehdään;1
1328;78/2015;2015_78_175;tehnyt;2
1328;78/2015;2015_78_175;tehokkuutta;1
1328;78/2015;2015_78_175;tekevä;1
1328;78/2015;2015_78_175;tietävät;1
1328;78/2015;2015_78_175;tilaan;1
1328;78/2015;2015_78_175;toimia;1
1328;78/2015;2015_78_175;toimiva;1
1328;78/2015;2015_78_175;toteavat;1
1328;78/2015;2015_78_175;tuo;1
1328;78/2015;2015_78_175;tuottavuutta;1
1328;78/2015;2015_78_175;tuottoisaa;1
1328;78/2015;2015_78_175;työajasta;1
1328;78/2015;2015_78_175;työllistyneiden;1
1328;78/2015;2015_78_175;työllisyysaste;1
1328;78/2015;2015_78_175;työllisyyspoliittinen;1
1328;78/2015;2015_78_175;työllisyyspolitiikan;1
1328;78/2015;2015_78_175;työllisyystilannetta;1
1328;78/2015;2015_78_175;työllisyyttä;3
1328;78/2015;2015_78_175;työllä;1
1328;78/2015;2015_78_175;työllämme;1
1328;78/2015;2015_78_175;työmarkkinajärjestöt;1
1328;78/2015;2015_78_175;työnantajille;1
1328;78/2015;2015_78_175;työntekijöiden;2
1328;78/2015;2015_78_175;työntekijöille;1
1328;78/2015;2015_78_175;työntekijöistään;2
1328;78/2015;2015_78_175;työntekijöitä;1
1328;78/2015;2015_78_175;työntekijöitään;1
1328;78/2015;2015_78_175;työpaikalle;1
1328;78/2015;2015_78_175;työpaikkoja;1
1328;78/2015;2015_78_175;työsuhteiden;1
1328;78/2015;2015_78_175;työtilanne;1
1328;78/2015;2015_78_175;työttömyyskorvauksilla;1
1328;78/2015;2015_78_175;työttömyyttä;1
1328;78/2015;2015_78_175;työtä;4
1328;78/2015;2015_78_175;useita;1
1328;78/2015;2015_78_175;uusia;1
1328;78/2015;2015_78_175;vaikka;1
1328;78/2015;2015_78_175;vain;1
1328;78/2015;2015_78_175;valta;1
1328;78/2015;2015_78_175;vasemmiston;2
1328;78/2015;2015_78_175;vauraan;1
1328;78/2015;2015_78_175;velaksi;1
1328;78/2015;2015_78_175;vihreiden;2
1328;78/2015;2015_78_175;visio;1
1328;78/2015;2015_78_175;voi;1
1328;78/2015;2015_78_175;voivat;1
1328;78/2015;2015_78_175;vuoden;1
1328;78/2015;2015_78_175;välikysymyksessään;1
1328;78/2015;2015_78_175;yhden;1
1328;78/2015;2015_78_175;yhdessä;1
1328;78/2015;2015_78_175;yhteiskunnan;1
1328;78/2015;2015_78_175;ylhäältä;1
1328;78/2015;2015_78_175;ylhäältäpäin;1
1328;78/2015;2015_78_175;ynnä;1
1328;78/2015;2015_78_175;yrittäjien;1
1328;78/2015;2015_78_175;yrittäjä;2
1328;78/2015;2015_78_175;yrittäjät;2
1328;78/2015;2015_78_175;yrityksellä;2
1328;78/2015;2015_78_175;yritys;1
1328;8/2024;2024_8_19;ahdinkoon;1
1328;8/2024;2024_8_19;aikaan;4
1328;8/2024;2024_8_19;aikaiseksi;2
1328;8/2024;2024_8_19;aikoina;1
1328;8/2024;2024_8_19;aikoja;1
1328;8/2024;2024_8_19;ajatte;1
1328;8/2024;2024_8_19;alennettava;1
1328;8/2024;2024_8_19;arvoisa;3
1328;8/2024;2024_8_19;arvostella;1
1328;8/2024;2024_8_19;asioihin;1
1328;8/2024;2024_8_19;avaa;1
1328;8/2024;2024_8_19;ay-johtaja;1
1328;8/2024;2024_8_19;eduskunnasta;1
1328;8/2024;2024_8_19;eduskuntavaaleissa;1
1328;8/2024;2024_8_19;ei;8
1328;8/2024;2024_8_19;eikä;1
1328;8/2024;2024_8_19;eletty;1
1328;8/2024;2024_8_19;eli;4
1328;8/2024;2024_8_19;eläkeläisiä;1
1328;8/2024;2024_8_19;elää;1
1328;8/2024;2024_8_19;emme;1
1328;8/2024;2024_8_19;enemmän;1
1328;8/2024;2024_8_19;energia;1
1328;8/2024;2024_8_19;ennätysvauhtia;1
1328;8/2024;2024_8_19;ensimmäinen;1
1328;8/2024;2024_8_19;eri;1
1328;8/2024;2024_8_19;eteenpäin;2
1328;8/2024;2024_8_19;että;9
1328;8/2024;2024_8_19;eu;1
1328;8/2024;2024_8_19;hallituksella;1
1328;8/2024;2024_8_19;hallituksen;2
1328;8/2024;2024_8_19;hallitus;3
1328;8/2024;2024_8_19;haluaisi;1
1328;8/2024;2024_8_19;homma;1
1328;8/2024;2024_8_19;huonoja;1
1328;8/2024;2024_8_19;huopaamista;1
1328;8/2024;2024_8_19;hyvinä;1
1328;8/2024;2024_8_19;hyvä;3
1328;8/2024;2024_8_19;idea;1
1328;8/2024;2024_8_19;ihan;1
1328;8/2024;2024_8_19;ihmisiä;2
1328;8/2024;2024_8_19;ikinä;1
1328;8/2024;2024_8_19;ilmestyneet;1
1328;8/2024;2024_8_19;investoimaan;1
1328;8/2024;2024_8_19;investointeja;1
1328;8/2024;2024_8_19;investointiohjelman;1
1328;8/2024;2024_8_19;ja;20
1328;8/2024;2024_8_19;jakaa;1
1328;8/2024;2024_8_19;jatkaa;1
1328;8/2024;2024_8_19;jatkuvaan;1
1328;8/2024;2024_8_19;jatkuvat;3
1328;8/2024;2024_8_19;jo;1
1328;8/2024;2024_8_19;johdolla;1
1328;8/2024;2024_8_19;joko;1
1328;8/2024;2024_8_19;joku;1
1328;8/2024;2024_8_19;jos;2
1328;8/2024;2024_8_19;joskus;1
1328;8/2024;2024_8_19;jotakin;1
1328;8/2024;2024_8_19;joutuvat;1
1328;8/2024;2024_8_19;julkisia;1
1328;8/2024;2024_8_19;just;1
1328;8/2024;2024_8_19;juuri;1
1328;8/2024;2024_8_19;kaikille;1
1328;8/2024;2024_8_19;kaikki;2
1328;8/2024;2024_8_19;kaikkia;1
1328;8/2024;2024_8_19;kaikkien;1
1328;8/2024;2024_8_19;kannustaa;2
1328;8/2024;2024_8_19;kansakunnalla;1
1328;8/2024;2024_8_19;kanssa;1
1328;8/2024;2024_8_19;kasvamaan;1
1328;8/2024;2024_8_19;kasvanut;1
1328;8/2024;2024_8_19;kasvuun;2
1328;8/2024;2024_8_19;kertovat;1
1328;8/2024;2024_8_19;kerätä;1
1328;8/2024;2024_8_19;keskustelua;1
1328;8/2024;2024_8_19;keväällä;1
1328;8/2024;2024_8_19;kilpailukyky;2
1328;8/2024;2024_8_19;kokeilla;1
1328;8/2024;2024_8_19;kolmikantaan;1
1328;8/2024;2024_8_19;konkurssiin;1
1328;8/2024;2024_8_19;konsti;1
1328;8/2024;2024_8_19;korottamalla;1
1328;8/2024;2024_8_19;koskevat;1
1328;8/2024;2024_8_19;kotimaasta;1
1328;8/2024;2024_8_19;kuin;3
1328;8/2024;2024_8_19;kuittaa;1
1328;8/2024;2024_8_19;kuluu;1
1328;8/2024;2024_8_19;kun;1
1328;8/2024;2024_8_19;kuntoon;3
1328;8/2024;2024_8_19;kuunnelkaa;1
1328;8/2024;2024_8_19;kuuteentoista;1
1328;8/2024;2024_8_19;käänny;1
1328;8/2024;2024_8_19;lakot;3
1328;8/2024;2024_8_19;leikattava;1
1328;8/2024;2024_8_19;leikkaa;1
1328;8/2024;2024_8_19;leikkaamalla;1
1328;8/2024;2024_8_19;leikkaukset;1
1328;8/2024;2024_8_19;leikkauksista;1
1328;8/2024;2024_8_19;liian;1
1328;8/2024;2024_8_19;liki;1
1328;8/2024;2024_8_19;listan;1
1328;8/2024;2024_8_19;lisää;2
1328;8/2024;2024_8_19;lisääntyy;1
1328;8/2024;2024_8_19;luokkaa;1
1328;8/2024;2024_8_19;luottoluokittajat;1
1328;8/2024;2024_8_19;luvut;1
1328;8/2024;2024_8_19;mahdollisimman;1
1328;8/2024;2024_8_19;mallista;1
1328;8/2024;2024_8_19;meidän;2
1328;8/2024;2024_8_19;meillä;2
1328;8/2024;2024_8_19;menevät;1
1328;8/2024;2024_8_19;menoja;1
1328;8/2024;2024_8_19;mietitään;1
1328;8/2024;2024_8_19;miksi;1
1328;8/2024;2024_8_19;mitä;1
1328;8/2024;2024_8_19;molemmat;1
1328;8/2024;2024_8_19;muistaa;1
1328;8/2024;2024_8_19;mukana;1
1328;8/2024;2024_8_19;mutta;1
1328;8/2024;2024_8_19;muut;1
1328;8/2024;2024_8_19;muutokset;1
1328;8/2024;2024_8_19;myös;2
1328;8/2024;2024_8_19;naamiot;1
1328;8/2024;2024_8_19;neuvotelkaa;1
1328;8/2024;2024_8_19;neuvotella;1
1328;8/2024;2024_8_19;neuvottelu;1
1328;8/2024;2024_8_19;niin;5
1328;8/2024;2024_8_19;niinistökin;1
1328;8/2024;2024_8_19;nopeita;1
1328;8/2024;2024_8_19;nykyisestä;1
1328;8/2024;2024_8_19;nyt;7
1328;8/2024;2024_8_19;näihin;1
1328;8/2024;2024_8_19;näin;4
1328;8/2024;2024_8_19;näitä;1
1328;8/2024;2024_8_19;nämä;1
1328;8/2024;2024_8_19;oikeudenmukaisesti;1
1328;8/2024;2024_8_19;ole;4
1328;8/2024;2024_8_19;olla;1
1328;8/2024;2024_8_19;olleet;1
1328;8/2024;2024_8_19;on;17
1328;8/2024;2024_8_19;onnistu;1
1328;8/2024;2024_8_19;orpo;3
1328;8/2024;2024_8_19;osallistua;1
1328;8/2024;2024_8_19;ovat;2
1328;8/2024;2024_8_19;pahimmat;1
1328;8/2024;2024_8_19;palata;1
1328;8/2024;2024_8_19;palataan;1
1328;8/2024;2024_8_19;palkankorotukset;1
1328;8/2024;2024_8_19;palkkaamaan;1
1328;8/2024;2024_8_19;paluuta;1
1328;8/2024;2024_8_19;panna;3
1328;8/2024;2024_8_19;parempi;1
1328;8/2024;2024_8_19;pelkästään;1
1328;8/2024;2024_8_19;pidemmän;1
1328;8/2024;2024_8_19;pienellä;1
1328;8/2024;2024_8_19;pitkään;1
1328;8/2024;2024_8_19;pitäisi;1
1328;8/2024;2024_8_19;pitää;10
1328;8/2024;2024_8_19;politiikkaa;1
1328;8/2024;2024_8_19;presidentti;1
1328;8/2024;2024_8_19;puheenvuoro;1
1328;8/2024;2024_8_19;puhemies;3
1328;8/2024;2024_8_19;puolueiden;1
1328;8/2024;2024_8_19;pussillinen;1
1328;8/2024;2024_8_19;puuttuu;1
1328;8/2024;2024_8_19;pyytäkää;1
1328;8/2024;2024_8_19;pääministeri;3
1328;8/2024;2024_8_19;päämäärätöntä;1
1328;8/2024;2024_8_19;päättäjien;1
1328;8/2024;2024_8_19;päättäjille;1
1328;8/2024;2024_8_19;päätöksiä;1
1328;8/2024;2024_8_19;pöytään;1
1328;8/2024;2024_8_19;radikaaleja;1
1328;8/2024;2024_8_19;riisuttava;1
1328;8/2024;2024_8_19;riitelyyn;2
1328;8/2024;2024_8_19;saada;3
1328;8/2024;2024_8_19;samaan;3
1328;8/2024;2024_8_19;saman;1
1328;8/2024;2024_8_19;samantyyppistä;1
1328;8/2024;2024_8_19;se;2
1328;8/2024;2024_8_19;seisoo;3
1328;8/2024;2024_8_19;sekä;1
1328;8/2024;2024_8_19;selvä;1
1328;8/2024;2024_8_19;selvää;1
1328;8/2024;2024_8_19;sen;2
1328;8/2024;2024_8_19;seuraava;1
1328;8/2024;2024_8_19;seuraavissa;1
1328;8/2024;2024_8_19;siinä;1
1328;8/2024;2024_8_19;sopimuksesta;1
1328;8/2024;2024_8_19;sopimus;6
1328;8/2024;2024_8_19;soutamista;1
1328;8/2024;2024_8_19;suomalaiset;1
1328;8/2024;2024_8_19;suomalaisia;1
1328;8/2024;2024_8_19;suomalaisille;1
1328;8/2024;2024_8_19;suomeen;1
1328;8/2024;2024_8_19;suomen;9
1328;8/2024;2024_8_19;suomi;5
1328;8/2024;2024_8_19;suunnitelma;1
1328;8/2024;2024_8_19;syksyllä;1
1328;8/2024;2024_8_19;syksyn;1
1328;8/2024;2024_8_19;syy;1
1328;8/2024;2024_8_19;säästää;1
1328;8/2024;2024_8_19;tai;2
1328;8/2024;2024_8_19;talkoisiin;1
1328;8/2024;2024_8_19;talman;3
1328;8/2024;2024_8_19;taloudesta;1
1328;8/2024;2024_8_19;talous;3
1328;8/2024;2024_8_19;talouskasvu;1
1328;8/2024;2024_8_19;tammikuussa;1
1328;8/2024;2024_8_19;tarvitaan;1
1328;8/2024;2024_8_19;tehdä;1
1328;8/2024;2024_8_19;tehdään;1
1328;8/2024;2024_8_19;tehkää;2
1328;8/2024;2024_8_19;tekemään;2
1328;8/2024;2024_8_19;tekevät;1
1328;8/2024;2024_8_19;tes-kierroksella;1
1328;8/2024;2024_8_19;tilannekuvan;1
1328;8/2024;2024_8_19;todellakaan;1
1328;8/2024;2024_8_19;toimi;1
1328;8/2024;2024_8_19;toiveiden;1
1328;8/2024;2024_8_19;tule;1
1328;8/2024;2024_8_19;tulevat;1
1328;8/2024;2024_8_19;tuo;1
1328;8/2024;2024_8_19;turha;1
1328;8/2024;2024_8_19;työehdot;1
1328;8/2024;2024_8_19;työehtosopimuksia;1
1328;8/2024;2024_8_19;työmarkkina;1
1328;8/2024;2024_8_19;työmarkkinapaketti;1
1328;8/2024;2024_8_19;työmarkkinapakettia;1
1328;8/2024;2024_8_19;työnantajia;1
1328;8/2024;2024_8_19;työnantajien;1
1328;8/2024;2024_8_19;työntekijöitä;1
1328;8/2024;2024_8_19;työttömyys;1
1328;8/2024;2024_8_19;työtöntä;1
1328;8/2024;2024_8_19;tähtäimen;1
1328;8/2024;2024_8_19;tähän;1
1328;8/2024;2024_8_19;tällä;1
1328;8/2024;2024_8_19;tämä;2
1328;8/2024;2024_8_19;tänään;2
1328;8/2024;2024_8_19;tärkeitä;1
1328;8/2024;2024_8_19;tässä;2
1328;8/2024;2024_8_19;tätä;2
1328;8/2024;2024_8_19;täysin;1
1328;8/2024;2024_8_19;töihin;1
1328;8/2024;2024_8_19;töitä;2
1328;8/2024;2024_8_19;uhkasi;1
1328;8/2024;2024_8_19;ulkomailta;1
1328;8/2024;2024_8_19;uudistuksia;1
1328;8/2024;2024_8_19;uudistuksiin;1
1328;8/2024;2024_8_19;uudistusohjelma;1
1328;8/2024;2024_8_19;uusia;2
1328;8/2024;2024_8_19;uutta;1
1328;8/2024;2024_8_19;vaikka;2
1328;8/2024;2024_8_19;vain;4
1328;8/2024;2024_8_19;valmista;1
1328;8/2024;2024_8_19;valtio;1
1328;8/2024;2024_8_19;vanha;1
1328;8/2024;2024_8_19;vanhaan;2
1328;8/2024;2024_8_19;vanhojen;1
1328;8/2024;2024_8_19;varaa;2
1328;8/2024;2024_8_19;varoja;1
1328;8/2024;2024_8_19;varten;1
1328;8/2024;2024_8_19;vasemmalta;3
1328;8/2024;2024_8_19;vastuulliset;1
1328;8/2024;2024_8_19;velat;1
1328;8/2024;2024_8_19;velkaantuu;1
1328;8/2024;2024_8_19;veroja;1
1328;8/2024;2024_8_19;veronkorotukset;1
1328;8/2024;2024_8_19;veronkorotuksista;1
1328;8/2024;2024_8_19;verotuksen;1
1328;8/2024;2024_8_19;verotusta;1
1328;8/2024;2024_8_19;vetämään;1
1328;8/2024;2024_8_19;vie;1
1328;8/2024;2024_8_19;viennistä;1
1328;8/2024;2024_8_19;vienti;1
1328;8/2024;2024_8_19;viimeistään;1
1328;8/2024;2024_8_19;virhe;1
1328;8/2024;2024_8_19;virheet;1
1328;8/2024;2024_8_19;voi;2
1328;8/2024;2024_8_19;vuoteen;1
1328;8/2024;2024_8_19;vuotta;1
1328;8/2024;2024_8_19;väittää;1
1328;8/2024;2024_8_19;vääriin;1
1328;8/2024;2024_8_19;väärään;2
1328;8/2024;2024_8_19;yhtä;1
1328;8/2024;2024_8_19;yksin;1
1328;8/2024;2024_8_19;ymmärtäkää;1
1328;8/2024;2024_8_19;yritetään;1
1328;8/2024;2024_8_19;yrittäjille;1
1328;8/2024;2024_8_19;yritykset;2
1328;8/2024;2024_8_19;yrityksiä;1
1328;8/2024;2024_8_19;ärade;3
1328;81/2019;2019_81_15;aikoo;1
1328;81/2019;2019_81_15;al-holin;1
1328;81/2019;2019_81_15;arvoisa;1
1328;81/2019;2019_81_15;asioita;1
1328;81/2019;2019_81_15;avaa;1
1328;81/2019;2019_81_15;eivät;2
1328;81/2019;2019_81_15;ennen;1
1328;81/2019;2019_81_15;epäselvät;1
1328;81/2019;2019_81_15;epävarmuutta;1
1328;81/2019;2019_81_15;eri;1
1328;81/2019;2019_81_15;että;2
1328;81/2019;2019_81_15;hallintoa;1
1328;81/2019;2019_81_15;hallitus;1
1328;81/2019;2019_81_15;heidän;1
1328;81/2019;2019_81_15;huomiolle;1
1328;81/2019;2019_81_15;ilmiön;1
1328;81/2019;2019_81_15;ja;3
1328;81/2019;2019_81_15;johtaminen;1
1328;81/2019;2019_81_15;joka;1
1328;81/2019;2019_81_15;josta;1
1328;81/2019;2019_81_15;jotka;1
1328;81/2019;2019_81_15;joutunut;1
1328;81/2019;2019_81_15;joutuvat;2
1328;81/2019;2019_81_15;julkishallinnon;1
1328;81/2019;2019_81_15;juuri;1
1328;81/2019;2019_81_15;jäänyt;1
1328;81/2019;2019_81_15;kaikilla;1
1328;81/2019;2019_81_15;kaikkea;1
1328;81/2019;2019_81_15;kansalaiset;1
1328;81/2019;2019_81_15;kansalaisille;1
1328;81/2019;2019_81_15;kansalaisten;1
1328;81/2019;2019_81_15;kautta;1
1328;81/2019;2019_81_15;kohteeksi;1
1328;81/2019;2019_81_15;kohtuuttomiin;1
1328;81/2019;2019_81_15;kun;1
1328;81/2019;2019_81_15;kuten;1
1328;81/2019;2019_81_15;kuulu;1
1328;81/2019;2019_81_15;kärsimään;1
1328;81/2019;2019_81_15;linjaton;1
1328;81/2019;2019_81_15;luovat;1
1328;81/2019;2019_81_15;maalittamisen;1
1328;81/2019;2019_81_15;mahdollisuuden;1
1328;81/2019;2019_81_15;miksi;1
1328;81/2019;2019_81_15;millaisia;1
1328;81/2019;2019_81_15;millä;1
1328;81/2019;2019_81_15;mukaan;1
1328;81/2019;2019_81_15;niin;1
1328;81/2019;2019_81_15;nyt;3
1328;81/2019;2019_81_15;näin;1
1328;81/2019;2019_81_15;ohjaamiseksi;1
1328;81/2019;2019_81_15;oikealta;1
1328;81/2019;2019_81_15;on;4
1328;81/2019;2019_81_15;osoittaa;1
1328;81/2019;2019_81_15;parantaa;1
1328;81/2019;2019_81_15;poliittinen;1
1328;81/2019;2019_81_15;poliittiset;2
1328;81/2019;2019_81_15;portit;1
1328;81/2019;2019_81_15;puhemies;1
1328;81/2019;2019_81_15;puolilla;1
1328;81/2019;2019_81_15;päätöksentekijät;1
1328;81/2019;2019_81_15;päätökset;1
1328;81/2019;2019_81_15;päätöksiä;2
1328;81/2019;2019_81_15;saisivat;1
1328;81/2019;2019_81_15;sanotun;1
1328;81/2019;2019_81_15;sekä;2
1328;81/2019;2019_81_15;selkeitä;1
1328;81/2019;2019_81_15;selvityksen;1
1328;81/2019;2019_81_15;siirretään;1
1328;81/2019;2019_81_15;sinne;1
1328;81/2019;2019_81_15;sitä;1
1328;81/2019;2019_81_15;tapaus;1
1328;81/2019;2019_81_15;taustalla;1
1328;81/2019;2019_81_15;taustatekijä;1
1328;81/2019;2019_81_15;tavoin;1
1328;81/2019;2019_81_15;tehdä;1
1328;81/2019;2019_81_15;tehty;1
1328;81/2019;2019_81_15;tilanteisiin;1
1328;81/2019;2019_81_15;toiminnan;1
1328;81/2019;2019_81_15;toimintaansa;1
1328;81/2019;2019_81_15;tyytymättömyydelle;1
1328;81/2019;2019_81_15;työrauhan;1
1328;81/2019;2019_81_15;tämän;1
1328;81/2019;2019_81_15;useampi;1
1328;81/2019;2019_81_15;uskalla;1
1328;81/2019;2019_81_15;varmistaa;1
1328;81/2019;2019_81_15;venyvät;1
1328;81/2019;2019_81_15;virkamiehet;3
1328;81/2019;2019_81_15;virkamiehille;1
1328;81/2019;2019_81_15;virkamies;1
1328;81/2019;2019_81_15;virkamiesten;1
1328;81/2019;2019_81_15;virkavastuulleen;1
1328;81/2019;2019_81_15;vähälle;1
1328;81/2019;2019_81_15;yhä;1
1328;81/2019;2019_81_15;yksi;1
1328;81/2019;2019_81_15;yleisradion;1
1328;81/2019;2019_81_15;ymmärtää;1
1328;81/2022;2022_81_135;alue;1
1328;81/2022;2022_81_135;alueella;1
1328;81/2022;2022_81_135;alueet;2
1328;81/2022;2022_81_135;alueita;1
1328;81/2022;2022_81_135;aluetta;1
1328;81/2022;2022_81_135;anna;2
1328;81/2022;2022_81_135;arvoisa;1
1328;81/2022;2022_81_135;ei;6
1328;81/2022;2022_81_135;eikä;1
1328;81/2022;2022_81_135;eivät;1
1328;81/2022;2022_81_135;ennen;1
1328;81/2022;2022_81_135;esimerkiksi;1
1328;81/2022;2022_81_135;että;3
1328;81/2022;2022_81_135;euron;1
1328;81/2022;2022_81_135;hallintovaliokunnan;1
1328;81/2022;2022_81_135;hallintovaliokunta;1
1328;81/2022;2022_81_135;he;1
1328;81/2022;2022_81_135;heille;2
1328;81/2022;2022_81_135;hetkellä;1
1328;81/2022;2022_81_135;hoitajaa;1
1328;81/2022;2022_81_135;hoitoa;1
1328;81/2022;2022_81_135;huomioitu;1
1328;81/2022;2022_81_135;huomiota;1
1328;81/2022;2022_81_135;ict-kustannusten;1
1328;81/2022;2022_81_135;investointeja;1
1328;81/2022;2022_81_135;investointi;1
1328;81/2022;2022_81_135;ja;7
1328;81/2022;2022_81_135;joissa;2
1328;81/2022;2022_81_135;jossa;1
1328;81/2022;2022_81_135;joten;1
1328;81/2022;2022_81_135;jotenkin;1
1328;81/2022;2022_81_135;joutuvat;1
1328;81/2022;2022_81_135;juhannusaattoa;1
1328;81/2022;2022_81_135;karsimaan;1
1328;81/2022;2022_81_135;kieltää;1
1328;81/2022;2022_81_135;kiinnittävät;1
1328;81/2022;2022_81_135;klo;1
1328;81/2022;2022_81_135;koko;1
1328;81/2022;2022_81_135;kompensaatiota;1
1328;81/2022;2022_81_135;kunnissaan;1
1328;81/2022;2022_81_135;laki;1
1328;81/2022;2022_81_135;lisää;1
1328;81/2022;2022_81_135;löydy;1
1328;81/2022;2022_81_135;mahdollista;1
1328;81/2022;2022_81_135;mietinnön;1
1328;81/2022;2022_81_135;mietintö;1
1328;81/2022;2022_81_135;miljardin;1
1328;81/2022;2022_81_135;miljoonan;1
1328;81/2022;2022_81_135;minkäänlaisia;1
1328;81/2022;2022_81_135;minkäännäköistä;1
1328;81/2022;2022_81_135;mitenkään;1
1328;81/2022;2022_81_135;mitä;1
1328;81/2022;2022_81_135;molemmat;1
1328;81/2022;2022_81_135;mutta;2
1328;81/2022;2022_81_135;muusta;1
1328;81/2022;2022_81_135;myöskään;1
1328;81/2022;2022_81_135;nämä;2
1328;81/2022;2022_81_135;ole;2
1328;81/2022;2022_81_135;on;8
1328;81/2022;2022_81_135;opetus;1
1328;81/2022;2022_81_135;ottamisen;1
1328;81/2022;2022_81_135;palkankorotusten;1
1328;81/2022;2022_81_135;palkkaharmonisaatio;1
1328;81/2022;2022_81_135;palkkaharmonisaation;1
1328;81/2022;2022_81_135;palvelua;1
1328;81/2022;2022_81_135;puhemies;1
1328;81/2022;2022_81_135;puhumme;1
1328;81/2022;2022_81_135;pystytä;1
1328;81/2022;2022_81_135;päivää;1
1328;81/2022;2022_81_135;rahoituslaki;2
1328;81/2022;2022_81_135;rahoitusta;2
1328;81/2022;2022_81_135;rahoja;1
1328;81/2022;2022_81_135;saaneet;1
1328;81/2022;2022_81_135;siihen;2
1328;81/2022;2022_81_135;sille;1
1328;81/2022;2022_81_135;sillä;1
1328;81/2022;2022_81_135;sosiaali;1
1328;81/2022;2022_81_135;takaamaan;1
1328;81/2022;2022_81_135;tarvitaan;1
1328;81/2022;2022_81_135;tarvitsemaan;1
1328;81/2022;2022_81_135;tehty;3
1328;81/2022;2022_81_135;terveysvaliokunta;1
1328;81/2022;2022_81_135;toiminnasta;1
1328;81/2022;2022_81_135;torso;1
1328;81/2022;2022_81_135;torstaina;1
1328;81/2022;2022_81_135;tule;1
1328;81/2022;2022_81_135;tulevaisuudessa;1
1328;81/2022;2022_81_135;tulevat;1
1328;81/2022;2022_81_135;tuomme;1
1328;81/2022;2022_81_135;tälläkin;1
1328;81/2022;2022_81_135;tämä;3
1328;81/2022;2022_81_135;tässä;1
1328;81/2022;2022_81_135;uudistuksessa;1
1328;81/2022;2022_81_135;uudistuksesta;1
1328;81/2022;2022_81_135;valiokunnat;1
1328;81/2022;2022_81_135;vastaamaan;1
1328;81/2022;2022_81_135;vastausta;1
1328;81/2022;2022_81_135;velkojen;1
1328;81/2022;2022_81_135;vielä;1
1328;81/2022;2022_81_135;yhdeksän;1
1328;81/2022;2022_81_135;yksi;1
1328;82/2020;2020_82_31;ajaudumme;1
1328;82/2020;2020_82_31;antaa;1
1328;82/2020;2020_82_31;anteeksi;1
1328;82/2020;2020_82_31;anteeksiannon;2
1328;82/2020;2020_82_31;arvoisa;1
1328;82/2020;2020_82_31;asetettava;1
1328;82/2020;2020_82_31;ekpstä;1
1328;82/2020;2020_82_31;eli;1
1328;82/2020;2020_82_31;espanja;1
1328;82/2020;2020_82_31;että;4
1328;82/2020;2020_82_31;hallitus;1
1328;82/2020;2020_82_31;haluamme;1
1328;82/2020;2020_82_31;haluavat;2
1328;82/2020;2020_82_31;idea;1
1328;82/2020;2020_82_31;iso;1
1328;82/2020;2020_82_31;isompi;1
1328;82/2020;2020_82_31;italia;1
1328;82/2020;2020_82_31;ja;4
1328;82/2020;2020_82_31;jakaa;2
1328;82/2020;2020_82_31;jatkuvasta;1
1328;82/2020;2020_82_31;jo;2
1328;82/2020;2020_82_31;jossain;1
1328;82/2020;2020_82_31;jotka;1
1328;82/2020;2020_82_31;jälkeen;2
1328;82/2020;2020_82_31;kun;5
1328;82/2020;2020_82_31;kuten;1
1328;82/2020;2020_82_31;kuvittelette;1
1328;82/2020;2020_82_31;kyseessä;1
1328;82/2020;2020_82_31;lainanotosta;1
1328;82/2020;2020_82_31;lainapaketti;1
1328;82/2020;2020_82_31;lainapotti;1
1328;82/2020;2020_82_31;lainoja;1
1328;82/2020;2020_82_31;lainojen;3
1328;82/2020;2020_82_31;lisää;1
1328;82/2020;2020_82_31;lisäämisen;1
1328;82/2020;2020_82_31;loppua;1
1328;82/2020;2020_82_31;maat;1
1328;82/2020;2020_82_31;maille;2
1328;82/2020;2020_82_31;maksukyvyttömiä;1
1328;82/2020;2020_82_31;me;1
1328;82/2020;2020_82_31;meidän;1
1328;82/2020;2020_82_31;melkein;1
1328;82/2020;2020_82_31;miten;1
1328;82/2020;2020_82_31;mutta;1
1328;82/2020;2020_82_31;myös;2
1328;82/2020;2020_82_31;ne;2
1328;82/2020;2020_82_31;niin;1
1328;82/2020;2020_82_31;nyt;2
1328;82/2020;2020_82_31;näiden;1
1328;82/2020;2020_82_31;omat;1
1328;82/2020;2020_82_31;on;6
1328;82/2020;2020_82_31;ovat;2
1328;82/2020;2020_82_31;pakko;1
1328;82/2020;2020_82_31;pankkinsa;1
1328;82/2020;2020_82_31;pelastaa;1
1328;82/2020;2020_82_31;puhemies;1
1328;82/2020;2020_82_31;päivänselvää;1
1328;82/2020;2020_82_31;rahanpainamisen;1
1328;82/2020;2020_82_31;ranskan;1
1328;82/2020;2020_82_31;saksan;1
1328;82/2020;2020_82_31;se;1
1328;82/2020;2020_82_31;selviämään;1
1328;82/2020;2020_82_31;selvä;1
1328;82/2020;2020_82_31;selvää;1
1328;82/2020;2020_82_31;seuraa;1
1328;82/2020;2020_82_31;siihen;1
1328;82/2020;2020_82_31;suoria;1
1328;82/2020;2020_82_31;syntynyt;1
1328;82/2020;2020_82_31;te;1
1328;82/2020;2020_82_31;tiedämme;1
1328;82/2020;2020_82_31;tiekartta;1
1328;82/2020;2020_82_31;tilanteeseen;1
1328;82/2020;2020_82_31;tukia;1
1328;82/2020;2020_82_31;tulee;2
1328;82/2020;2020_82_31;tulevat;1
1328;82/2020;2020_82_31;tämä;2
1328;82/2020;2020_82_31;tämän;2
1328;82/2020;2020_82_31;tässä;1
1328;82/2020;2020_82_31;vaiheessa;1
1328;82/2020;2020_82_31;velkaa;1
1328;82/2020;2020_82_31;vielä;1
1328;82/2020;2020_82_31;välillä;1
1328;82/2020;2020_82_31;yhteydessä;1
1328;82/2020;2020_82_31;ylivelkaantuneita;1
1328;83/2019;2019_83_12;aidosti;1
1328;83/2019;2019_83_12;aikamme;1
1328;83/2019;2019_83_12;aikana;1
1328;83/2019;2019_83_12;aina;1
1328;83/2019;2019_83_12;aiota;1
1328;83/2019;2019_83_12;aivan;2
1328;83/2019;2019_83_12;akavan;1
1328;83/2019;2019_83_12;alkaa;1
1328;83/2019;2019_83_12;alun;1
1328;83/2019;2019_83_12;alvirajaa;1
1328;83/2019;2019_83_12;annoin;1
1328;83/2019;2019_83_12;antaa;2
1328;83/2019;2019_83_12;arhinmäen;1
1328;83/2019;2019_83_12;arvoisa;2
1328;83/2019;2019_83_12;asetti;1
1328;83/2019;2019_83_12;asia;1
1328;83/2019;2019_83_12;asiaa;1
1328;83/2019;2019_83_12;auttaa;1
1328;83/2019;2019_83_12;avoimuutta;1
1328;83/2019;2019_83_12;biaudet;1
1328;83/2019;2019_83_12;brainstormaatte;1
1328;83/2019;2019_83_12;edellisen;1
1328;83/2019;2019_83_12;edes;1
1328;83/2019;2019_83_12;edessämme;1
1328;83/2019;2019_83_12;eduista;1
1328;83/2019;2019_83_12;ehdotuksia;1
1328;83/2019;2019_83_12;ei;17
1328;83/2019;2019_83_12;eivät;2
1328;83/2019;2019_83_12;en;1
1328;83/2019;2019_83_12;enemmän;1
1328;83/2019;2019_83_12;ennen;3
1328;83/2019;2019_83_12;ensinnäkin;1
1328;83/2019;2019_83_12;entisestään;1
1328;83/2019;2019_83_12;enää;1
1328;83/2019;2019_83_12;epävarmuudesta;1
1328;83/2019;2019_83_12;epävarmuus;1
1328;83/2019;2019_83_12;eri;2
1328;83/2019;2019_83_12;esimerkiksi;4
1328;83/2019;2019_83_12;esimerkki;1
1328;83/2019;2019_83_12;että;9
1328;83/2019;2019_83_12;eturyhmän;1
1328;83/2019;2019_83_12;eva;1
1328;83/2019;2019_83_12;fjäder;2
1328;83/2019;2019_83_12;haastattelussa;1
1328;83/2019;2019_83_12;hallituksella;2
1328;83/2019;2019_83_12;hallitukselta;1
1328;83/2019;2019_83_12;hallituksen;3
1328;83/2019;2019_83_12;hallitus;7
1328;83/2019;2019_83_12;hallitusohjelma;2
1328;83/2019;2019_83_12;hallitusohjelmaan;1
1328;83/2019;2019_83_12;hallitusohjelmalle;1
1328;83/2019;2019_83_12;hallitusohjelman;1
1328;83/2019;2019_83_12;hallituspuolue;1
1328;83/2019;2019_83_12;hallitusta;1
1328;83/2019;2019_83_12;halu;1
1328;83/2019;2019_83_12;heijastuvat;1
1328;83/2019;2019_83_12;heitä;1
1328;83/2019;2019_83_12;helpottaa;1
1328;83/2019;2019_83_12;hengessä;1
1328;83/2019;2019_83_12;hetken;1
1328;83/2019;2019_83_12;hetki;1
1328;83/2019;2019_83_12;hidastamiseksi;1
1328;83/2019;2019_83_12;hinnalla;1
1328;83/2019;2019_83_12;huolimatta;1
1328;83/2019;2019_83_12;huomaa;1
1328;83/2019;2019_83_12;huomaan;1
1328;83/2019;2019_83_12;hyvä;2
1328;83/2019;2019_83_12;hyvän;1
1328;83/2019;2019_83_12;hyvänsä;1
1328;83/2019;2019_83_12;hyvässä;1
1328;83/2019;2019_83_12;idea;1
1328;83/2019;2019_83_12;ideoita;1
1328;83/2019;2019_83_12;ihmeitä;1
1328;83/2019;2019_83_12;ilmastonmuutoksen;1
1328;83/2019;2019_83_12;ilmastopolitiikka;1
1328;83/2019;2019_83_12;ilmeiseksi;1
1328;83/2019;2019_83_12;intressiryhmien;1
1328;83/2019;2019_83_12;investoi;1
1328;83/2019;2019_83_12;investointeja;2
1328;83/2019;2019_83_12;ja;13
1328;83/2019;2019_83_12;jakamisen;1
1328;83/2019;2019_83_12;jaksamista;1
1328;83/2019;2019_83_12;jatkuvan;1
1328;83/2019;2019_83_12;jo;4
1328;83/2019;2019_83_12;johon;1
1328;83/2019;2019_83_12;johtajaa;1
1328;83/2019;2019_83_12;johtajia;1
1328;83/2019;2019_83_12;johtama;1
1328;83/2019;2019_83_12;johtamisen;1
1328;83/2019;2019_83_12;johtopäätös;1
1328;83/2019;2019_83_12;joiden;2
1328;83/2019;2019_83_12;joka;2
1328;83/2019;2019_83_12;jokainen;1
1328;83/2019;2019_83_12;jolla;1
1328;83/2019;2019_83_12;jos;1
1328;83/2019;2019_83_12;jossa;2
1328;83/2019;2019_83_12;jossain;1
1328;83/2019;2019_83_12;jotain;1
1328;83/2019;2019_83_12;jotka;3
1328;83/2019;2019_83_12;jotta;1
1328;83/2019;2019_83_12;juuri;2
1328;83/2019;2019_83_12;jälleen;1
1328;83/2019;2019_83_12;kabineteissa;1
1328;83/2019;2019_83_12;kaikkea;2
1328;83/2019;2019_83_12;kaikkien;1
1328;83/2019;2019_83_12;kaipaa;2
1328;83/2019;2019_83_12;kaksi;1
1328;83/2019;2019_83_12;kannattaa;1
1328;83/2019;2019_83_12;kansainvälinen;1
1328;83/2019;2019_83_12;kanssa;1
1328;83/2019;2019_83_12;karaokea;1
1328;83/2019;2019_83_12;kasaan;1
1328;83/2019;2019_83_12;kasvanut;1
1328;83/2019;2019_83_12;keinoja;2
1328;83/2019;2019_83_12;keinot;1
1328;83/2019;2019_83_12;keksii;1
1328;83/2019;2019_83_12;keskeltä;1
1328;83/2019;2019_83_12;keskittyvät;1
1328;83/2019;2019_83_12;kestämään;1
1328;83/2019;2019_83_12;kesällä;1
1328;83/2019;2019_83_12;keväällä;1
1328;83/2019;2019_83_12;kirjoittaa;1
1328;83/2019;2019_83_12;koalitiossa;1
1328;83/2019;2019_83_12;kohinan;1
1328;83/2019;2019_83_12;kokeilee;1
1328;83/2019;2019_83_12;kolmikantaisesta;1
1328;83/2019;2019_83_12;kolmikantaisiin;1
1328;83/2019;2019_83_12;konsulttina;1
1328;83/2019;2019_83_12;korostuvat;1
1328;83/2019;2019_83_12;kriisejä;1
1328;83/2019;2019_83_12;kuin;1
1328;83/2019;2019_83_12;kuitenkin;1
1328;83/2019;2019_83_12;kulttuuria;1
1328;83/2019;2019_83_12;kumartaa;1
1328;83/2019;2019_83_12;kumoamisia;1
1328;83/2019;2019_83_12;kun;5
1328;83/2019;2019_83_12;kunhan;1
1328;83/2019;2019_83_12;kuningasideansa;1
1328;83/2019;2019_83_12;kuntoon;1
1328;83/2019;2019_83_12;kuunnella;1
1328;83/2019;2019_83_12;kykyä;1
1328;83/2019;2019_83_12;kyllä;1
1328;83/2019;2019_83_12;käsittäneet;1
1328;83/2019;2019_83_12;käynyt;1
1328;83/2019;2019_83_12;käytte;1
1328;83/2019;2019_83_12;lauantaina;1
1328;83/2019;2019_83_12;laulamassa;1
1328;83/2019;2019_83_12;liian;1
1328;83/2019;2019_83_12;liikaa;1
1328;83/2019;2019_83_12;linja;1
1328;83/2019;2019_83_12;lisäksi;1
1328;83/2019;2019_83_12;lisää;1
1328;83/2019;2019_83_12;loistavan;1
1328;83/2019;2019_83_12;lopulta;2
1328;83/2019;2019_83_12;luoda;1
1328;83/2019;2019_83_12;luonnollisesti;1
1328;83/2019;2019_83_12;luotsattaisiin;1
1328;83/2019;2019_83_12;luottamusta;1
1328;83/2019;2019_83_12;lyhyesti;1
1328;83/2019;2019_83_12;läpi;2
1328;83/2019;2019_83_12;löytää;1
1328;83/2019;2019_83_12;maailman;1
1328;83/2019;2019_83_12;mahdollisuuden;1
1328;83/2019;2019_83_12;maksaisi;1
1328;83/2019;2019_83_12;marinin;1
1328;83/2019;2019_83_12;median;1
1328;83/2019;2019_83_12;meille;1
1328;83/2019;2019_83_12;menetti;1
1328;83/2019;2019_83_12;menettää;1
1328;83/2019;2019_83_12;meni;1
1328;83/2019;2019_83_12;menossa;1
1328;83/2019;2019_83_12;miksi;1
1328;83/2019;2019_83_12;millä;1
1328;83/2019;2019_83_12;missä;1
1328;83/2019;2019_83_12;missään;1
1328;83/2019;2019_83_12;miten;1
1328;83/2019;2019_83_12;mitään;3
1328;83/2019;2019_83_12;monta;1
1328;83/2019;2019_83_12;mtvn;1
1328;83/2019;2019_83_12;muistuttaisin;1
1328;83/2019;2019_83_12;mukaan;1
1328;83/2019;2019_83_12;murrosajan;1
1328;83/2019;2019_83_12;mutta;3
1328;83/2019;2019_83_12;muutos;1
1328;83/2019;2019_83_12;muuttaa;1
1328;83/2019;2019_83_12;myllerrykseen;1
1328;83/2019;2019_83_12;myöhäistä;1
1328;83/2019;2019_83_12;myös;4
1328;83/2019;2019_83_12;myöskään;1
1328;83/2019;2019_83_12;naurua;2
1328;83/2019;2019_83_12;ne;1
1328;83/2019;2019_83_12;niin;2
1328;83/2019;2019_83_12;nopeaa;1
1328;83/2019;2019_83_12;nostaa;1
1328;83/2019;2019_83_12;nyky-yhteiskunta;1
1328;83/2019;2019_83_12;nyt;8
1328;83/2019;2019_83_12;nähdään;1
1328;83/2019;2019_83_12;näiden;1
1328;83/2019;2019_83_12;näin;2
1328;83/2019;2019_83_12;nämä;1
1328;83/2019;2019_83_12;näytä;1
1328;83/2019;2019_83_12;odotettavissa;1
1328;83/2019;2019_83_12;ohjelma;1
1328;83/2019;2019_83_12;ole;6
1328;83/2019;2019_83_12;olevan;2
1328;83/2019;2019_83_12;oli;2
1328;83/2019;2019_83_12;olisi;3
1328;83/2019;2019_83_12;olivat;1
1328;83/2019;2019_83_12;olla;2
1328;83/2019;2019_83_12;ollut;2
1328;83/2019;2019_83_12;oma;2
1328;83/2019;2019_83_12;oman;2
1328;83/2019;2019_83_12;omia;1
1328;83/2019;2019_83_12;omiakin;1
1328;83/2019;2019_83_12;on;9
1328;83/2019;2019_83_12;ongelma;2
1328;83/2019;2019_83_12;onnea;1
1328;83/2019;2019_83_12;osalliset;1
1328;83/2019;2019_83_12;ovat;4
1328;83/2019;2019_83_12;paavo;1
1328;83/2019;2019_83_12;paikallista;1
1328;83/2019;2019_83_12;paitsi;1
1328;83/2019;2019_83_12;palaute;1
1328;83/2019;2019_83_12;paljasti;1
1328;83/2019;2019_83_12;paljon;1
1328;83/2019;2019_83_12;paras;1
1328;83/2019;2019_83_12;parasta;1
1328;83/2019;2019_83_12;penäsi;1
1328;83/2019;2019_83_12;perin;1
1328;83/2019;2019_83_12;perässä;1
1328;83/2019;2019_83_12;pidätte;1
1328;83/2019;2019_83_12;pitäisi;2
1328;83/2019;2019_83_12;pitänyt;1
1328;83/2019;2019_83_12;pitää;1
1328;83/2019;2019_83_12;pohjalle;1
1328;83/2019;2019_83_12;politiikka;1
1328;83/2019;2019_83_12;pubissa;1
1328;83/2019;2019_83_12;puhemies;2
1328;83/2019;2019_83_12;puhua;1
1328;83/2019;2019_83_12;puutteet;1
1328;83/2019;2019_83_12;puuttua;1
1328;83/2019;2019_83_12;puuttuu;1
1328;83/2019;2019_83_12;pyllistävänsä;1
1328;83/2019;2019_83_12;pysyä;1
1328;83/2019;2019_83_12;päiväkohtaisien;1
1328;83/2019;2019_83_12;päiväys;1
1328;83/2019;2019_83_12;päädyttiin;1
1328;83/2019;2019_83_12;pääministerille;1
1328;83/2019;2019_83_12;päättäjiltä;1
1328;83/2019;2019_83_12;päättäjän;1
1328;83/2019;2019_83_12;päätöksiä;1
1328;83/2019;2019_83_12;päätösten;1
1328;83/2019;2019_83_12;ratkaisuja;1
1328;83/2019;2019_83_12;reippaita;1
1328;83/2019;2019_83_12;riittämättömät;1
1328;83/2019;2019_83_12;rinteen;2
1328;83/2019;2019_83_12;ristiriidan;1
1328;83/2019;2019_83_12;saa;4
1328;83/2019;2019_83_12;saada;2
1328;83/2019;2019_83_12;sama;1
1328;83/2019;2019_83_12;samalla;2
1328;83/2019;2019_83_12;samoin;1
1328;83/2019;2019_83_12;sanna;1
1328;83/2019;2019_83_12;sdpn;1
1328;83/2019;2019_83_12;se;7
1328;83/2019;2019_83_12;sebastian;1
1328;83/2019;2019_83_12;selitän;1
1328;83/2019;2019_83_12;selkeästi;1
1328;83/2019;2019_83_12;sellaista;2
1328;83/2019;2019_83_12;selvästi;1
1328;83/2019;2019_83_12;sen;5
1328;83/2019;2019_83_12;siihen;1
1328;83/2019;2019_83_12;siis;1
1328;83/2019;2019_83_12;sijaan;1
1328;83/2019;2019_83_12;siksi;2
1328;83/2019;2019_83_12;sillä;1
1328;83/2019;2019_83_12;sisäistä;1
1328;83/2019;2019_83_12;sitä;2
1328;83/2019;2019_83_12;somekohina;1
1328;83/2019;2019_83_12;sopimista;1
1328;83/2019;2019_83_12;sopua;1
1328;83/2019;2019_83_12;sosiaalisen;1
1328;83/2019;2019_83_12;sture;1
1328;83/2019;2019_83_12;suomea;1
1328;83/2019;2019_83_12;suomeen;1
1328;83/2019;2019_83_12;suuntaan;1
1328;83/2019;2019_83_12;suurin;1
1328;83/2019;2019_83_12;syntyvä;1
1328;83/2019;2019_83_12;syntyvät;1
1328;83/2019;2019_83_12;syntyä;1
1328;83/2019;2019_83_12;säntäile;1
1328;83/2019;2019_83_12;tahoille;1
1328;83/2019;2019_83_12;tallinnan-risteilyn;1
1328;83/2019;2019_83_12;tallinnassa;1
1328;83/2019;2019_83_12;talman;2
1328;83/2019;2019_83_12;talouden;1
1328;83/2019;2019_83_12;talous;1
1328;83/2019;2019_83_12;tammikuussa;1
1328;83/2019;2019_83_12;tapaa;1
1328;83/2019;2019_83_12;tapahtumassa;1
1328;83/2019;2019_83_12;tarjota;1
1328;83/2019;2019_83_12;tasapaino;1
1328;83/2019;2019_83_12;tasapainottunut;1
1328;83/2019;2019_83_12;taustalla;1
1328;83/2019;2019_83_12;tavalla;1
1328;83/2019;2019_83_12;tavoitteessa;1
1328;83/2019;2019_83_12;tavoitteiltaan;1
1328;83/2019;2019_83_12;tee;1
1328;83/2019;2019_83_12;tehdä;7
1328;83/2019;2019_83_12;tehtäisiin;1
1328;83/2019;2019_83_12;tehtävään;1
1328;83/2019;2019_83_12;teiltä;1
1328;83/2019;2019_83_12;teitä;1
1328;83/2019;2019_83_12;tila;1
1328;83/2019;2019_83_12;tilaisuuden;1
1328;83/2019;2019_83_12;tinkimään;1
1328;83/2019;2019_83_12;todella;1
1328;83/2019;2019_83_12;toimet;2
1328;83/2019;2019_83_12;toimia;3
1328;83/2019;2019_83_12;toinen;1
1328;83/2019;2019_83_12;toisaalle;1
1328;83/2019;2019_83_12;toisekseen;1
1328;83/2019;2019_83_12;toiseksi;1
1328;83/2019;2019_83_12;toisin;1
1328;83/2019;2019_83_12;toisten;1
1328;83/2019;2019_83_12;toivoa;1
1328;83/2019;2019_83_12;toivotan;1
1328;83/2019;2019_83_12;torppaamaan;1
1328;83/2019;2019_83_12;toteuttaa;1
1328;83/2019;2019_83_12;toteutuu;1
1328;83/2019;2019_83_12;totta;1
1328;83/2019;2019_83_12;tulevaisuudennäkymiä;1
1328;83/2019;2019_83_12;tulla;1
1328;83/2019;2019_83_12;tuntemuksien;1
1328;83/2019;2019_83_12;tuon;1
1328;83/2019;2019_83_12;tuplapoistot;1
1328;83/2019;2019_83_12;turpeeseen;1
1328;83/2019;2019_83_12;tynkkynen;1
1328;83/2019;2019_83_12;työllistämiskeinoja;1
1328;83/2019;2019_83_12;työllisyys;1
1328;83/2019;2019_83_12;työllisyyttä;1
1328;83/2019;2019_83_12;työn;1
1328;83/2019;2019_83_12;työpaikat;1
1328;83/2019;2019_83_12;työpajassa;1
1328;83/2019;2019_83_12;työryhmiin;1
1328;83/2019;2019_83_12;työryhmistä;1
1328;83/2019;2019_83_12;tämän;1
1328;83/2019;2019_83_12;täydellinen;1
1328;83/2019;2019_83_12;uskottavuuttaan;1
1328;83/2019;2019_83_12;uudelle;1
1328;83/2019;2019_83_12;uudet;1
1328;83/2019;2019_83_12;uudistuksesta;1
1328;83/2019;2019_83_12;uudistuksia;1
1328;83/2019;2019_83_12;uusi;1
1328;83/2019;2019_83_12;uusia;3
1328;83/2019;2019_83_12;uusiksi;1
1328;83/2019;2019_83_12;uutta;1
1328;83/2019;2019_83_12;vaaditaan;1
1328;83/2019;2019_83_12;vaan;2
1328;83/2019;2019_83_12;vaatii;2
1328;83/2019;2019_83_12;vaativaan;1
1328;83/2019;2019_83_12;vahvaa;1
1328;83/2019;2019_83_12;vaikka;2
1328;83/2019;2019_83_12;vaikuttaa;1
1328;83/2019;2019_83_12;vain;1
1328;83/2019;2019_83_12;valittu;1
1328;83/2019;2019_83_12;valmis;2
1328;83/2019;2019_83_12;valtiontalouden;1
1328;83/2019;2019_83_12;varalle;1
1328;83/2019;2019_83_12;varmasti;2
1328;83/2019;2019_83_12;varmistamaan;1
1328;83/2019;2019_83_12;vauhdittaa;1
1328;83/2019;2019_83_12;velkarahan;1
1328;83/2019;2019_83_12;verotusta;1
1328;83/2019;2019_83_12;vielä;3
1328;83/2019;2019_83_12;virhe;1
1328;83/2019;2019_83_12;visio;1
1328;83/2019;2019_83_12;vision;1
1328;83/2019;2019_83_12;voi;1
1328;83/2019;2019_83_12;voima;1
1328;83/2019;2019_83_12;voin;1
1328;83/2019;2019_83_12;voisi;5
1328;83/2019;2019_83_12;voivat;1
1328;83/2019;2019_83_12;vuoksi;2
1328;83/2019;2019_83_12;vuorovaikutuksen;1
1328;83/2019;2019_83_12;vuorovaikutuksessa;1
1328;83/2019;2019_83_12;vähemmän;1
1328;83/2019;2019_83_12;välihuuto;1
1328;83/2019;2019_83_12;välihuutoja;1
1328;83/2019;2019_83_12;väärät;1
1328;83/2019;2019_83_12;yhden;1
1328;83/2019;2019_83_12;yhteisen;1
1328;83/2019;2019_83_12;yhteistyön;1
1328;83/2019;2019_83_12;yhteisöveroa;1
1328;83/2019;2019_83_12;yhtenäisinä;1
1328;83/2019;2019_83_12;yhtä;1
1328;83/2019;2019_83_12;ykköshankkeet;1
1328;83/2019;2019_83_12;yksi;1
1328;83/2019;2019_83_12;yksin-yrittäjän;1
1328;83/2019;2019_83_12;yleensä;1
1328;83/2019;2019_83_12;yläpuolella;1
1328;83/2019;2019_83_12;yritetään;1
1328;83/2019;2019_83_12;yrittäjät;1
1328;83/2019;2019_83_12;yrityksiin;1
1328;83/2019;2019_83_12;yritys;1
1328;83/2019;2019_83_12;äkäistä;1
1328;83/2019;2019_83_12;ärade;2
1328;83/2019;2019_83_12;äänestäjien;1
1328;83/2019;2019_83_12;äänestäjiltä;1
1328;83/2025;2025_83_20;aamuna;1
1328;83/2025;2025_83_20;ahneutta;1
1328;83/2025;2025_83_20;aikaisin;1
1328;83/2025;2025_83_20;alennus;1
1328;83/2025;2025_83_20;aloitan;1
1328;83/2025;2025_83_20;aloittavat;1
1328;83/2025;2025_83_20;alvia;1
1328;83/2025;2025_83_20;arvoisa;5
1328;83/2025;2025_83_20;asuntorahoituksesta;1
1328;83/2025;2025_83_20;bluffi;1
1328;83/2025;2025_83_20;budjetti;1
1328;83/2025;2025_83_20;budjettiehdotuksen;1
1328;83/2025;2025_83_20;budjettisäästö;1
1328;83/2025;2025_83_20;edes;1
1328;83/2025;2025_83_20;een;1
1328;83/2025;2025_83_20;ehdotellaan;1
1328;83/2025;2025_83_20;ei;10
1328;83/2025;2025_83_20;eikä;2
1328;83/2025;2025_83_20;eli;1
1328;83/2025;2025_83_20;eläkerahasto;1
1328;83/2025;2025_83_20;eläkerahastosta;1
1328;83/2025;2025_83_20;eläkevakuutusyhtiöiden;1
1328;83/2025;2025_83_20;eläkkeensä;1
1328;83/2025;2025_83_20;emme;1
1328;83/2025;2025_83_20;enemmän;4
1328;83/2025;2025_83_20;ennätyslukemissa;1
1328;83/2025;2025_83_20;ensimmäistä;2
1328;83/2025;2025_83_20;erittäin;2
1328;83/2025;2025_83_20;esimerkiksi;3
1328;83/2025;2025_83_20;että;6
1328;83/2025;2025_83_20;eun;1
1328;83/2025;2025_83_20;euroa;1
1328;83/2025;2025_83_20;euron;5
1328;83/2025;2025_83_20;hallituksen;4
1328;83/2025;2025_83_20;hallitus;1
1328;83/2025;2025_83_20;haluta;1
1328;83/2025;2025_83_20;hankala;1
1328;83/2025;2025_83_20;hankkeista;1
1328;83/2025;2025_83_20;hankkia;1
1328;83/2025;2025_83_20;haukkuminen;1
1328;83/2025;2025_83_20;heistä;1
1328;83/2025;2025_83_20;hengästyttävää;1
1328;83/2025;2025_83_20;herätys;1
1328;83/2025;2025_83_20;heti;1
1328;83/2025;2025_83_20;huhtasaari;2
1328;83/2025;2025_83_20;huolehditaan;1
1328;83/2025;2025_83_20;huolimatta;1
1328;83/2025;2025_83_20;huono;1
1328;83/2025;2025_83_20;hyvä;2
1328;83/2025;2025_83_20;hälinää;1
1328;83/2025;2025_83_20;ideoita;1
1328;83/2025;2025_83_20;ihmiset;1
1328;83/2025;2025_83_20;ilman;2
1328;83/2025;2025_83_20;inflaatio;1
1328;83/2025;2025_83_20;intressejä;1
1328;83/2025;2025_83_20;investoida;1
1328;83/2025;2025_83_20;investoidaan;1
1328;83/2025;2025_83_20;itsekkäämmin;1
1328;83/2025;2025_83_20;ja;35
1328;83/2025;2025_83_20;jamassa;1
1328;83/2025;2025_83_20;jatkaa;1
1328;83/2025;2025_83_20;jo;1
1328;83/2025;2025_83_20;johda;1
1328;83/2025;2025_83_20;joku;1
1328;83/2025;2025_83_20;joskus;1
1328;83/2025;2025_83_20;jossa;1
1328;83/2025;2025_83_20;jota;1
1328;83/2025;2025_83_20;jotakin;1
1328;83/2025;2025_83_20;jotka;2
1328;83/2025;2025_83_20;julkinen;2
1328;83/2025;2025_83_20;julkiset;1
1328;83/2025;2025_83_20;jälkeen;1
1328;83/2025;2025_83_20;kahden;2
1328;83/2025;2025_83_20;kaiken;1
1328;83/2025;2025_83_20;kaikessa;1
1328;83/2025;2025_83_20;kaivos;1
1328;83/2025;2025_83_20;kallein;1
1328;83/2025;2025_83_20;kannattaa;1
1328;83/2025;2025_83_20;kasvaa;1
1328;83/2025;2025_83_20;kasvu;1
1328;83/2025;2025_83_20;kasvua;3
1328;83/2025;2025_83_20;kasvulla;1
1328;83/2025;2025_83_20;kasvuohjelma;1
1328;83/2025;2025_83_20;kasvuohjelmaan;1
1328;83/2025;2025_83_20;kasvuohjelmasta;1
1328;83/2025;2025_83_20;kasvuyrityksiin;1
1328;83/2025;2025_83_20;kautta;2
1328;83/2025;2025_83_20;kerrotaan;1
1328;83/2025;2025_83_20;kertoo;1
1328;83/2025;2025_83_20;keskityttävä;2
1328;83/2025;2025_83_20;keskustelun;1
1328;83/2025;2025_83_20;kiinni;1
1328;83/2025;2025_83_20;kiitos;2
1328;83/2025;2025_83_20;kirjattu;1
1328;83/2025;2025_83_20;kohta;2
1328;83/2025;2025_83_20;koko;1
1328;83/2025;2025_83_20;kolme;2
1328;83/2025;2025_83_20;konkurssiin;2
1328;83/2025;2025_83_20;koputtaa;1
1328;83/2025;2025_83_20;korjattava;1
1328;83/2025;2025_83_20;korkein;2
1328;83/2025;2025_83_20;korko;1
1328;83/2025;2025_83_20;korkoihin;1
1328;83/2025;2025_83_20;koska;1
1328;83/2025;2025_83_20;koskaan;1
1328;83/2025;2025_83_20;kotimainen;1
1328;83/2025;2025_83_20;kotimaisiin;1
1328;83/2025;2025_83_20;kotitalousvähennystä;2
1328;83/2025;2025_83_20;kovin;1
1328;83/2025;2025_83_20;kuin;7
1328;83/2025;2025_83_20;kuittaa;1
1328;83/2025;2025_83_20;kun;6
1328;83/2025;2025_83_20;kuoliaaksi;1
1328;83/2025;2025_83_20;kymmenen;1
1328;83/2025;2025_83_20;käyttöön;1
1328;83/2025;2025_83_20;laahannut;1
1328;83/2025;2025_83_20;laina;1
1328;83/2025;2025_83_20;lainaaminen;1
1328;83/2025;2025_83_20;lainojen;2
1328;83/2025;2025_83_20;lamavuosina;1
1328;83/2025;2025_83_20;laskea;1
1328;83/2025;2025_83_20;laura;2
1328;83/2025;2025_83_20;leikkaus;1
1328;83/2025;2025_83_20;liian;2
1328;83/2025;2025_83_20;liiketoiminnan;1
1328;83/2025;2025_83_20;liikevaihtoon;1
1328;83/2025;2025_83_20;lopettavat;1
1328;83/2025;2025_83_20;luomaan;1
1328;83/2025;2025_83_20;lupauksen;1
1328;83/2025;2025_83_20;lupausta;1
1328;83/2025;2025_83_20;luvun;1
1328;83/2025;2025_83_20;lähteä;1
1328;83/2025;2025_83_20;länsimaiden;1
1328;83/2025;2025_83_20;löydettävä;2
1328;83/2025;2025_83_20;löydämme;1
1328;83/2025;2025_83_20;löytää;1
1328;83/2025;2025_83_20;maa;3
1328;83/2025;2025_83_20;maailmaa;1
1328;83/2025;2025_83_20;maailman;2
1328;83/2025;2025_83_20;mahdollisessa;1
1328;83/2025;2025_83_20;mahdollisuuksia;1
1328;83/2025;2025_83_20;maksaa;1
1328;83/2025;2025_83_20;maksaneet;1
1328;83/2025;2025_83_20;makseta;1
1328;83/2025;2025_83_20;mallia;1
1328;83/2025;2025_83_20;me;1
1328;83/2025;2025_83_20;meidän;8
1328;83/2025;2025_83_20;meillä;1
1328;83/2025;2025_83_20;menee;3
1328;83/2025;2025_83_20;menestyä;1
1328;83/2025;2025_83_20;mihin;1
1328;83/2025;2025_83_20;mihinkään;2
1328;83/2025;2025_83_20;mikä;1
1328;83/2025;2025_83_20;miljardia;2
1328;83/2025;2025_83_20;miljardin;3
1328;83/2025;2025_83_20;miljoonaa;1
1328;83/2025;2025_83_20;miljoonaksi;1
1328;83/2025;2025_83_20;miljoonan;1
1328;83/2025;2025_83_20;minä;1
1328;83/2025;2025_83_20;mitä;1
1328;83/2025;2025_83_20;mukana;1
1328;83/2025;2025_83_20;mutta;2
1328;83/2025;2025_83_20;muutamia;2
1328;83/2025;2025_83_20;muutenkin;1
1328;83/2025;2025_83_20;myydään;2
1328;83/2025;2025_83_20;myös;1
1328;83/2025;2025_83_20;naurua;1
1328;83/2025;2025_83_20;ne;1
1328;83/2025;2025_83_20;neljä;1
1328;83/2025;2025_83_20;neuvotteluista;1
1328;83/2025;2025_83_20;niiden;1
1328;83/2025;2025_83_20;niihin;2
1328;83/2025;2025_83_20;niin;1
1328;83/2025;2025_83_20;niinpä;1
1328;83/2025;2025_83_20;niissä;3
1328;83/2025;2025_83_20;niitä;1
1328;83/2025;2025_83_20;nopeammin;1
1328;83/2025;2025_83_20;nopeasti;1
1328;83/2025;2025_83_20;nopeita;1
1328;83/2025;2025_83_20;nostaa;2
1328;83/2025;2025_83_20;nostettiin;1
1328;83/2025;2025_83_20;nostoja;2
1328;83/2025;2025_83_20;nuo;1
1328;83/2025;2025_83_20;nyt;4
1328;83/2025;2025_83_20;näin;1
1328;83/2025;2025_83_20;näkymää;1
1328;83/2025;2025_83_20;nälkää;1
1328;83/2025;2025_83_20;odottaa;1
1328;83/2025;2025_83_20;ohjelmassa;1
1328;83/2025;2025_83_20;oikeasti;6
1328;83/2025;2025_83_20;ole;1
1328;83/2025;2025_83_20;oli;2
1328;83/2025;2025_83_20;olisi;2
1328;83/2025;2025_83_20;olla;6
1328;83/2025;2025_83_20;olotila;1
1328;83/2025;2025_83_20;omasta;1
1328;83/2025;2025_83_20;omat;2
1328;83/2025;2025_83_20;omistajille;1
1328;83/2025;2025_83_20;on;31
1328;83/2025;2025_83_20;osingot;1
1328;83/2025;2025_83_20;osinkoina;1
1328;83/2025;2025_83_20;otetaan;1
1328;83/2025;2025_83_20;otettaisiin;1
1328;83/2025;2025_83_20;ovat;3
1328;83/2025;2025_83_20;pahimpina;1
1328;83/2025;2025_83_20;paikallamme;1
1328;83/2025;2025_83_20;paitsi;1
1328;83/2025;2025_83_20;paljoa;1
1328;83/2025;2025_83_20;paljon;3
1328;83/2025;2025_83_20;parhaimpia;1
1328;83/2025;2025_83_20;parhaita;1
1328;83/2025;2025_83_20;pelkästään;2
1328;83/2025;2025_83_20;perustettu;1
1328;83/2025;2025_83_20;perustuttava;1
1328;83/2025;2025_83_20;pidemmän;1
1328;83/2025;2025_83_20;pidetty;1
1328;83/2025;2025_83_20;pidä;1
1328;83/2025;2025_83_20;pieni;3
1328;83/2025;2025_83_20;pienten;1
1328;83/2025;2025_83_20;pikavippi;1
1328;83/2025;2025_83_20;pilkkominen;1
1328;83/2025;2025_83_20;pitäisi;7
1328;83/2025;2025_83_20;pitänyt;1
1328;83/2025;2025_83_20;pitää;6
1328;83/2025;2025_83_20;politiikasta;1
1328;83/2025;2025_83_20;portaittain;1
1328;83/2025;2025_83_20;prosentin;4
1328;83/2025;2025_83_20;prosenttiin;1
1328;83/2025;2025_83_20;pudottaa;1
1328;83/2025;2025_83_20;puhemies;6
1328;83/2025;2025_83_20;puhuu;1
1328;83/2025;2025_83_20;puolitettava;1
1328;83/2025;2025_83_20;puolueiden;1
1328;83/2025;2025_83_20;puolustukseen;1
1328;83/2025;2025_83_20;puolustuksesta;1
1328;83/2025;2025_83_20;puolustusteollisuudessa;1
1328;83/2025;2025_83_20;puuttuu;2
1328;83/2025;2025_83_20;pystymme;1
1328;83/2025;2025_83_20;pysymme;1
1328;83/2025;2025_83_20;pysyvämpi;1
1328;83/2025;2025_83_20;päästä;1
1328;83/2025;2025_83_20;päätöksiä;1
1328;83/2025;2025_83_20;rahaa;2
1328;83/2025;2025_83_20;rahastosta;1
1328;83/2025;2025_83_20;riitä;1
1328;83/2025;2025_83_20;rohkeaan;1
1328;83/2025;2025_83_20;rohkeammin;1
1328;83/2025;2025_83_20;rohkeasta;1
1328;83/2025;2025_83_20;rohkeita;1
1328;83/2025;2025_83_20;ruotsalaiset;1
1328;83/2025;2025_83_20;ruotsissa;1
1328;83/2025;2025_83_20;saa;1
1328;83/2025;2025_83_20;saaneet;1
1328;83/2025;2025_83_20;saavat;1
1328;83/2025;2025_83_20;samalla;1
1328;83/2025;2025_83_20;sanoa;2
1328;83/2025;2025_83_20;satun;1
1328;83/2025;2025_83_20;se;2
1328;83/2025;2025_83_20;sektori;1
1328;83/2025;2025_83_20;selkäranka;1
1328;83/2025;2025_83_20;selvitysten;1
1328;83/2025;2025_83_20;selviämme;1
1328;83/2025;2025_83_20;selvästi;1
1328;83/2025;2025_83_20;sen;1
1328;83/2025;2025_83_20;siinä;1
1328;83/2025;2025_83_20;siirtäisi;1
1328;83/2025;2025_83_20;siis;1
1328;83/2025;2025_83_20;siitä;3
1328;83/2025;2025_83_20;sijoitettava;1
1328;83/2025;2025_83_20;siksi;1
1328;83/2025;2025_83_20;silloin;1
1328;83/2025;2025_83_20;silmänkääntötemppuja;1
1328;83/2025;2025_83_20;sitä;4
1328;83/2025;2025_83_20;sopeutuksesta;1
1328;83/2025;2025_83_20;suomalaisilta;1
1328;83/2025;2025_83_20;suomalaisista;1
1328;83/2025;2025_83_20;suomea;1
1328;83/2025;2025_83_20;suomelta;2
1328;83/2025;2025_83_20;suomen;3
1328;83/2025;2025_83_20;suomessa;3
1328;83/2025;2025_83_20;suomi;3
1328;83/2025;2025_83_20;suosiosta;1
1328;83/2025;2025_83_20;surkeassa;1
1328;83/2025;2025_83_20;suunnitelman;1
1328;83/2025;2025_83_20;suunnitelmia;1
1328;83/2025;2025_83_20;suuret;1
1328;83/2025;2025_83_20;suurten;1
1328;83/2025;2025_83_20;säästää;1
1328;83/2025;2025_83_20;säästöjä;1
1328;83/2025;2025_83_20;takaisin;2
1328;83/2025;2025_83_20;talman;5
1328;83/2025;2025_83_20;talouden;1
1328;83/2025;2025_83_20;talous;1
1328;83/2025;2025_83_20;talouskasvu;2
1328;83/2025;2025_83_20;tarina;1
1328;83/2025;2025_83_20;tarvitaan;1
1328;83/2025;2025_83_20;tarvitsee;1
1328;83/2025;2025_83_20;tarvitsemme;1
1328;83/2025;2025_83_20;taskusta;1
1328;83/2025;2025_83_20;tavoitteena;1
1328;83/2025;2025_83_20;teen;1
1328;83/2025;2025_83_20;tehdä;1
1328;83/2025;2025_83_20;tehdään;1
1328;83/2025;2025_83_20;tehtävä;1
1328;83/2025;2025_83_20;tekevät;1
1328;83/2025;2025_83_20;tempoilua;1
1328;83/2025;2025_83_20;terveitä;1
1328;83/2025;2025_83_20;tietysti;1
1328;83/2025;2025_83_20;tietämään;1
1328;83/2025;2025_83_20;tilanne;1
1328;83/2025;2025_83_20;tinkiä;1
1328;83/2025;2025_83_20;todellisiin;1
1328;83/2025;2025_83_20;toimi;1
1328;83/2025;2025_83_20;toimia;3
1328;83/2025;2025_83_20;toimista;1
1328;83/2025;2025_83_20;toiseen;1
1328;83/2025;2025_83_20;toiseksi;1
1328;83/2025;2025_83_20;toteutumassa;1
1328;83/2025;2025_83_20;totuus;1
1328;83/2025;2025_83_20;tuet;1
1328;83/2025;2025_83_20;tukea;1
1328;83/2025;2025_83_20;tulevaisuudessa;1
1328;83/2025;2025_83_20;tulevaisuuteen;2
1328;83/2025;2025_83_20;tulevina;1
1328;83/2025;2025_83_20;tuli;1
1328;83/2025;2025_83_20;tullut;1
1328;83/2025;2025_83_20;tuloihin;1
1328;83/2025;2025_83_20;tuloksekkaista;1
1328;83/2025;2025_83_20;tuntuu;1
1328;83/2025;2025_83_20;tuo;1
1328;83/2025;2025_83_20;tuon;1
1328;83/2025;2025_83_20;tuore;1
1328;83/2025;2025_83_20;tuottaa;1
1328;83/2025;2025_83_20;turhaan;1
1328;83/2025;2025_83_20;turvallisuudesta;1
1328;83/2025;2025_83_20;tutustua;1
1328;83/2025;2025_83_20;tyhmää;1
1328;83/2025;2025_83_20;työllisyysaste;1
1328;83/2025;2025_83_20;työpaikkaa;1
1328;83/2025;2025_83_20;työttömyys;2
1328;83/2025;2025_83_20;tähtäimen;1
1328;83/2025;2025_83_20;tämä;1
1328;83/2025;2025_83_20;tänä;1
1328;83/2025;2025_83_20;tärkeintä;1
1328;83/2025;2025_83_20;tässä;2
1328;83/2025;2025_83_20;tästä;1
1328;83/2025;2025_83_20;täynnä;1
1328;83/2025;2025_83_20;täällä;2
1328;83/2025;2025_83_20;ulkomaalaiset;1
1328;83/2025;2025_83_20;uskaltaa;2
1328;83/2025;2025_83_20;usko;1
1328;83/2025;2025_83_20;uskoa;1
1328;83/2025;2025_83_20;uskottavan;1
1328;83/2025;2025_83_20;uudet;1
1328;83/2025;2025_83_20;uusi;1
1328;83/2025;2025_83_20;uutinen;1
1328;83/2025;2025_83_20;uutta;1
1328;83/2025;2025_83_20;vaalimenestyksestä;1
1328;83/2025;2025_83_20;vahvuutemme;2
1328;83/2025;2025_83_20;vaikea;1
1328;83/2025;2025_83_20;vaikka;1
1328;83/2025;2025_83_20;vain;4
1328;83/2025;2025_83_20;valloittamaan;1
1328;83/2025;2025_83_20;valtion;2
1328;83/2025;2025_83_20;valuu;1
1328;83/2025;2025_83_20;valuvika;1
1328;83/2025;2025_83_20;vanhoina;1
1328;83/2025;2025_83_20;vapauttaa;1
1328;83/2025;2025_83_20;varmaan;1
1328;83/2025;2025_83_20;vasta;1
1328;83/2025;2025_83_20;vauhdilla;1
1328;83/2025;2025_83_20;velat;1
1328;83/2025;2025_83_20;veronsa;1
1328;83/2025;2025_83_20;verran;1
1328;83/2025;2025_83_20;viimeiseksi;1
1328;83/2025;2025_83_20;viimeisin;2
1328;83/2025;2025_83_20;vippaskonsteja;1
1328;83/2025;2025_83_20;viron;1
1328;83/2025;2025_83_20;virossa;1
1328;83/2025;2025_83_20;voi;4
1328;83/2025;2025_83_20;voimme;1
1328;83/2025;2025_83_20;vuodessa;1
1328;83/2025;2025_83_20;vuosien;1
1328;83/2025;2025_83_20;vuosina;1
1328;83/2025;2025_83_20;vuoteen;1
1328;83/2025;2025_83_20;vuotta;3
1328;83/2025;2025_83_20;välittömästi;1
1328;83/2025;2025_83_20;yel-maksun;1
1328;83/2025;2025_83_20;yelin;1
1328;83/2025;2025_83_20;yhteensä;1
1328;83/2025;2025_83_20;yhteisiä;1
1328;83/2025;2025_83_20;yhteisövero;1
1328;83/2025;2025_83_20;yhteisöveroa;2
1328;83/2025;2025_83_20;yhteisöveroon;1
1328;83/2025;2025_83_20;yhtä;1
1328;83/2025;2025_83_20;yhtälö;1
1328;83/2025;2025_83_20;yhtään;1
1328;83/2025;2025_83_20;yksityiset;1
1328;83/2025;2025_83_20;yksityisiin;1
1328;83/2025;2025_83_20;yli;2
1328;83/2025;2025_83_20;ymmärretä;1
1328;83/2025;2025_83_20;yrittäjät;1
1328;83/2025;2025_83_20;yrittämisestä;2
1328;83/2025;2025_83_20;yrittää;1
1328;83/2025;2025_83_20;yritykset;3
1328;83/2025;2025_83_20;yrityksiin;1
1328;83/2025;2025_83_20;yrityksille;1
1328;83/2025;2025_83_20;yrityksistä;1
1328;83/2025;2025_83_20;yrityksiä;2
1328;83/2025;2025_83_20;yritys;2
1328;83/2025;2025_83_20;yritysten;2
1328;83/2025;2025_83_20;yritystuet;1
1328;83/2025;2025_83_20;ärade;5
1328;84/2019;2019_84_14;aikaiseksi;1
1328;84/2019;2019_84_14;aikoo;2
1328;84/2019;2019_84_14;alkuun;1
1328;84/2019;2019_84_14;ammattiyhdistysliikkeen;1
1328;84/2019;2019_84_14;ansiosidonnaisen;1
1328;84/2019;2019_84_14;antaa;1
1328;84/2019;2019_84_14;antaisi;1
1328;84/2019;2019_84_14;antti;1
1328;84/2019;2019_84_14;apteekkimonopolin;1
1328;84/2019;2019_84_14;arvoisa;2
1328;84/2019;2019_84_14;asiaa;1
1328;84/2019;2019_84_14;asiaan;1
1328;84/2019;2019_84_14;asiasta;1
1328;84/2019;2019_84_14;asioiden;1
1328;84/2019;2019_84_14;asteen;1
1328;84/2019;2019_84_14;biopolttoaineelle;1
1328;84/2019;2019_84_14;budjetin;1
1328;84/2019;2019_84_14;budjetissa;1
1328;84/2019;2019_84_14;budjetista;1
1328;84/2019;2019_84_14;budjettiin;1
1328;84/2019;2019_84_14;budjettivaje;1
1328;84/2019;2019_84_14;edistettäisi;1
1328;84/2019;2019_84_14;ei;9
1328;84/2019;2019_84_14;eläkeiän;1
1328;84/2019;2019_84_14;ennen;1
1328;84/2019;2019_84_14;erityisoikeus;1
1328;84/2019;2019_84_14;eräässä;1
1328;84/2019;2019_84_14;esimerkiksi;2
1328;84/2019;2019_84_14;estää;1
1328;84/2019;2019_84_14;ettet;1
1328;84/2019;2019_84_14;että;3
1328;84/2019;2019_84_14;haittaa;1
1328;84/2019;2019_84_14;hallitukselle;2
1328;84/2019;2019_84_14;hallituksen;1
1328;84/2019;2019_84_14;hallitus;5
1328;84/2019;2019_84_14;hallituskauden;1
1328;84/2019;2019_84_14;haluaisin;1
1328;84/2019;2019_84_14;halukkaille;1
1328;84/2019;2019_84_14;hankaloittaa;1
1328;84/2019;2019_84_14;hengen;1
1328;84/2019;2019_84_14;huolestunut;1
1328;84/2019;2019_84_14;hyvin;1
1328;84/2019;2019_84_14;hyvää;1
1328;84/2019;2019_84_14;hän;1
1328;84/2019;2019_84_14;ideoita;2
1328;84/2019;2019_84_14;ilkka;1
1328;84/2019;2019_84_14;investoinneilleen;1
1328;84/2019;2019_84_14;investointeihin;1
1328;84/2019;2019_84_14;investointeja;1
1328;84/2019;2019_84_14;iso;1
1328;84/2019;2019_84_14;isot;1
1328;84/2019;2019_84_14;ja;7
1328;84/2019;2019_84_14;johtajan;1
1328;84/2019;2019_84_14;joissa;1
1328;84/2019;2019_84_14;joka;1
1328;84/2019;2019_84_14;joko;2
1328;84/2019;2019_84_14;joku;1
1328;84/2019;2019_84_14;jonka;1
1328;84/2019;2019_84_14;jos;4
1328;84/2019;2019_84_14;jossa;1
1328;84/2019;2019_84_14;kaasulle;1
1328;84/2019;2019_84_14;kahdella;1
1328;84/2019;2019_84_14;kaikilla;1
1328;84/2019;2019_84_14;kaikille;1
1328;84/2019;2019_84_14;kaikki;1
1328;84/2019;2019_84_14;kanerva;1
1328;84/2019;2019_84_14;kannalta;1
1328;84/2019;2019_84_14;kannattaa;1
1328;84/2019;2019_84_14;kannattavaksi;1
1328;84/2019;2019_84_14;kansalaisten;1
1328;84/2019;2019_84_14;karsisi;1
1328;84/2019;2019_84_14;katri;1
1328;84/2019;2019_84_14;kaupungit;2
1328;84/2019;2019_84_14;keinoja;1
1328;84/2019;2019_84_14;kerro;1
1328;84/2019;2019_84_14;kertoo;1
1328;84/2019;2019_84_14;kiinnostaisi;1
1328;84/2019;2019_84_14;kilpailua;1
1328;84/2019;2019_84_14;kiristy;1
1328;84/2019;2019_84_14;kirjanpitokäytäntö;1
1328;84/2019;2019_84_14;kirjataan;1
1328;84/2019;2019_84_14;kokonaiskuvaa;1
1328;84/2019;2019_84_14;kolmanneksi;1
1328;84/2019;2019_84_14;konsernitilinpäätökseen;1
1328;84/2019;2019_84_14;konsernitilinpäätös;2
1328;84/2019;2019_84_14;konsernitilinpäätöstä;1
1328;84/2019;2019_84_14;korottamalla;1
1328;84/2019;2019_84_14;korotus;1
1328;84/2019;2019_84_14;koska;2
1328;84/2019;2019_84_14;koskaan;1
1328;84/2019;2019_84_14;koskemaan;1
1328;84/2019;2019_84_14;kuitenkin;3
1328;84/2019;2019_84_14;kuka;1
1328;84/2019;2019_84_14;kulmunilta;1
1328;84/2019;2019_84_14;kuluttajansuojan;1
1328;84/2019;2019_84_14;kun;1
1328;84/2019;2019_84_14;kuroa;1
1328;84/2019;2019_84_14;kuten;1
1328;84/2019;2019_84_14;kuunnella;1
1328;84/2019;2019_84_14;kyllä;1
1328;84/2019;2019_84_14;kyseenalaistettu;1
1328;84/2019;2019_84_14;kysymään;1
1328;84/2019;2019_84_14;kysyä;1
1328;84/2019;2019_84_14;käydä;1
1328;84/2019;2019_84_14;käyntiin;1
1328;84/2019;2019_84_14;käyttää;2
1328;84/2019;2019_84_14;käytössä;1
1328;84/2019;2019_84_14;laskenut;1
1328;84/2019;2019_84_14;leikkaamalla;1
1328;84/2019;2019_84_14;liike;3
1328;84/2019;2019_84_14;liikkuvat;1
1328;84/2019;2019_84_14;liittojen;1
1328;84/2019;2019_84_14;lindtman;1
1328;84/2019;2019_84_14;listaamattomien;1
1328;84/2019;2019_84_14;lisää;1
1328;84/2019;2019_84_14;lopeta;1
1328;84/2019;2019_84_14;lopulla;1
1328;84/2019;2019_84_14;lupaus;1
1328;84/2019;2019_84_14;lähdekään;1
1328;84/2019;2019_84_14;lähemmäksi;1
1328;84/2019;2019_84_14;läpi;1
1328;84/2019;2019_84_14;läpinäkyvyyttä;1
1328;84/2019;2019_84_14;mahdollisuuden;2
1328;84/2019;2019_84_14;mahdollisuutta;1
1328;84/2019;2019_84_14;maksaa;2
1328;84/2019;2019_84_14;mallin;1
1328;84/2019;2019_84_14;meillä;1
1328;84/2019;2019_84_14;menoerä;1
1328;84/2019;2019_84_14;menoja;2
1328;84/2019;2019_84_14;mihin;1
1328;84/2019;2019_84_14;miksi;1
1328;84/2019;2019_84_14;mikäli;1
1328;84/2019;2019_84_14;miljardeja;1
1328;84/2019;2019_84_14;miljardia;1
1328;84/2019;2019_84_14;miljardit;2
1328;84/2019;2019_84_14;millaisen;1
1328;84/2019;2019_84_14;minulle;1
1328;84/2019;2019_84_14;missä;1
1328;84/2019;2019_84_14;miten;2
1328;84/2019;2019_84_14;mitä;3
1328;84/2019;2019_84_14;mitään;1
1328;84/2019;2019_84_14;monet;1
1328;84/2019;2019_84_14;muidenkin;1
1328;84/2019;2019_84_14;muistuttaa;1
1328;84/2019;2019_84_14;mutta;1
1328;84/2019;2019_84_14;muuten;1
1328;84/2019;2019_84_14;muuttuu;1
1328;84/2019;2019_84_14;myymällä;1
1328;84/2019;2019_84_14;myös;1
1328;84/2019;2019_84_14;määrä;1
1328;84/2019;2019_84_14;naurua;1
1328;84/2019;2019_84_14;ne;2
1328;84/2019;2019_84_14;niiltä;1
1328;84/2019;2019_84_14;niin;1
1328;84/2019;2019_84_14;niistä;1
1328;84/2019;2019_84_14;niitä;2
1328;84/2019;2019_84_14;nimi;1
1328;84/2019;2019_84_14;nippu;1
1328;84/2019;2019_84_14;nopeammin;1
1328;84/2019;2019_84_14;nousuun;1
1328;84/2019;2019_84_14;nykyinen;1
1328;84/2019;2019_84_14;nykyisen;1
1328;84/2019;2019_84_14;nyt;4
1328;84/2019;2019_84_14;nähdä;2
1328;84/2019;2019_84_14;näillä;2
1328;84/2019;2019_84_14;näin;1
1328;84/2019;2019_84_14;oikeasti;2
1328;84/2019;2019_84_14;ole;1
1328;84/2019;2019_84_14;olen;1
1328;84/2019;2019_84_14;olennaista;1
1328;84/2019;2019_84_14;oli;1
1328;84/2019;2019_84_14;olisi;3
1328;84/2019;2019_84_14;omaisuutta;1
1328;84/2019;2019_84_14;omistamiin;1
1328;84/2019;2019_84_14;on;6
1328;84/2019;2019_84_14;onkin;1
1328;84/2019;2019_84_14;onko;1
1328;84/2019;2019_84_14;osa;1
1328;84/2019;2019_84_14;ovat;4
1328;84/2019;2019_84_14;ovatko;1
1328;84/2019;2019_84_14;parantamiseen;1
1328;84/2019;2019_84_14;pari;1
1328;84/2019;2019_84_14;peitellä;1
1328;84/2019;2019_84_14;pitäisi;2
1328;84/2019;2019_84_14;pois;2
1328;84/2019;2019_84_14;poistaisi;1
1328;84/2019;2019_84_14;porrastus;1
1328;84/2019;2019_84_14;prosenttia;1
1328;84/2019;2019_84_14;puhemies;2
1328;84/2019;2019_84_14;puhuminen;1
1328;84/2019;2019_84_14;puhuneet;1
1328;84/2019;2019_84_14;puhuu;1
1328;84/2019;2019_84_14;puolueet;1
1328;84/2019;2019_84_14;purku;1
1328;84/2019;2019_84_14;puutun;1
1328;84/2019;2019_84_14;pääomistajina;1
1328;84/2019;2019_84_14;päätöstä;1
1328;84/2019;2019_84_14;pörssiyhtiöiden;1
1328;84/2019;2019_84_14;pöytään;1
1328;84/2019;2019_84_14;rahaa;1
1328;84/2019;2019_84_14;rahoitetaan;1
1328;84/2019;2019_84_14;ratahankkeet;1
1328;84/2019;2019_84_14;ratkaisujen;1
1328;84/2019;2019_84_14;riittävästi;1
1328;84/2019;2019_84_14;saa;2
1328;84/2019;2019_84_14;sanoi;1
1328;84/2019;2019_84_14;se;4
1328;84/2019;2019_84_14;selkeästi;1
1328;84/2019;2019_84_14;sen;2
1328;84/2019;2019_84_14;seuraavaksi;1
1328;84/2019;2019_84_14;siihen;1
1328;84/2019;2019_84_14;siinä;1
1328;84/2019;2019_84_14;siirrellä;1
1328;84/2019;2019_84_14;siis;1
1328;84/2019;2019_84_14;sijaan;1
1328;84/2019;2019_84_14;sijoitustuottojen;1
1328;84/2019;2019_84_14;siksi;1
1328;84/2019;2019_84_14;sinä;1
1328;84/2019;2019_84_14;sitoa;1
1328;84/2019;2019_84_14;sitä;1
1328;84/2019;2019_84_14;suhdanteilla;1
1328;84/2019;2019_84_14;suomalaisilla;1
1328;84/2019;2019_84_14;suunnitelmia;1
1328;84/2019;2019_84_14;suurin;1
1328;84/2019;2019_84_14;syntyvät;1
1328;84/2019;2019_84_14;syytä;1
1328;84/2019;2019_84_14;sähköille;1
1328;84/2019;2019_84_14;tai;2
1328;84/2019;2019_84_14;takaisinottovelvoite;1
1328;84/2019;2019_84_14;talman;1
1328;84/2019;2019_84_14;taloudellisia;1
1328;84/2019;2019_84_14;tapahtumassa;1
1328;84/2019;2019_84_14;tapasin;1
1328;84/2019;2019_84_14;tarkoituksenmukaisuutta;1
1328;84/2019;2019_84_14;tarvitsette;1
1328;84/2019;2019_84_14;tarvitsisi;1
1328;84/2019;2019_84_14;tasapainottamisesta;1
1328;84/2019;2019_84_14;tavalla;1
1328;84/2019;2019_84_14;tehdä;2
1328;84/2019;2019_84_14;tehtyjen;1
1328;84/2019;2019_84_14;tietää;2
1328;84/2019;2019_84_14;tilaa;1
1328;84/2019;2019_84_14;tilanteessa;2
1328;84/2019;2019_84_14;todellista;1
1328;84/2019;2019_84_14;toimia;1
1328;84/2019;2019_84_14;toimintaedellytysten;1
1328;84/2019;2019_84_14;toisekseen;1
1328;84/2019;2019_84_14;toisen;1
1328;84/2019;2019_84_14;toisiaan;1
1328;84/2019;2019_84_14;toistan;1
1328;84/2019;2019_84_14;toivottavasti;1
1328;84/2019;2019_84_14;tosi;1
1328;84/2019;2019_84_14;tuki;1
1328;84/2019;2019_84_14;tulee;2
1328;84/2019;2019_84_14;tulevaisuusinvestoinneista;1
1328;84/2019;2019_84_14;tulevaisuutta;1
1328;84/2019;2019_84_14;tulkaa;1
1328;84/2019;2019_84_14;tuloja;1
1328;84/2019;2019_84_14;tulosluvut;1
1328;84/2019;2019_84_14;tuo;1
1328;84/2019;2019_84_14;tuon;1
1328;84/2019;2019_84_14;tuossa;1
1328;84/2019;2019_84_14;tuota;1
1328;84/2019;2019_84_14;tuoton;1
1328;84/2019;2019_84_14;tutkinto;1
1328;84/2019;2019_84_14;työllisyys;1
1328;84/2019;2019_84_14;työllisyystalkoisiin;1
1328;84/2019;2019_84_14;työmarkkinajärjestöjen;2
1328;84/2019;2019_84_14;työpaikat;1
1328;84/2019;2019_84_14;työpaikkoja;1
1328;84/2019;2019_84_14;työttömyysturvan;1
1328;84/2019;2019_84_14;tällainen;1
1328;84/2019;2019_84_14;tärkeämpi;1
1328;84/2019;2019_84_14;tässä;2
1328;84/2019;2019_84_14;tästä;1
1328;84/2019;2019_84_14;tästäkään;1
1328;84/2019;2019_84_14;umpeen;1
1328;84/2019;2019_84_14;useampia;1
1328;84/2019;2019_84_14;uudet;1
1328;84/2019;2019_84_14;vaaleja;1
1328;84/2019;2019_84_14;vaihtoehto;1
1328;84/2019;2019_84_14;vaikeimmaksi;1
1328;84/2019;2019_84_14;vaikutuksia;1
1328;84/2019;2019_84_14;vain;4
1328;84/2019;2019_84_14;vaje;1
1328;84/2019;2019_84_14;valmistelee;1
1328;84/2019;2019_84_14;valtaa;1
1328;84/2019;2019_84_14;valtion;5
1328;84/2019;2019_84_14;valtiontalouden;1
1328;84/2019;2019_84_14;valtionvarainministeri;1
1328;84/2019;2019_84_14;valtiovarainministeriössä;1
1328;84/2019;2019_84_14;varakkaiden;1
1328;84/2019;2019_84_14;varat;1
1328;84/2019;2019_84_14;velkaa;1
1328;84/2019;2019_84_14;velvoitettuja;1
1328;84/2019;2019_84_14;veroa;1
1328;84/2019;2019_84_14;veroja;2
1328;84/2019;2019_84_14;verotus;3
1328;84/2019;2019_84_14;verovapauden;1
1328;84/2019;2019_84_14;verran;1
1328;84/2019;2019_84_14;voi;2
1328;84/2019;2019_84_14;voidaan;2
1328;84/2019;2019_84_14;voitoista;1
1328;84/2019;2019_84_14;voittojen;1
1328;84/2019;2019_84_14;vuoteen;1
1328;84/2019;2019_84_14;yhteistä;1
1328;84/2019;2019_84_14;yhtäkkiä;1
1328;84/2019;2019_84_14;yhtään;1
1328;84/2019;2019_84_14;yhä;1
1328;84/2019;2019_84_14;yksi;1
1328;84/2019;2019_84_14;yleishyödyllisiä;1
1328;84/2019;2019_84_14;yli;1
1328;84/2019;2019_84_14;ymmärtää;1
1328;84/2019;2019_84_14;ympäristöä;1
1328;84/2019;2019_84_14;yrittäjiä;1
1328;84/2019;2019_84_14;yrittäjänä;1
1328;84/2019;2019_84_14;yrityksen;1
1328;84/2019;2019_84_14;yrityksiin;2
1328;84/2019;2019_84_14;yrityksiltä;1
1328;84/2019;2019_84_14;yritysten;1
1328;84/2019;2019_84_14;yritystukia;1
1328;84/2019;2019_84_14;yritän;1
1328;84/2019;2019_84_14;yt-laki;1
1328;84/2019;2019_84_14;ärade;1
1328;84/2019;2019_84_14;äänestäjien;1
1328;84/2019;2019_84_294;aikaisemmin;1
1328;84/2019;2019_84_294;ainoastaan;1
1328;84/2019;2019_84_294;ajantasaiset;1
1328;84/2019;2019_84_294;al-holin;3
1328;84/2019;2019_84_294;alaikäisiin;1
1328;84/2019;2019_84_294;anna;1
1328;84/2019;2019_84_294;antaneet;1
1328;84/2019;2019_84_294;antti;1
1328;84/2019;2019_84_294;arviointi;1
1328;84/2019;2019_84_294;arvoisa;1
1328;84/2019;2019_84_294;asia;1
1328;84/2019;2019_84_294;asiassa;2
1328;84/2019;2019_84_294;asiasta;1
1328;84/2019;2019_84_294;asioissa;1
1328;84/2019;2019_84_294;asioita;1
1328;84/2019;2019_84_294;avoimeen;1
1328;84/2019;2019_84_294;avoimuus;1
1328;84/2019;2019_84_294;avoimuutta;1
1328;84/2019;2019_84_294;avuin;1
1328;84/2019;2019_84_294;demokratiaan;1
1328;84/2019;2019_84_294;demokratian;1
1328;84/2019;2019_84_294;dna-testillä;1
1328;84/2019;2019_84_294;edun;1
1328;84/2019;2019_84_294;edustaja;1
1328;84/2019;2019_84_294;ei;4
1328;84/2019;2019_84_294;eilen;1
1328;84/2019;2019_84_294;eivät;1
1328;84/2019;2019_84_294;ensinnäkin;1
1328;84/2019;2019_84_294;ensisijainen;1
1328;84/2019;2019_84_294;ensisijaisesti;3
1328;84/2019;2019_84_294;entisiä;1
1328;84/2019;2019_84_294;epäluottamuslausetta;1
1328;84/2019;2019_84_294;epämääräisesti;1
1328;84/2019;2019_84_294;erittäin;1
1328;84/2019;2019_84_294;erityisen;1
1328;84/2019;2019_84_294;esimerkiksi;2
1328;84/2019;2019_84_294;esittämä;1
1328;84/2019;2019_84_294;että;9
1328;84/2019;2019_84_294;etu;2
1328;84/2019;2019_84_294;haavisto;1
1328;84/2019;2019_84_294;haaviston;1
1328;84/2019;2019_84_294;halla-ahon;1
1328;84/2019;2019_84_294;hallituksen;5
1328;84/2019;2019_84_294;hallitus;5
1328;84/2019;2019_84_294;haluttiin;1
1328;84/2019;2019_84_294;harkinnaksi;1
1328;84/2019;2019_84_294;harteille;1
1328;84/2019;2019_84_294;he;2
1328;84/2019;2019_84_294;heidän;4
1328;84/2019;2019_84_294;heillä;1
1328;84/2019;2019_84_294;herättävänä;1
1328;84/2019;2019_84_294;hiljaista;1
1328;84/2019;2019_84_294;huomioon;2
1328;84/2019;2019_84_294;hyväksyntää;1
1328;84/2019;2019_84_294;hyväksyttävänä;1
1328;84/2019;2019_84_294;ihmisen;1
1328;84/2019;2019_84_294;isisin;1
1328;84/2019;2019_84_294;ja;13
1328;84/2019;2019_84_294;jatkaa;1
1328;84/2019;2019_84_294;jatkoikin;1
1328;84/2019;2019_84_294;jo;1
1328;84/2019;2019_84_294;jonka;2
1328;84/2019;2019_84_294;jos;1
1328;84/2019;2019_84_294;jossa;1
1328;84/2019;2019_84_294;julkistamaa;1
1328;84/2019;2019_84_294;juuri;1
1328;84/2019;2019_84_294;jälkeen;1
1328;84/2019;2019_84_294;jäseniä;2
1328;84/2019;2019_84_294;jää;1
1328;84/2019;2019_84_294;jäädessään;1
1328;84/2019;2019_84_294;kaikkien;1
1328;84/2019;2019_84_294;kaksoiskansalaisilta;1
1328;84/2019;2019_84_294;kankaanniemi;1
1328;84/2019;2019_84_294;kannalta;1
1328;84/2019;2019_84_294;kannatan;1
1328;84/2019;2019_84_294;kansalaiset;1
1328;84/2019;2019_84_294;kansalaisiin;1
1328;84/2019;2019_84_294;kansalaisuus;1
1328;84/2019;2019_84_294;kansalaisuutensa;1
1328;84/2019;2019_84_294;kansallisen;1
1328;84/2019;2019_84_294;kanssa;3
1328;84/2019;2019_84_294;kenelläkään;1
1328;84/2019;2019_84_294;keskustelu;1
1328;84/2019;2019_84_294;koemme;1
1328;84/2019;2019_84_294;koska;2
1328;84/2019;2019_84_294;kotimaahansa;1
1328;84/2019;2019_84_294;kuin;1
1328;84/2019;2019_84_294;kuitenkin;1
1328;84/2019;2019_84_294;kun;1
1328;84/2019;2019_84_294;kuulumatonta;1
1328;84/2019;2019_84_294;kuulumisesta;1
1328;84/2019;2019_84_294;kuuluukin;1
1328;84/2019;2019_84_294;kyse;1
1328;84/2019;2019_84_294;kysymyksestä;1
1328;84/2019;2019_84_294;kysymys;1
1328;84/2019;2019_84_294;käytännön;1
1328;84/2019;2019_84_294;käytännössä;1
1328;84/2019;2019_84_294;lainsäädännön;2
1328;84/2019;2019_84_294;laki;1
1328;84/2019;2019_84_294;lapsen;3
1328;84/2019;2019_84_294;lapsensa;1
1328;84/2019;2019_84_294;lapset;2
1328;84/2019;2019_84_294;lapsia;1
1328;84/2019;2019_84_294;lasten;3
1328;84/2019;2019_84_294;leirille;1
1328;84/2019;2019_84_294;leirillä;2
1328;84/2019;2019_84_294;leiriltä;2
1328;84/2019;2019_84_294;leiriläisten;1
1328;84/2019;2019_84_294;liike;3
1328;84/2019;2019_84_294;liittyvät;1
1328;84/2019;2019_84_294;linja;1
1328;84/2019;2019_84_294;linjakseen;1
1328;84/2019;2019_84_294;linjalla;1
1328;84/2019;2019_84_294;linjasi;1
1328;84/2019;2019_84_294;linjaus;2
1328;84/2019;2019_84_294;linjausta;1
1328;84/2019;2019_84_294;lisäksi;1
1328;84/2019;2019_84_294;lisäämään;1
1328;84/2019;2019_84_294;luottamusta;1
1328;84/2019;2019_84_294;läheisten;1
1328;84/2019;2019_84_294;lähtenyt;1
1328;84/2019;2019_84_294;länsimaita;1
1328;84/2019;2019_84_294;maahamme;1
1328;84/2019;2019_84_294;mahdolliset;1
1328;84/2019;2019_84_294;mahdollisuuksien;1
1328;84/2019;2019_84_294;menemällä;1
1328;84/2019;2019_84_294;merkittävä;1
1328;84/2019;2019_84_294;merkittävästä;1
1328;84/2019;2019_84_294;miksi;1
1328;84/2019;2019_84_294;mikäli;1
1328;84/2019;2019_84_294;ministeri;4
1328;84/2019;2019_84_294;ministerinä;1
1328;84/2019;2019_84_294;minkä;1
1328;84/2019;2019_84_294;minkälaisiin;1
1328;84/2019;2019_84_294;mittasuhteet;1
1328;84/2019;2019_84_294;mitä;2
1328;84/2019;2019_84_294;mitään;1
1328;84/2019;2019_84_294;monesta;1
1328;84/2019;2019_84_294;mukaan;4
1328;84/2019;2019_84_294;mukaista;1
1328;84/2019;2019_84_294;muodostaisivat;1
1328;84/2019;2019_84_294;muodostunut;1
1328;84/2019;2019_84_294;muut;2
1328;84/2019;2019_84_294;myös;2
1328;84/2019;2019_84_294;myötä;1
1328;84/2019;2019_84_294;naiset;1
1328;84/2019;2019_84_294;niin;3
1328;84/2019;2019_84_294;nykyisen;1
1328;84/2019;2019_84_294;nykyisiä;1
1328;84/2019;2019_84_294;nyt;3
1328;84/2019;2019_84_294;nytin;1
1328;84/2019;2019_84_294;ohi;1
1328;84/2019;2019_84_294;oikeudentajun;1
1328;84/2019;2019_84_294;oikeus;1
1328;84/2019;2019_84_294;oikeuskanslerin;1
1328;84/2019;2019_84_294;oikeutettuja;1
1328;84/2019;2019_84_294;olevien;1
1328;84/2019;2019_84_294;oleviin;1
1328;84/2019;2019_84_294;oli;1
1328;84/2019;2019_84_294;olisiko;1
1328;84/2019;2019_84_294;olisivat;1
1328;84/2019;2019_84_294;olla;2
1328;84/2019;2019_84_294;ollaan;1
1328;84/2019;2019_84_294;ollessa;1
1328;84/2019;2019_84_294;omin;1
1328;84/2019;2019_84_294;on;12
1328;84/2019;2019_84_294;onnistuneet;1
1328;84/2019;2019_84_294;orpoja;1
1328;84/2019;2019_84_294;orvot;1
1328;84/2019;2019_84_294;osalta;2
1328;84/2019;2019_84_294;otetaan;1
1328;84/2019;2019_84_294;ottaa;1
1328;84/2019;2019_84_294;ottamaan;1
1328;84/2019;2019_84_294;ovat;5
1328;84/2019;2019_84_294;ovatko;1
1328;84/2019;2019_84_294;paenneet;1
1328;84/2019;2019_84_294;painotti;1
1328;84/2019;2019_84_294;pakoillut;1
1328;84/2019;2019_84_294;pakoilua;1
1328;84/2019;2019_84_294;palata;1
1328;84/2019;2019_84_294;palatessaan;1
1328;84/2019;2019_84_294;palauteta;1
1328;84/2019;2019_84_294;palautetaan;2
1328;84/2019;2019_84_294;palauttaa;1
1328;84/2019;2019_84_294;palauttamaan;2
1328;84/2019;2019_84_294;palauttamassa;1
1328;84/2019;2019_84_294;palautukselle;1
1328;84/2019;2019_84_294;palautuksesta;1
1328;84/2019;2019_84_294;palautusten;2
1328;84/2019;2019_84_294;pelaamaan;1
1328;84/2019;2019_84_294;peli;1
1328;84/2019;2019_84_294;peliä;1
1328;84/2019;2019_84_294;pelttarin;1
1328;84/2019;2019_84_294;periaatteellisesta;1
1328;84/2019;2019_84_294;pitää;2
1328;84/2019;2019_84_294;pohjoismaat;1
1328;84/2019;2019_84_294;poikki;1
1328;84/2019;2019_84_294;poistaa;1
1328;84/2019;2019_84_294;poliittisen;1
1328;84/2019;2019_84_294;poliittista;1
1328;84/2019;2019_84_294;puhemies;1
1328;84/2019;2019_84_294;puhunut;1
1328;84/2019;2019_84_294;pyrkineet;1
1328;84/2019;2019_84_294;pyrkiä;1
1328;84/2019;2019_84_294;päällikkö;1
1328;84/2019;2019_84_294;pääministeri;1
1328;84/2019;2019_84_294;pääsevät;1
1328;84/2019;2019_84_294;päätyneet;1
1328;84/2019;2019_84_294;päätöksenteon;1
1328;84/2019;2019_84_294;päätös;1
1328;84/2019;2019_84_294;päätöstä;1
1328;84/2019;2019_84_294;rangaistukset;1
1328;84/2019;2019_84_294;reilusti;1
1328;84/2019;2019_84_294;rikoksiin;1
1328;84/2019;2019_84_294;ristiriitaista;1
1328;84/2019;2019_84_294;ruvettava;1
1328;84/2019;2019_84_294;saamaan;1
1328;84/2019;2019_84_294;saanut;1
1328;84/2019;2019_84_294;sairaat;1
1328;84/2019;2019_84_294;sairaita;1
1328;84/2019;2019_84_294;salaamaan;1
1328;84/2019;2019_84_294;salamyhkäistä;1
1328;84/2019;2019_84_294;salannut;1
1328;84/2019;2019_84_294;samalla;1
1328;84/2019;2019_84_294;sanoa;1
1328;84/2019;2019_84_294;se;2
1328;84/2019;2019_84_294;selvittää;1
1328;84/2019;2019_84_294;selväsanaisempia;1
1328;84/2019;2019_84_294;selän;1
1328;84/2019;2019_84_294;siis;1
1328;84/2019;2019_84_294;siitä;3
1328;84/2019;2019_84_294;silti;1
1328;84/2019;2019_84_294;sitä;1
1328;84/2019;2019_84_294;suhteettomat;1
1328;84/2019;2019_84_294;suojelupoliisin;1
1328;84/2019;2019_84_294;suomea;1
1328;84/2019;2019_84_294;suomeen;6
1328;84/2019;2019_84_294;suomelle;1
1328;84/2019;2019_84_294;suomen;1
1328;84/2019;2019_84_294;suomessa;1
1328;84/2019;2019_84_294;suomi;1
1328;84/2019;2019_84_294;suostumustaan;1
1328;84/2019;2019_84_294;suuremman;1
1328;84/2019;2019_84_294;syyllistyneet;1
1328;84/2019;2019_84_294;syystä;2
1328;84/2019;2019_84_294;syytä;1
1328;84/2019;2019_84_294;säätää;1
1328;84/2019;2019_84_294;taakse;1
1328;84/2019;2019_84_294;tai;2
1328;84/2019;2019_84_294;taistelevan;1
1328;84/2019;2019_84_294;talman;1
1328;84/2019;2019_84_294;tanskan;1
1328;84/2019;2019_84_294;tapauskohtainen;1
1328;84/2019;2019_84_294;tapauskohtaiseksi;1
1328;84/2019;2019_84_294;tarkoita;1
1328;84/2019;2019_84_294;tarkoittaa;1
1328;84/2019;2019_84_294;tavalla;1
1328;84/2019;2019_84_294;tehdessään;1
1328;84/2019;2019_84_294;teini-ikäiset;1
1328;84/2019;2019_84_294;tekemää;1
1328;84/2019;2019_84_294;tekijä;1
1328;84/2019;2019_84_294;terroristijärjestön;2
1328;84/2019;2019_84_294;terroristijärjestöön;2
1328;84/2019;2019_84_294;tiedon;1
1328;84/2019;2019_84_294;tietoa;2
1328;84/2019;2019_84_294;tietysti;1
1328;84/2019;2019_84_294;tilanteessa;1
1328;84/2019;2019_84_294;todennäköisesti;1
1328;84/2019;2019_84_294;toimi;1
1328;84/2019;2019_84_294;toimii;1
1328;84/2019;2019_84_294;toiminnassa;1
1328;84/2019;2019_84_294;toimintaa;1
1328;84/2019;2019_84_294;toisin;1
1328;84/2019;2019_84_294;tulee;5
1328;84/2019;2019_84_294;tulkita;1
1328;84/2019;2019_84_294;tulla;1
1328;84/2019;2019_84_294;tuntua;1
1328;84/2019;2019_84_294;turvallisuuden;1
1328;84/2019;2019_84_294;tuskin;1
1328;84/2019;2019_84_294;tähän;1
1328;84/2019;2019_84_294;tällä;1
1328;84/2019;2019_84_294;tämä;2
1328;84/2019;2019_84_294;tämän;1
1328;84/2019;2019_84_294;tärkeissä;1
1328;84/2019;2019_84_294;tärkeä;1
1328;84/2019;2019_84_294;tärkeänä;1
1328;84/2019;2019_84_294;tässä;1
1328;84/2019;2019_84_294;täysi-ikäisiä;1
1328;84/2019;2019_84_294;uhan;1
1328;84/2019;2019_84_294;vaan;1
1328;84/2019;2019_84_294;vaikka;2
1328;84/2019;2019_84_294;vakavasti;2
1328;84/2019;2019_84_294;varmistettava;1
1328;84/2019;2019_84_294;varsinaisesti;1
1328;84/2019;2019_84_294;vastaan;1
1328;84/2019;2019_84_294;vastaava;3
1328;84/2019;2019_84_294;vastuun;1
1328;84/2019;2019_84_294;vastuuta;2
1328;84/2019;2019_84_294;vastuutaan;1
1328;84/2019;2019_84_294;verrokkimaiden;1
1328;84/2019;2019_84_294;viheltää;1
1328;84/2019;2019_84_294;viimein;1
1328;84/2019;2019_84_294;viranomaisella;1
1328;84/2019;2019_84_294;viranomaisten;3
1328;84/2019;2019_84_294;virkamiesten;1
1328;84/2019;2019_84_294;voi;1
1328;84/2019;2019_84_294;voida;1
1328;84/2019;2019_84_294;voidaan;1
1328;84/2019;2019_84_294;voineet;1
1328;84/2019;2019_84_294;voitaisiin;1
1328;84/2019;2019_84_294;vyöryttämällä;1
1328;84/2019;2019_84_294;välihuutoja;1
1328;84/2019;2019_84_294;välikysymykseen;1
1328;84/2019;2019_84_294;välikysymyksellä;1
1328;84/2019;2019_84_294;yhdessä;2
1328;84/2019;2019_84_294;yhtäläinen;1
1328;84/2019;2019_84_294;yksilöllistä;1
1328;84/2019;2019_84_294;äidit;3
1328;84/2019;2019_84_294;äitiensä;1
1328;84/2019;2019_84_294;ärade;1
1328;84/2021;2021_84_20;aika;1
1328;84/2021;2021_84_20;aikoja;1
1328;84/2021;2021_84_20;ainoa;1
1328;84/2021;2021_84_20;aitoja;1
1328;84/2021;2021_84_20;ajaa;1
1328;84/2021;2021_84_20;ajan;1
1328;84/2021;2021_84_20;aloittelevalle;1
1328;84/2021;2021_84_20;antaa;1
1328;84/2021;2021_84_20;arvoisa;3
1328;84/2021;2021_84_20;ay-liikkeen;1
1328;84/2021;2021_84_20;budjettiin;1
1328;84/2021;2021_84_20;budjettikehysten;1
1328;84/2021;2021_84_20;demareiden;1
1328;84/2021;2021_84_20;demarien;1
1328;84/2021;2021_84_20;demarit;3
1328;84/2021;2021_84_20;eduskuntavaaleissa;1
1328;84/2021;2021_84_20;ei;7
1328;84/2021;2021_84_20;eikä;1
1328;84/2021;2021_84_20;eivät;1
1328;84/2021;2021_84_20;eivätkä;1
1328;84/2021;2021_84_20;eli;1
1328;84/2021;2021_84_20;elinkeinoelämän;1
1328;84/2021;2021_84_20;eniten;1
1328;84/2021;2021_84_20;ennen;1
1328;84/2021;2021_84_20;epävarmuutta;1
1328;84/2021;2021_84_20;esimerkki;1
1328;84/2021;2021_84_20;että;3
1328;84/2021;2021_84_20;euroa;3
1328;84/2021;2021_84_20;firmaan;1
1328;84/2021;2021_84_20;hallintoa;1
1328;84/2021;2021_84_20;hallituksen;2
1328;84/2021;2021_84_20;hallitus;3
1328;84/2021;2021_84_20;hallituspuolueet;1
1328;84/2021;2021_84_20;hallitusta;1
1328;84/2021;2021_84_20;happotesti;1
1328;84/2021;2021_84_20;he;1
1328;84/2021;2021_84_20;heikkoa;1
1328;84/2021;2021_84_20;heikoin;1
1328;84/2021;2021_84_20;heikompaa;1
1328;84/2021;2021_84_20;heillä;1
1328;84/2021;2021_84_20;henkilökohtaisesti;1
1328;84/2021;2021_84_20;herätys;1
1328;84/2021;2021_84_20;hienoja;1
1328;84/2021;2021_84_20;hoitaa;1
1328;84/2021;2021_84_20;hyvissä;1
1328;84/2021;2021_84_20;häikäise;1
1328;84/2021;2021_84_20;hävettää;1
1328;84/2021;2021_84_20;ihan;1
1328;84/2021;2021_84_20;ihmiset;1
1328;84/2021;2021_84_20;ihmisiä;2
1328;84/2021;2021_84_20;ihmisten;1
1328;84/2021;2021_84_20;ihmistä;1
1328;84/2021;2021_84_20;investoinnit;1
1328;84/2021;2021_84_20;investointeihin;1
1328;84/2021;2021_84_20;investointeja;1
1328;84/2021;2021_84_20;investointien;1
1328;84/2021;2021_84_20;itse;1
1328;84/2021;2021_84_20;ja;32
1328;84/2021;2021_84_20;jo;1
1328;84/2021;2021_84_20;joka;1
1328;84/2021;2021_84_20;jos;2
1328;84/2021;2021_84_20;julkinen;3
1328;84/2021;2021_84_20;julkisen;1
1328;84/2021;2021_84_20;julkisessa;1
1328;84/2021;2021_84_20;julkiset;1
1328;84/2021;2021_84_20;julkisia;1
1328;84/2021;2021_84_20;jättää;1
1328;84/2021;2021_84_20;jäävät;1
1328;84/2021;2021_84_20;kaiken;1
1328;84/2021;2021_84_20;kaikkein;1
1328;84/2021;2021_84_20;kaikki;1
1328;84/2021;2021_84_20;kalliit;1
1328;84/2021;2021_84_20;kannustaa;2
1328;84/2021;2021_84_20;kannustavampaa;1
1328;84/2021;2021_84_20;kanssa;2
1328;84/2021;2021_84_20;karmea;1
1328;84/2021;2021_84_20;kasvaa;1
1328;84/2021;2021_84_20;kasvamaan;1
1328;84/2021;2021_84_20;kasvavina;1
1328;84/2021;2021_84_20;kasvu;2
1328;84/2021;2021_84_20;kasvua;1
1328;84/2021;2021_84_20;kasvulla;1
1328;84/2021;2021_84_20;kasvuun;1
1328;84/2021;2021_84_20;kauniita;1
1328;84/2021;2021_84_20;kehittävät;1
1328;84/2021;2021_84_20;kehutaan;1
1328;84/2021;2021_84_20;keventävät;1
1328;84/2021;2021_84_20;kiihtyy;1
1328;84/2021;2021_84_20;kilpahuuto;1
1328;84/2021;2021_84_20;kilpailukyky;1
1328;84/2021;2021_84_20;kilpailukykymme;1
1328;84/2021;2021_84_20;kilpailukyvyltään;1
1328;84/2021;2021_84_20;koko;1
1328;84/2021;2021_84_20;kokonaan;1
1328;84/2021;2021_84_20;korko;1
1328;84/2021;2021_84_20;koronaa;2
1328;84/2021;2021_84_20;korot;1
1328;84/2021;2021_84_20;korotuksilla;1
1328;84/2021;2021_84_20;kuin;1
1328;84/2021;2021_84_20;kuitenkin;1
1328;84/2021;2021_84_20;kuluttamaan;1
1328;84/2021;2021_84_20;kun;2
1328;84/2021;2021_84_20;kunnossa;2
1328;84/2021;2021_84_20;kuntavaaleissa;1
1328;84/2021;2021_84_20;kuntoon;1
1328;84/2021;2021_84_20;kuoret;1
1328;84/2021;2021_84_20;kustannukset;1
1328;84/2021;2021_84_20;kuuluu;1
1328;84/2021;2021_84_20;kyllä;2
1328;84/2021;2021_84_20;kärsivät;1
1328;84/2021;2021_84_20;käsi;1
1328;84/2021;2021_84_20;laiminlyönti;1
1328;84/2021;2021_84_20;lainsäädännössä;1
1328;84/2021;2021_84_20;laitetaan;1
1328;84/2021;2021_84_20;laittoivat;1
1328;84/2021;2021_84_20;lasketaan;1
1328;84/2021;2021_84_20;lauseita;1
1328;84/2021;2021_84_20;liian;1
1328;84/2021;2021_84_20;liike;1
1328;84/2021;2021_84_20;lisätään;1
1328;84/2021;2021_84_20;lisää;8
1328;84/2021;2021_84_20;lisäämällä;1
1328;84/2021;2021_84_20;lisäävät;1
1328;84/2021;2021_84_20;lopettaa;1
1328;84/2021;2021_84_20;luovat;1
1328;84/2021;2021_84_20;luvun;1
1328;84/2021;2021_84_20;lähipiiri;1
1328;84/2021;2021_84_20;lähtötaso;1
1328;84/2021;2021_84_20;maailmassa;1
1328;84/2021;2021_84_20;maakunnissa;1
1328;84/2021;2021_84_20;maksaa;1
1328;84/2021;2021_84_20;maksamaan;1
1328;84/2021;2021_84_20;maksuilla;1
1328;84/2021;2021_84_20;maksuista;1
1328;84/2021;2021_84_20;matalin;1
1328;84/2021;2021_84_20;meidän;1
1328;84/2021;2021_84_20;meille;1
1328;84/2021;2021_84_20;meillä;5
1328;84/2021;2021_84_20;meitä;1
1328;84/2021;2021_84_20;menee;1
1328;84/2021;2021_84_20;meno;1
1328;84/2021;2021_84_20;menoja;2
1328;84/2021;2021_84_20;menolla;1
1328;84/2021;2021_84_20;mieluummin;1
1328;84/2021;2021_84_20;miljardia;2
1328;84/2021;2021_84_20;miljoona;1
1328;84/2021;2021_84_20;minkä;1
1328;84/2021;2021_84_20;minun;1
1328;84/2021;2021_84_20;mitään;1
1328;84/2021;2021_84_20;muihin;1
1328;84/2021;2021_84_20;muistelevat;1
1328;84/2021;2021_84_20;muistutuksen;1
1328;84/2021;2021_84_20;mutta;3
1328;84/2021;2021_84_20;muuttaa;1
1328;84/2021;2021_84_20;muutu;1
1328;84/2021;2021_84_20;myös;1
1328;84/2021;2021_84_20;niiden;1
1328;84/2021;2021_84_20;nippuun;1
1328;84/2021;2021_84_20;nojaan;1
1328;84/2021;2021_84_20;nolla;1
1328;84/2021;2021_84_20;nykyisellä;1
1328;84/2021;2021_84_20;nykyisen;1
1328;84/2021;2021_84_20;nyt;3
1328;84/2021;2021_84_20;nytin;1
1328;84/2021;2021_84_20;näissä;1
1328;84/2021;2021_84_20;oikeasti;1
1328;84/2021;2021_84_20;oli;2
1328;84/2021;2021_84_20;olimme;1
1328;84/2021;2021_84_20;olisi;3
1328;84/2021;2021_84_20;oman;1
1328;84/2021;2021_84_20;on;17
1328;84/2021;2021_84_20;onnensa;1
1328;84/2021;2021_84_20;onnistunut;1
1328;84/2021;2021_84_20;otamme;1
1328;84/2021;2021_84_20;otetaan;1
1328;84/2021;2021_84_20;ottaa;2
1328;84/2021;2021_84_20;ottanut;1
1328;84/2021;2021_84_20;ottavat;1
1328;84/2021;2021_84_20;ovat;1
1328;84/2021;2021_84_20;pahimmalta;1
1328;84/2021;2021_84_20;pahinta;1
1328;84/2021;2021_84_20;paikallista;1
1328;84/2021;2021_84_20;palkansaajien;2
1328;84/2021;2021_84_20;palkkaamaan;2
1328;84/2021;2021_84_20;palvelut;1
1328;84/2021;2021_84_20;panostukset;1
1328;84/2021;2021_84_20;parane;1
1328;84/2021;2021_84_20;parantamisesta;1
1328;84/2021;2021_84_20;pelkät;1
1328;84/2021;2021_84_20;piti;1
1328;84/2021;2021_84_20;pitäisi;2
1328;84/2021;2021_84_20;pitää;3
1328;84/2021;2021_84_20;pohjoismaihin;1
1328;84/2021;2021_84_20;pohjoismaista;1
1328;84/2021;2021_84_20;pois;1
1328;84/2021;2021_84_20;politiikkaa;1
1328;84/2021;2021_84_20;prosentin;1
1328;84/2021;2021_84_20;prosentti;1
1328;84/2021;2021_84_20;puheitaan;1
1328;84/2021;2021_84_20;puhemies;3
1328;84/2021;2021_84_20;puhuu;1
1328;84/2021;2021_84_20;puuttuu;2
1328;84/2021;2021_84_20;pystyisivät;1
1328;84/2021;2021_84_20;pysyviä;1
1328;84/2021;2021_84_20;päälle;1
1328;84/2021;2021_84_20;pääministeri;1
1328;84/2021;2021_84_20;pääministerin;1
1328;84/2021;2021_84_20;pääomaveroina;1
1328;84/2021;2021_84_20;rakenteet;1
1328;84/2021;2021_84_20;riskiä;1
1328;84/2021;2021_84_20;ruotsiin;1
1328;84/2021;2021_84_20;ruotsin;1
1328;84/2021;2021_84_20;ruotsissa;3
1328;84/2021;2021_84_20;saada;2
1328;84/2021;2021_84_20;saivat;1
1328;84/2021;2021_84_20;savuverho;1
1328;84/2021;2021_84_20;se;3
1328;84/2021;2021_84_20;seitsemän;1
1328;84/2021;2021_84_20;sekin;1
1328;84/2021;2021_84_20;sekä;1
1328;84/2021;2021_84_20;selvää;1
1328;84/2021;2021_84_20;sen;1
1328;84/2021;2021_84_20;seuraavaan;1
1328;84/2021;2021_84_20;siinä;1
1328;84/2021;2021_84_20;siitä;1
1328;84/2021;2021_84_20;sijoittaa;1
1328;84/2021;2021_84_20;sille;1
1328;84/2021;2021_84_20;sisältö;1
1328;84/2021;2021_84_20;sopimista;1
1328;84/2021;2021_84_20;sosiaali;1
1328;84/2021;2021_84_20;sosiaalikulut;1
1328;84/2021;2021_84_20;sosiaaliturvaa;1
1328;84/2021;2021_84_20;sotahuuto;1
1328;84/2021;2021_84_20;sote;1
1328;84/2021;2021_84_20;suojassa;1
1328;84/2021;2021_84_20;suomea;1
1328;84/2021;2021_84_20;suomen;1
1328;84/2021;2021_84_20;suomessa;1
1328;84/2021;2021_84_20;suunta;1
1328;84/2021;2021_84_20;suuntaa;1
1328;84/2021;2021_84_20;suurimmat;1
1328;84/2021;2021_84_20;syvemmälle;1
1328;84/2021;2021_84_20;syömävelan;1
1328;84/2021;2021_84_20;syömävelkaa;1
1328;84/2021;2021_84_20;tai;2
1328;84/2021;2021_84_20;talman;3
1328;84/2021;2021_84_20;talouden;1
1328;84/2021;2021_84_20;taloudessa;1
1328;84/2021;2021_84_20;talous;2
1328;84/2021;2021_84_20;talouskasvu;1
1328;84/2021;2021_84_20;talouskasvua;1
1328;84/2021;2021_84_20;tanskassa;1
1328;84/2021;2021_84_20;tappion;1
1328;84/2021;2021_84_20;tarkoittaa;1
1328;84/2021;2021_84_20;tarvitse;2
1328;84/2021;2021_84_20;tasapainossa;1
1328;84/2021;2021_84_20;taskuun;1
1328;84/2021;2021_84_20;tasossa;1
1328;84/2021;2021_84_20;tavoite;1
1328;84/2021;2021_84_20;tehdä;1
1328;84/2021;2021_84_20;tekemättä;1
1328;84/2021;2021_84_20;todella;1
1328;84/2021;2021_84_20;toimeenpano;1
1328;84/2021;2021_84_20;tulee;2
1328;84/2021;2021_84_20;tulevina;1
1328;84/2021;2021_84_20;tullut;1
1328;84/2021;2021_84_20;tuloja;1
1328;84/2021;2021_84_20;tunti;1
1328;84/2021;2021_84_20;tuntuu;1
1328;84/2021;2021_84_20;työllisyyden;1
1328;84/2021;2021_84_20;työllisyydessä;1
1328;84/2021;2021_84_20;työllisyys;1
1328;84/2021;2021_84_20;työllisyysaste;1
1328;84/2021;2021_84_20;työllisyysprosenttimme;1
1328;84/2021;2021_84_20;työllisyyttä;1
1328;84/2021;2021_84_20;työmarkkinoiden;1
1328;84/2021;2021_84_20;työntekoa;1
1328;84/2021;2021_84_20;työpaikkoja;1
1328;84/2021;2021_84_20;työttömyysturva;1
1328;84/2021;2021_84_20;tällaista;1
1328;84/2021;2021_84_20;tällä;1
1328;84/2021;2021_84_20;tämän;1
1328;84/2021;2021_84_20;tärkein;1
1328;84/2021;2021_84_20;tästä;2
1328;84/2021;2021_84_20;tätä;1
1328;84/2021;2021_84_20;täysin;1
1328;84/2021;2021_84_20;töihin;3
1328;84/2021;2021_84_20;unohtuu;1
1328;84/2021;2021_84_20;uskovat;1
1328;84/2021;2021_84_20;uudistettu;1
1328;84/2021;2021_84_20;uudistukset;1
1328;84/2021;2021_84_20;uusia;1
1328;84/2021;2021_84_20;uusista;1
1328;84/2021;2021_84_20;vahvaa;1
1328;84/2021;2021_84_20;vaikka;1
1328;84/2021;2021_84_20;vain;5
1328;84/2021;2021_84_20;valtio;1
1328;84/2021;2021_84_20;valtion;1
1328;84/2021;2021_84_20;valtiota;1
1328;84/2021;2021_84_20;valtiovarainministerille;1
1328;84/2021;2021_84_20;vapauttaa;1
1328;84/2021;2021_84_20;varten;1
1328;84/2021;2021_84_20;vastakkainasettelu;1
1328;84/2021;2021_84_20;vastuutonta;1
1328;84/2021;2021_84_20;velat;1
1328;84/2021;2021_84_20;velka;2
1328;84/2021;2021_84_20;velkaa;4
1328;84/2021;2021_84_20;velkajarru;1
1328;84/2021;2021_84_20;velkakierteessä;1
1328;84/2021;2021_84_20;velkasuohon;1
1328;84/2021;2021_84_20;veroista;1
1328;84/2021;2021_84_20;veroja;2
1328;84/2021;2021_84_20;veronalennuksilla;1
1328;84/2021;2021_84_20;verotuloja;1
1328;84/2021;2021_84_20;verotusta;1
1328;84/2021;2021_84_20;verrattuna;1
1328;84/2021;2021_84_20;vertailu;1
1328;84/2021;2021_84_20;vihervasemmiston;1
1328;84/2021;2021_84_20;viime;1
1328;84/2021;2021_84_20;voida;1
1328;84/2021;2021_84_20;vuodessa;1
1328;84/2021;2021_84_20;vuosina;1
1328;84/2021;2021_84_20;vuosisuunnitelmissa;1
1328;84/2021;2021_84_20;vähentää;1
1328;84/2021;2021_84_20;vähän;1
1328;84/2021;2021_84_20;väittää;1
1328;84/2021;2021_84_20;väkeä;1
1328;84/2021;2021_84_20;väleissä;1
1328;84/2021;2021_84_20;väärä;1
1328;84/2021;2021_84_20;yhdessä;1
1328;84/2021;2021_84_20;yhteisöverosta;1
1328;84/2021;2021_84_20;yksi;1
1328;84/2021;2021_84_20;yksinkertainen;1
1328;84/2021;2021_84_20;yksityisten;1
1328;84/2021;2021_84_20;ylittäminen;1
1328;84/2021;2021_84_20;yrittäjien;2
1328;84/2021;2021_84_20;yrittäjyydestä;1
1328;84/2021;2021_84_20;yrittäjyyttä;1
1328;84/2021;2021_84_20;yrittäjän;1
1328;84/2021;2021_84_20;yrittäjänä;1
1328;84/2021;2021_84_20;yrittämisestä;1
1328;84/2021;2021_84_20;yritykset;3
1328;84/2021;2021_84_20;yritysten;3
1328;84/2021;2021_84_20;ärade;3
1328;84/2021;2021_84_20;äänestetty;1
1328;84/2024;2024_84_59;ajan;2
1328;84/2024;2024_84_59;alun;1
1328;84/2024;2024_84_59;arvoisa;1
1328;84/2024;2024_84_59;ben;1
1328;84/2024;2024_84_59;budjetissanne;1
1328;84/2024;2024_84_59;digitalisaatio;1
1328;84/2024;2024_84_59;ei;1
1328;84/2024;2024_84_59;eli;1
1328;84/2024;2024_84_59;en;1
1328;84/2024;2024_84_59;ette;2
1328;84/2024;2024_84_59;että;5
1328;84/2024;2024_84_59;hallituskauden;1
1328;84/2024;2024_84_59;halua;1
1328;84/2024;2024_84_59;hetkellä;2
1328;84/2024;2024_84_59;hyvä;1
1328;84/2024;2024_84_59;höpötätte;1
1328;84/2024;2024_84_59;ihmiset;1
1328;84/2024;2024_84_59;ihmisiä;1
1328;84/2024;2024_84_59;ja;3
1328;84/2024;2024_84_59;joista;2
1328;84/2024;2024_84_59;joka;1
1328;84/2024;2024_84_59;jälkeen;1
1328;84/2024;2024_84_59;kaksi;1
1328;84/2024;2024_84_59;kiitos;1
1328;84/2024;2024_84_59;koko;2
1328;84/2024;2024_84_59;kolmesataatuhatta;1
1328;84/2024;2024_84_59;kotitalousvähennystä;1
1328;84/2024;2024_84_59;kouluttaa;1
1328;84/2024;2024_84_59;kun;2
1328;84/2024;2024_84_59;kysyisinkin;1
1328;84/2024;2024_84_59;laskennallisia;1
1328;84/2024;2024_84_59;laskitte;1
1328;84/2024;2024_84_59;lisää;2
1328;84/2024;2024_84_59;lisääntyvät;1
1328;84/2024;2024_84_59;meinaatte;1
1328;84/2024;2024_84_59;miljardia;1
1328;84/2024;2024_84_59;millä;1
1328;84/2024;2024_84_59;neljäkymmentätuhatta;1
1328;84/2024;2024_84_59;nousukausi;1
1328;84/2024;2024_84_59;nyt;1
1328;84/2024;2024_84_59;nähnyt;1
1328;84/2024;2024_84_59;näkyy;1
1328;84/2024;2024_84_59;nämä;1
1328;84/2024;2024_84_59;ole;2
1328;84/2024;2024_84_59;on;5
1328;84/2024;2024_84_59;pitkäaikaistyöttömiä;1
1328;84/2024;2024_84_59;puhemies;1
1328;84/2024;2024_84_59;päivä;1
1328;84/2024;2024_84_59;pääministeri;1
1328;84/2024;2024_84_59;riitä;1
1328;84/2024;2024_84_59;rukoilette;1
1328;84/2024;2024_84_59;saada;1
1328;84/2024;2024_84_59;sanoa;1
1328;84/2024;2024_84_59;satatuhatta;2
1328;84/2024;2024_84_59;se;1
1328;84/2024;2024_84_59;sen;1
1328;84/2024;2024_84_59;siitä;1
1328;84/2024;2024_84_59;suomessa;1
1328;84/2024;2024_84_59;säästöä;1
1328;84/2024;2024_84_59;talman;1
1328;84/2024;2024_84_59;te;3
1328;84/2024;2024_84_59;teillä;1
1328;84/2024;2024_84_59;teiltä;1
1328;84/2024;2024_84_59;tekoäly;1
1328;84/2024;2024_84_59;tulee;2
1328;84/2024;2024_84_59;tullut;1
1328;84/2024;2024_84_59;työllisiä;1
1328;84/2024;2024_84_59;työllistä;1
1328;84/2024;2024_84_59;työllistänyt;1
1328;84/2024;2024_84_59;työllistätte;1
1328;84/2024;2024_84_59;työttömiä;1
1328;84/2024;2024_84_59;työtöntä;2
1328;84/2024;2024_84_59;tällä;2
1328;84/2024;2024_84_59;töihin;1
1328;84/2024;2024_84_59;uudelleen;1
1328;84/2024;2024_84_59;valonpilkahduksia;2
1328;84/2024;2024_84_59;valtiovarainministerillä;1
1328;84/2024;2024_84_59;välihuuto;1
1328;84/2024;2024_84_59;yhtään;2
1328;84/2024;2024_84_59;yli;1
1328;84/2024;2024_84_59;ymmärrän;1
1328;84/2024;2024_84_59;yritätte;1
1328;84/2024;2024_84_59;zyskowiczin;1
1328;84/2024;2024_84_59;ärade;1
1328;86/2019;2019_86_187;ainakin;1
1328;86/2019;2019_86_187;ainoa;1
1328;86/2019;2019_86_187;alla;1
1328;86/2019;2019_86_187;arvoisa;1
1328;86/2019;2019_86_187;ei;1
1328;86/2019;2019_86_187;erityisesti;1
1328;86/2019;2019_86_187;että;1
1328;86/2019;2019_86_187;haavisto;1
1328;86/2019;2019_86_187;he;1
1328;86/2019;2019_86_187;hävetä;2
1328;86/2019;2019_86_187;ilmeisesti;1
1328;86/2019;2019_86_187;ja;1
1328;86/2019;2019_86_187;joka;1
1328;86/2019;2019_86_187;jonka;1
1328;86/2019;2019_86_187;joulun;1
1328;86/2019;2019_86_187;kaikkien;1
1328;86/2019;2019_86_187;kaikkiin;1
1328;86/2019;2019_86_187;kanssa;3
1328;86/2019;2019_86_187;kenen;1
1328;86/2019;2019_86_187;kokoomuksen;1
1328;86/2019;2019_86_187;kriteerit;1
1328;86/2019;2019_86_187;kun;1
1328;86/2019;2019_86_187;kysymyksiin;1
1328;86/2019;2019_86_187;kysyn;1
1328;86/2019;2019_86_187;käsitin;1
1328;86/2019;2019_86_187;liike;1
1328;86/2019;2019_86_187;marin;1
1328;86/2019;2019_86_187;mielestä;1
1328;86/2019;2019_86_187;mielestäni;1
1328;86/2019;2019_86_187;mielestänne;1
1328;86/2019;2019_86_187;minun;1
1328;86/2019;2019_86_187;mitkä;1
1328;86/2019;2019_86_187;ne;1
1328;86/2019;2019_86_187;nytin;1
1328;86/2019;2019_86_187;näin;2
1328;86/2019;2019_86_187;on;1
1328;86/2019;2019_86_187;opposition;1
1328;86/2019;2019_86_187;ovat;2
1328;86/2019;2019_86_187;perussuomalaisten;1
1328;86/2019;2019_86_187;pitäisi;2
1328;86/2019;2019_86_187;pitää;1
1328;86/2019;2019_86_187;puhemies;1
1328;86/2019;2019_86_187;pystyä;1
1328;86/2019;2019_86_187;pääministeri;1
1328;86/2019;2019_86_187;samassa;1
1328;86/2019;2019_86_187;sanoitte;1
1328;86/2019;2019_86_187;sitä;1
1328;86/2019;2019_86_187;tarkoititte;1
1328;86/2019;2019_86_187;tehdä;1
1328;86/2019;2019_86_187;teidän;1
1328;86/2019;2019_86_187;teiltä;1
1328;86/2019;2019_86_187;tekemään;1
1328;86/2019;2019_86_187;tiistaina;1
1328;86/2019;2019_86_187;ulkoministeri;1
1328;86/2019;2019_86_187;vastannut;1
1328;86/2019;2019_86_187;voi;1
1328;86/2019;2019_86_187;välikysymyksessä;1
1328;86/2019;2019_86_187;välikysymyskeskustelussa;1
1328;86/2019;2019_86_187;yhteistyötä;2
1328;87/2020;2020_87_48;a-studiossa;1
1328;87/2020;2020_87_48;ainoa;1
1328;87/2020;2020_87_48;ainoat;1
1328;87/2020;2020_87_48;ammattiyhdistysliikkeet;1
1328;87/2020;2020_87_48;arvoisa;1
1328;87/2020;2020_87_48;asia;1
1328;87/2020;2020_87_48;edistää;1
1328;87/2020;2020_87_48;eduskunnassa;1
1328;87/2020;2020_87_48;ei;1
1328;87/2020;2020_87_48;eilen;1
1328;87/2020;2020_87_48;enemmän;1
1328;87/2020;2020_87_48;että;1
1328;87/2020;2020_87_48;hallituksen;1
1328;87/2020;2020_87_48;hallituksenne;1
1328;87/2020;2020_87_48;hallituksessa;1
1328;87/2020;2020_87_48;he;1
1328;87/2020;2020_87_48;henkeen;1
1328;87/2020;2020_87_48;herttaisen;1
1328;87/2020;2020_87_48;istuivat;1
1328;87/2020;2020_87_48;istunut;1
1328;87/2020;2020_87_48;ja;4
1328;87/2020;2020_87_48;joita;1
1328;87/2020;2020_87_48;josta;1
1328;87/2020;2020_87_48;jotka;1
1328;87/2020;2020_87_48;joustoja;1
1328;87/2020;2020_87_48;kauan;1
1328;87/2020;2020_87_48;keskusta;1
1328;87/2020;2020_87_48;kokoomus;1
1328;87/2020;2020_87_48;kuin;1
1328;87/2020;2020_87_48;kuitenkin;1
1328;87/2020;2020_87_48;kun;1
1328;87/2020;2020_87_48;kysyn;1
1328;87/2020;2020_87_48;lisää;1
1328;87/2020;2020_87_48;marin;1
1328;87/2020;2020_87_48;meinaako;1
1328;87/2020;2020_87_48;millä;1
1328;87/2020;2020_87_48;minä;1
1328;87/2020;2020_87_48;mitään;1
1328;87/2020;2020_87_48;muutenkin;1
1328;87/2020;2020_87_48;neljä;1
1328;87/2020;2020_87_48;niin;1
1328;87/2020;2020_87_48;niistä;1
1328;87/2020;2020_87_48;noustaan;1
1328;87/2020;2020_87_48;olen;1
1328;87/2020;2020_87_48;olivat;1
1328;87/2020;2020_87_48;on;3
1328;87/2020;2020_87_48;ovat;1
1328;87/2020;2020_87_48;paikallinen;2
1328;87/2020;2020_87_48;paikallista;2
1328;87/2020;2020_87_48;pitäisi;1
1328;87/2020;2020_87_48;pitää;1
1328;87/2020;2020_87_48;puhemies;1
1328;87/2020;2020_87_48;puhuttu;1
1328;87/2020;2020_87_48;pääministeri;1
1328;87/2020;2020_87_48;saada;1
1328;87/2020;2020_87_48;siitä;1
1328;87/2020;2020_87_48;sopiminen;2
1328;87/2020;2020_87_48;sopimista;2
1328;87/2020;2020_87_48;tahtia;1
1328;87/2020;2020_87_48;tapa;1
1328;87/2020;2020_87_48;tapahtunut;1
1328;87/2020;2020_87_48;teidän;1
1328;87/2020;2020_87_48;teiltä;1
1328;87/2020;2020_87_48;työttömyyden;1
1328;87/2020;2020_87_48;työttömyyttä;1
1328;87/2020;2020_87_48;tästä;1
1328;87/2020;2020_87_48;tätä;2
1328;87/2020;2020_87_48;täällä;2
1328;87/2020;2020_87_48;vastustavat;1
1328;87/2020;2020_87_48;velkaannumme;1
1328;87/2020;2020_87_48;vereen;1
1328;87/2020;2020_87_48;verottaa;1
1328;87/2020;2020_87_48;vuotta;1
1328;87/2020;2020_87_48;vähentäminen;1
1328;87/2020;2020_87_48;vähentää;1
1328;87/2020;2020_87_48;yksi;1
1328;87/2020;2020_87_48;yksimielisiä;1
1328;87/2020;2020_87_83;aasian;1
1328;87/2020;2020_87_83;ainakin;1
1328;87/2020;2020_87_83;ajautuu;1
1328;87/2020;2020_87_83;alijäämäisiä;1
1328;87/2020;2020_87_83;aloille;1
1328;87/2020;2020_87_83;aloja;1
1328;87/2020;2020_87_83;alueiden;1
1328;87/2020;2020_87_83;arvaamaton;1
1328;87/2020;2020_87_83;arvoisa;1
1328;87/2020;2020_87_83;asiaa;1
1328;87/2020;2020_87_83;asioihin;1
1328;87/2020;2020_87_83;auttaa;1
1328;87/2020;2020_87_83;budjetteja;1
1328;87/2020;2020_87_83;budjettialijäämän;1
1328;87/2020;2020_87_83;digitalisaatiosta;1
1328;87/2020;2020_87_83;ehdoissa;1
1328;87/2020;2020_87_83;ehdot;1
1328;87/2020;2020_87_83;ei;2
1328;87/2020;2020_87_83;ekpn;1
1328;87/2020;2020_87_83;elvyttää;1
1328;87/2020;2020_87_83;ennustettavuutta;1
1328;87/2020;2020_87_83;erityisesti;1
1328;87/2020;2020_87_83;erää;1
1328;87/2020;2020_87_83;esimerkiksi;1
1328;87/2020;2020_87_83;että;3
1328;87/2020;2020_87_83;eulta;1
1328;87/2020;2020_87_83;eun;1
1328;87/2020;2020_87_83;euroopan;1
1328;87/2020;2020_87_83;eurooppa;2
1328;87/2020;2020_87_83;eurooppaa;1
1328;87/2020;2020_87_83;hajoaa;2
1328;87/2020;2020_87_83;hallituksella;1
1328;87/2020;2020_87_83;hallituksen;2
1328;87/2020;2020_87_83;historian;1
1328;87/2020;2020_87_83;huolta;1
1328;87/2020;2020_87_83;hyvinvoinnin;1
1328;87/2020;2020_87_83;hyvä;1
1328;87/2020;2020_87_83;hätärahoituksella;1
1328;87/2020;2020_87_83;investoinnit;1
1328;87/2020;2020_87_83;investointien;1
1328;87/2020;2020_87_83;iso;3
1328;87/2020;2020_87_83;ja;10
1328;87/2020;2020_87_83;jaetaan;1
1328;87/2020;2020_87_83;jakaa;1
1328;87/2020;2020_87_83;jakamisen;1
1328;87/2020;2020_87_83;jokainen;1
1328;87/2020;2020_87_83;jopa;1
1328;87/2020;2020_87_83;jos;2
1328;87/2020;2020_87_83;joskin;1
1328;87/2020;2020_87_83;jossa;1
1328;87/2020;2020_87_83;jälkeen;1
1328;87/2020;2020_87_83;järkevä;1
1328;87/2020;2020_87_83;järkevänä;1
1328;87/2020;2020_87_83;järkeä;1
1328;87/2020;2020_87_83;jäädä;1
1328;87/2020;2020_87_83;kannattaa;1
1328;87/2020;2020_87_83;kanssa;1
1328;87/2020;2020_87_83;kasvu;1
1328;87/2020;2020_87_83;kasvuun;1
1328;87/2020;2020_87_83;katastrofi;1
1328;87/2020;2020_87_83;kesken;1
1328;87/2020;2020_87_83;keskittyä;1
1328;87/2020;2020_87_83;keskuspankilta;1
1328;87/2020;2020_87_83;keskuspankki;1
1328;87/2020;2020_87_83;keskustellaan;1
1328;87/2020;2020_87_83;keskustelussa;1
1328;87/2020;2020_87_83;keventää;1
1328;87/2020;2020_87_83;kieltäytyy;1
1328;87/2020;2020_87_83;kilpailukykyä;2
1328;87/2020;2020_87_83;kohdennetaan;1
1328;87/2020;2020_87_83;kohdennus;1
1328;87/2020;2020_87_83;koko;1
1328;87/2020;2020_87_83;kolme;1
1328;87/2020;2020_87_83;komission;1
1328;87/2020;2020_87_83;koskee;2
1328;87/2020;2020_87_83;kriisin;2
1328;87/2020;2020_87_83;kuihtuvia;1
1328;87/2020;2020_87_83;kukoistukseen;1
1328;87/2020;2020_87_83;kuluttajia;1
1328;87/2020;2020_87_83;kun;2
1328;87/2020;2020_87_83;kurittamia;1
1328;87/2020;2020_87_83;kuva;1
1328;87/2020;2020_87_83;käsitellään;1
1328;87/2020;2020_87_83;lainaa;1
1328;87/2020;2020_87_83;lainarahasta;1
1328;87/2020;2020_87_83;lamaan;1
1328;87/2020;2020_87_83;liikkeen;1
1328;87/2020;2020_87_83;linja;1
1328;87/2020;2020_87_83;lisäksi;1
1328;87/2020;2020_87_83;lisää;1
1328;87/2020;2020_87_83;luo;1
1328;87/2020;2020_87_83;luottamusta;1
1328;87/2020;2020_87_83;maailmanmarkkinat;1
1328;87/2020;2020_87_83;maana;1
1328;87/2020;2020_87_83;meidän;1
1328;87/2020;2020_87_83;mielessä;1
1328;87/2020;2020_87_83;mihin;1
1328;87/2020;2020_87_83;mikä;2
1328;87/2020;2020_87_83;miljardikaupalla;1
1328;87/2020;2020_87_83;mitkä;1
1328;87/2020;2020_87_83;mittaluokka;1
1328;87/2020;2020_87_83;mittavat;1
1328;87/2020;2020_87_83;muiden;1
1328;87/2020;2020_87_83;mutta;1
1328;87/2020;2020_87_83;muutoin;1
1328;87/2020;2020_87_83;myös;3
1328;87/2020;2020_87_83;niin;1
1328;87/2020;2020_87_83;nopeimmin;1
1328;87/2020;2020_87_83;nyt;3
1328;87/2020;2020_87_83;nähty;1
1328;87/2020;2020_87_83;nähtävä;1
1328;87/2020;2020_87_83;näihin;1
1328;87/2020;2020_87_83;näistä;1
1328;87/2020;2020_87_83;näkökulmasta;1
1328;87/2020;2020_87_83;näyttää;1
1328;87/2020;2020_87_83;ohjata;1
1328;87/2020;2020_87_83;oikea;1
1328;87/2020;2020_87_83;ole;1
1328;87/2020;2020_87_83;olevan;1
1328;87/2020;2020_87_83;olisi;1
1328;87/2020;2020_87_83;olla;1
1328;87/2020;2020_87_83;oltava;1
1328;87/2020;2020_87_83;on;13
1328;87/2020;2020_87_83;osa;1
1328;87/2020;2020_87_83;osuus;1
1328;87/2020;2020_87_83;ovat;2
1328;87/2020;2020_87_83;paikallista;1
1328;87/2020;2020_87_83;paikoin;1
1328;87/2020;2020_87_83;parannetaan;1
1328;87/2020;2020_87_83;pidettävä;1
1328;87/2020;2020_87_83;pidän;1
1328;87/2020;2020_87_83;pitää;1
1328;87/2020;2020_87_83;pitääkin;1
1328;87/2020;2020_87_83;puhemies;1
1328;87/2020;2020_87_83;puuhasteluksi;1
1328;87/2020;2020_87_83;pääasiaa;1
1328;87/2020;2020_87_83;pääomien;1
1328;87/2020;2020_87_83;pääsemiseksi;1
1328;87/2020;2020_87_83;rahaa;1
1328;87/2020;2020_87_83;rahan;1
1328;87/2020;2020_87_83;rahoittaa;1
1328;87/2020;2020_87_83;rakenteita;2
1328;87/2020;2020_87_83;reagoinut;1
1328;87/2020;2020_87_83;riittävä;1
1328;87/2020;2020_87_83;saa;1
1328;87/2020;2020_87_83;saadaan;1
1328;87/2020;2020_87_83;saamista;1
1328;87/2020;2020_87_83;sama;1
1328;87/2020;2020_87_83;samalla;1
1328;87/2020;2020_87_83;se;1
1328;87/2020;2020_87_83;sekä;1
1328;87/2020;2020_87_83;sellainen;1
1328;87/2020;2020_87_83;selättämisen;1
1328;87/2020;2020_87_83;sen;1
1328;87/2020;2020_87_83;siitä;1
1328;87/2020;2020_87_83;sisämarkkinamme;1
1328;87/2020;2020_87_83;sitä;1
1328;87/2020;2020_87_83;sopimista;1
1328;87/2020;2020_87_83;suhtkoht;1
1328;87/2020;2020_87_83;suomea;1
1328;87/2020;2020_87_83;suomeen;1
1328;87/2020;2020_87_83;suomelle;1
1328;87/2020;2020_87_83;suomelta;1
1328;87/2020;2020_87_83;suomen;3
1328;87/2020;2020_87_83;suoran;1
1328;87/2020;2020_87_83;suoria;1
1328;87/2020;2020_87_83;suurimman;1
1328;87/2020;2020_87_83;synkkä;1
1328;87/2020;2020_87_83;syvään;1
1328;87/2020;2020_87_83;syytä;1
1328;87/2020;2020_87_83;säätelyä;1
1328;87/2020;2020_87_83;tai;2
1328;87/2020;2020_87_83;talouskasvu;1
1328;87/2020;2020_87_83;talouskriisin;3
1328;87/2020;2020_87_83;taloutta;1
1328;87/2020;2020_87_83;tienpätkien;1
1328;87/2020;2020_87_83;tilaa;1
1328;87/2020;2020_87_83;tilanteessa;1
1328;87/2020;2020_87_83;toimet;2
1328;87/2020;2020_87_83;toimia;1
1328;87/2020;2020_87_83;tuen;3
1328;87/2020;2020_87_83;tuesta;1
1328;87/2020;2020_87_83;tuki;1
1328;87/2020;2020_87_83;tukia;1
1328;87/2020;2020_87_83;tukipaketin;3
1328;87/2020;2020_87_83;tukipaketissa;1
1328;87/2020;2020_87_83;tukipaketista;1
1328;87/2020;2020_87_83;tulee;1
1328;87/2020;2020_87_83;tulevaisuuden;1
1328;87/2020;2020_87_83;tulevaisuus;1
1328;87/2020;2020_87_83;tällä;1
1328;87/2020;2020_87_83;tämä;1
1328;87/2020;2020_87_83;tässä;1
1328;87/2020;2020_87_83;tässäkin;1
1328;87/2020;2020_87_83;tätä;1
1328;87/2020;2020_87_83;uudelleen;1
1328;87/2020;2020_87_83;uudistaa;1
1328;87/2020;2020_87_83;uudistettava;1
1328;87/2020;2020_87_83;vaarana;1
1328;87/2020;2020_87_83;vaatii;1
1328;87/2020;2020_87_83;vaativat;1
1328;87/2020;2020_87_83;vahvistaa;1
1328;87/2020;2020_87_83;vain;2
1328;87/2020;2020_87_83;varat;1
1328;87/2020;2020_87_83;varjoon;1
1328;87/2020;2020_87_83;vastuullinen;1
1328;87/2020;2020_87_83;verotusta;1
1328;87/2020;2020_87_83;vielä;1
1328;87/2020;2020_87_83;vientivetoisena;1
1328;87/2020;2020_87_83;voittaminen;1
1328;87/2020;2020_87_83;yhdysvaltain;1
1328;87/2020;2020_87_83;yhteydessä;1
1328;87/2020;2020_87_83;yli;2
1328;87/2020;2020_87_83;yrityksistä;1
1328;87/2020;2020_87_83;yrityksiä;1
1328;87/2020;2020_87_83;yritysjohtaja;1
1328;87/2020;2020_87_83;yritysten;2
1328;87/2021;2021_87_148;aisoihin;1
1328;87/2021;2021_87_148;ansiosidonnaisen;1
1328;87/2021;2021_87_148;arvoisa;1
1328;87/2021;2021_87_148;arvostan;1
1328;87/2021;2021_87_148;budjettiriihessä;1
1328;87/2021;2021_87_148;ei;1
1328;87/2021;2021_87_148;eri;1
1328;87/2021;2021_87_148;erittäin;1
1328;87/2021;2021_87_148;että;2
1328;87/2021;2021_87_148;hallitus;1
1328;87/2021;2021_87_148;haluaa;1
1328;87/2021;2021_87_148;hyviä;1
1328;87/2021;2021_87_148;hyvä;1
1328;87/2021;2021_87_148;ja;2
1328;87/2021;2021_87_148;jotka;1
1328;87/2021;2021_87_148;kaipaa;1
1328;87/2021;2021_87_148;keiton;1
1328;87/2021;2021_87_148;keitto;1
1328;87/2021;2021_87_148;keitättekö;1
1328;87/2021;2021_87_148;kipeimmin;1
1328;87/2021;2021_87_148;koska;1
1328;87/2021;2021_87_148;kukaan;1
1328;87/2021;2021_87_148;kun;1
1328;87/2021;2021_87_148;kuten;1
1328;87/2021;2021_87_148;kuuluvat;1
1328;87/2021;2021_87_148;laimean;1
1328;87/2021;2021_87_148;maa;1
1328;87/2021;2021_87_148;meinaatte;1
1328;87/2021;2021_87_148;mieltä;1
1328;87/2021;2021_87_148;mikä;1
1328;87/2021;2021_87_148;miten;1
1328;87/2021;2021_87_148;muu;1
1328;87/2021;2021_87_148;myös;1
1328;87/2021;2021_87_148;niin;1
1328;87/2021;2021_87_148;niitä;1
1328;87/2021;2021_87_148;näihin;1
1328;87/2021;2021_87_148;on;2
1328;87/2021;2021_87_148;ovat;1
1328;87/2021;2021_87_148;paikallinen;1
1328;87/2021;2021_87_148;porrastus;1
1328;87/2021;2021_87_148;puhemies;1
1328;87/2021;2021_87_148;päästä;1
1328;87/2021;2021_87_148;saatiinpa;1
1328;87/2021;2021_87_148;sieltä;1
1328;87/2021;2021_87_148;sitä;1
1328;87/2021;2021_87_148;sopiminen;1
1328;87/2021;2021_87_148;syksyllä;1
1328;87/2021;2021_87_148;syö;1
1328;87/2021;2021_87_148;taas;1
1328;87/2021;2021_87_148;talman;1
1328;87/2021;2021_87_148;tavoitteisiin;2
1328;87/2021;2021_87_148;te;1
1328;87/2021;2021_87_148;toimia;1
1328;87/2021;2021_87_148;tulette;1
1328;87/2021;2021_87_148;tyytyväisinä;1
1328;87/2021;2021_87_148;työllisyystoimet;1
1328;87/2021;2021_87_148;tällaisia;1
1328;87/2021;2021_87_148;tämä;1
1328;87/2021;2021_87_148;täysin;2
1328;87/2021;2021_87_148;ulos;1
1328;87/2021;2021_87_148;valtiovarainministeri;1
1328;87/2021;2021_87_148;valtiovarainministeriö;1
1328;87/2021;2021_87_148;valtiovarainministeriön;1
1328;87/2021;2021_87_148;velkaantumisen;1
1328;87/2021;2021_87_148;ymmärrettävää;1
1328;87/2021;2021_87_148;ärade;1
1328;87/2025;2025_87_19;arvoisa;2
1328;87/2025;2025_87_19;australia;1
1328;87/2025;2025_87_19;avaimet;1
1328;87/2025;2025_87_19;benjamin;1
1328;87/2025;2025_87_19;britannia;1
1328;87/2025;2025_87_19;diplomaattinen;1
1328;87/2025;2025_87_19;donald;1
1328;87/2025;2025_87_19;ei;1
1328;87/2025;2025_87_19;eli;1
1328;87/2025;2025_87_19;ensimmäisellä;1
1328;87/2025;2025_87_19;epäinhimillinen;1
1328;87/2025;2025_87_19;epäuskottavan;1
1328;87/2025;2025_87_19;gazan;2
1328;87/2025;2025_87_19;hamasin;2
1328;87/2025;2025_87_19;heti;1
1328;87/2025;2025_87_19;hänen;1
1328;87/2025;2025_87_19;iskun;1
1328;87/2025;2025_87_19;israelin;2
1328;87/2025;2025_87_19;ja;10
1328;87/2025;2025_87_19;joukossa;1
1328;87/2025;2025_87_19;jäljellä;1
1328;87/2025;2025_87_19;jälkeen;1
1328;87/2025;2025_87_19;jäsenenä;1
1328;87/2025;2025_87_19;kanada;1
1328;87/2025;2025_87_19;kanssa;1
1328;87/2025;2025_87_19;kasvaneet;1
1328;87/2025;2025_87_19;kaudellaan;1
1328;87/2025;2025_87_19;kiitos;1
1328;87/2025;2025_87_19;kohde;1
1328;87/2025;2025_87_19;koko;1
1328;87/2025;2025_87_19;koska;2
1328;87/2025;2025_87_19;kriisi;1
1328;87/2025;2025_87_19;kriisin;2
1328;87/2025;2025_87_19;kun;1
1328;87/2025;2025_87_19;kuriin;1
1328;87/2025;2025_87_19;kuten;1
1328;87/2025;2025_87_19;käsissä;1
1328;87/2025;2025_87_19;käynnistyneen;1
1328;87/2025;2025_87_19;laittamaan;1
1328;87/2025;2025_87_19;lasten;1
1328;87/2025;2025_87_19;liitot;1
1328;87/2025;2025_87_19;lisäksi;1
1328;87/2025;2025_87_19;lopettaa;1
1328;87/2025;2025_87_19;loppumaan;1
1328;87/2025;2025_87_19;lähi-idän;1
1328;87/2025;2025_87_19;maineensa;1
1328;87/2025;2025_87_19;mitään;1
1328;87/2025;2025_87_19;myös;1
1328;87/2025;2025_87_19;naisten;1
1328;87/2025;2025_87_19;netanjahun;1
1328;87/2025;2025_87_19;niiden;1
1328;87/2025;2025_87_19;nyt;1
1328;87/2025;2025_87_19;oikea;1
1328;87/2025;2025_87_19;ole;1
1328;87/2025;2025_87_19;on;7
1328;87/2025;2025_87_19;ovat;2
1328;87/2025;2025_87_19;paine;1
1328;87/2025;2025_87_19;painetta;1
1328;87/2025;2025_87_19;painostetaan;1
1328;87/2025;2025_87_19;palestiinan;5
1328;87/2025;2025_87_19;panttivangit;1
1328;87/2025;2025_87_19;persianlahden;1
1328;87/2025;2025_87_19;pian;1
1328;87/2025;2025_87_19;pitää;2
1328;87/2025;2025_87_19;poliittinen;1
1328;87/2025;2025_87_19;presidentti;1
1328;87/2025;2025_87_19;puhemies;2
1328;87/2025;2025_87_19;puolustettavana;1
1328;87/2025;2025_87_19;pystyy;2
1328;87/2025;2025_87_19;pääministerin;1
1328;87/2025;2025_87_19;ranska;1
1328;87/2025;2025_87_19;ratkaisemaan;1
1328;87/2025;2025_87_19;ratkaisuun;1
1328;87/2025;2025_87_19;raukkamaisen;1
1328;87/2025;2025_87_19;saada;1
1328;87/2025;2025_87_19;siitä;1
1328;87/2025;2025_87_19;silmitön;1
1328;87/2025;2025_87_19;sodan;1
1328;87/2025;2025_87_19;solmimansa;1
1328;87/2025;2025_87_19;sopimukset;1
1328;87/2025;2025_87_19;sotatoimet;1
1328;87/2025;2025_87_19;talman;2
1328;87/2025;2025_87_19;tappaminen;1
1328;87/2025;2025_87_19;totesin;1
1328;87/2025;2025_87_19;trump;2
1328;87/2025;2025_87_19;trumpilla;1
1328;87/2025;2025_87_19;trumpin;1
1328;87/2025;2025_87_19;tunnustamisella;2
1328;87/2025;2025_87_19;tunnustaneita;1
1328;87/2025;2025_87_19;tunnustanut;1
1328;87/2025;2025_87_19;tunnustettavaa;1
1328;87/2025;2025_87_19;täysin;1
1328;87/2025;2025_87_19;vain;2
1328;87/2025;2025_87_19;valtioita;1
1328;87/2025;2025_87_19;valtiota;2
1328;87/2025;2025_87_19;vapautettava;1
1328;87/2025;2025_87_19;verisen;1
1328;87/2025;2025_87_19;välittömästi;1
1328;87/2025;2025_87_19;yhdysvaltoja;1
1328;87/2025;2025_87_19;ykssa;1
1328;87/2025;2025_87_19;ärade;2
1328;87/2025;2025_87_19;äsken;1
1328;87/2025;2025_87_19;öljymaiden;1
1328;9/2021;2021_9_21;aamulla;1
1328;9/2021;2021_9_21;aika;1
1328;9/2021;2021_9_21;ainakaan;1
1328;9/2021;2021_9_21;aivan;2
1328;9/2021;2021_9_21;ajan;1
1328;9/2021;2021_9_21;ajetaan;1
1328;9/2021;2021_9_21;alkavat;1
1328;9/2021;2021_9_21;alueellisesti;1
1328;9/2021;2021_9_21;antama;1
1328;9/2021;2021_9_21;antanut;1
1328;9/2021;2021_9_21;arhinmäen;1
1328;9/2021;2021_9_21;arvioidaan;1
1328;9/2021;2021_9_21;arvoisa;3
1328;9/2021;2021_9_21;asioihin;1
1328;9/2021;2021_9_21;avata;2
1328;9/2021;2021_9_21;avattava;1
1328;9/2021;2021_9_21;biopolttoainetta;1
1328;9/2021;2021_9_21;edes;1
1328;9/2021;2021_9_21;eduskuntavaaleissa;1
1328;9/2021;2021_9_21;ei;12
1328;9/2021;2021_9_21;eivät;1
1328;9/2021;2021_9_21;ekpn;1
1328;9/2021;2021_9_21;eletään;1
1328;9/2021;2021_9_21;eli;1
1328;9/2021;2021_9_21;elpymisen;1
1328;9/2021;2021_9_21;elpymispaketissa;1
1328;9/2021;2021_9_21;elpymispaketti;1
1328;9/2021;2021_9_21;elpymispakettia;1
1328;9/2021;2021_9_21;elämme;1
1328;9/2021;2021_9_21;elämässäni;1
1328;9/2021;2021_9_21;elätte;1
1328;9/2021;2021_9_21;enemmän;1
1328;9/2021;2021_9_21;enintään;1
1328;9/2021;2021_9_21;ennen;1
1328;9/2021;2021_9_21;enää;1
1328;9/2021;2021_9_21;etelässä;1
1328;9/2021;2021_9_21;ettei;2
1328;9/2021;2021_9_21;että;13
1328;9/2021;2021_9_21;etu;1
1328;9/2021;2021_9_21;eu-maiden;1
1328;9/2021;2021_9_21;eun;4
1328;9/2021;2021_9_21;euroa;1
1328;9/2021;2021_9_21;euron;1
1328;9/2021;2021_9_21;euroopan;2
1328;9/2021;2021_9_21;eurooppa-myönteinen;1
1328;9/2021;2021_9_21;euta;1
1328;9/2021;2021_9_21;hallituksella;1
1328;9/2021;2021_9_21;hallitus;3
1328;9/2021;2021_9_21;haluamme;1
1328;9/2021;2021_9_21;harakka;1
1328;9/2021;2021_9_21;he;1
1328;9/2021;2021_9_21;heinäkuussa;1
1328;9/2021;2021_9_21;hintoja;1
1328;9/2021;2021_9_21;huhuilee;1
1328;9/2021;2021_9_21;huolta;1
1328;9/2021;2021_9_21;huonon;1
1328;9/2021;2021_9_21;huonosti;1
1328;9/2021;2021_9_21;hyväksytty;1
1328;9/2021;2021_9_21;hyväksyä;1
1328;9/2021;2021_9_21;hyvän;1
1328;9/2021;2021_9_21;höynäytettiin;1
1328;9/2021;2021_9_21;idässä;1
1328;9/2021;2021_9_21;ilman;1
1328;9/2021;2021_9_21;ilmeisesti;1
1328;9/2021;2021_9_21;isoa;1
1328;9/2021;2021_9_21;italian;1
1328;9/2021;2021_9_21;italiassa;1
1328;9/2021;2021_9_21;itse;1
1328;9/2021;2021_9_21;ja;22
1328;9/2021;2021_9_21;jaetaan;1
1328;9/2021;2021_9_21;jatkossa;1
1328;9/2021;2021_9_21;jatkua;1
1328;9/2021;2021_9_21;jatkuvasti;1
1328;9/2021;2021_9_21;johdolla;1
1328;9/2021;2021_9_21;johtaa;1
1328;9/2021;2021_9_21;joka;1
1328;9/2021;2021_9_21;juuri;2
1328;9/2021;2021_9_21;jälkeen;1
1328;9/2021;2021_9_21;jälkeenpäin;1
1328;9/2021;2021_9_21;järjestäneet;1
1328;9/2021;2021_9_21;jää;1
1328;9/2021;2021_9_21;kalliimman;1
1328;9/2021;2021_9_21;kannatan;1
1328;9/2021;2021_9_21;kanssa;1
1328;9/2021;2021_9_21;kasassa;1
1328;9/2021;2021_9_21;kasvaa;1
1328;9/2021;2021_9_21;kasvua;1
1328;9/2021;2021_9_21;kauan;1
1328;9/2021;2021_9_21;kehittää;1
1328;9/2021;2021_9_21;kerralla;1
1328;9/2021;2021_9_21;kerran;1
1328;9/2021;2021_9_21;kertoi;1
1328;9/2021;2021_9_21;keski-euroopan;1
1328;9/2021;2021_9_21;keskuspankki;1
1328;9/2021;2021_9_21;kestä;1
1328;9/2021;2021_9_21;kestää;1
1328;9/2021;2021_9_21;kilpailua;1
1328;9/2021;2021_9_21;kilpailusta;1
1328;9/2021;2021_9_21;kiltisti;1
1328;9/2021;2021_9_21;kiristämistä;1
1328;9/2021;2021_9_21;kohti;1
1328;9/2021;2021_9_21;koko;3
1328;9/2021;2021_9_21;kolmannella;1
1328;9/2021;2021_9_21;koronan;1
1328;9/2021;2021_9_21;korot;1
1328;9/2021;2021_9_21;koska;3
1328;9/2021;2021_9_21;kovin;1
1328;9/2021;2021_9_21;kuin;4
1328;9/2021;2021_9_21;kuinka;1
1328;9/2021;2021_9_21;kuitenkin;2
1328;9/2021;2021_9_21;kuittaavat;1
1328;9/2021;2021_9_21;kun;6
1328;9/2021;2021_9_21;kuntien;1
1328;9/2021;2021_9_21;kyllä;1
1328;9/2021;2021_9_21;kymmeniä;1
1328;9/2021;2021_9_21;kyse;1
1328;9/2021;2021_9_21;kyseessä;1
1328;9/2021;2021_9_21;kysymykseen;1
1328;9/2021;2021_9_21;kysymyksen;1
1328;9/2021;2021_9_21;kysyn;1
1328;9/2021;2021_9_21;kädellä;1
1328;9/2021;2021_9_21;lainojen;1
1328;9/2021;2021_9_21;laske;1
1328;9/2021;2021_9_21;laskut;1
1328;9/2021;2021_9_21;liian;2
1328;9/2021;2021_9_21;liike;1
1328;9/2021;2021_9_21;liikkeellä;1
1328;9/2021;2021_9_21;liittovaltiota;1
1328;9/2021;2021_9_21;lisää;1
1328;9/2021;2021_9_21;lisääntyvät;1
1328;9/2021;2021_9_21;loputtomiin;1
1328;9/2021;2021_9_21;lukuja;1
1328;9/2021;2021_9_21;luo;1
1328;9/2021;2021_9_21;luvannut;1
1328;9/2021;2021_9_21;lyhdyin;1
1328;9/2021;2021_9_21;lähtevät;1
1328;9/2021;2021_9_21;lähtöön;1
1328;9/2021;2021_9_21;maakuntien;1
1328;9/2021;2021_9_21;maat;1
1328;9/2021;2021_9_21;mahdollista;1
1328;9/2021;2021_9_21;maita;1
1328;9/2021;2021_9_21;maksu;1
1328;9/2021;2021_9_21;marin;1
1328;9/2021;2021_9_21;matalalla;1
1328;9/2021;2021_9_21;meidän;1
1328;9/2021;2021_9_21;mielikuvaa;1
1328;9/2021;2021_9_21;mielikuvitusmaailmassa;1
1328;9/2021;2021_9_21;mihin;1
1328;9/2021;2021_9_21;mikään;1
1328;9/2021;2021_9_21;miljardeja;1
1328;9/2021;2021_9_21;miljardia;1
1328;9/2021;2021_9_21;miljardin;1
1328;9/2021;2021_9_21;millaisen;1
1328;9/2021;2021_9_21;millaisista;1
1328;9/2021;2021_9_21;ministereitä;1
1328;9/2021;2021_9_21;ministeri;3
1328;9/2021;2021_9_21;minkä;1
1328;9/2021;2021_9_21;miten;1
1328;9/2021;2021_9_21;mitä;3
1328;9/2021;2021_9_21;monia;1
1328;9/2021;2021_9_21;monta;2
1328;9/2021;2021_9_21;murusia;1
1328;9/2021;2021_9_21;mutta;1
1328;9/2021;2021_9_21;muuttuvia;1
1328;9/2021;2021_9_21;myöhään;1
1328;9/2021;2021_9_21;myös;2
1328;9/2021;2021_9_21;mäkynen;2
1328;9/2021;2021_9_21;mäkysiä;1
1328;9/2021;2021_9_21;naurua;1
1328;9/2021;2021_9_21;ne;1
1328;9/2021;2021_9_21;nettomaksaja;1
1328;9/2021;2021_9_21;neuvotella;1
1328;9/2021;2021_9_21;neuvotelleet;1
1328;9/2021;2021_9_21;neuvotellut;1
1328;9/2021;2021_9_21;neuvoteltava;1
1328;9/2021;2021_9_21;neuvoteltu;1
1328;9/2021;2021_9_21;neuvotteluista;1
1328;9/2021;2021_9_21;niihin;1
1328;9/2021;2021_9_21;niin;2
1328;9/2021;2021_9_21;nimittäin;1
1328;9/2021;2021_9_21;nosteta;1
1328;9/2021;2021_9_21;nousevat;1
1328;9/2021;2021_9_21;nyt;4
1328;9/2021;2021_9_21;näemme;1
1328;9/2021;2021_9_21;näihin;1
1328;9/2021;2021_9_21;näin;2
1328;9/2021;2021_9_21;näitä;1
1328;9/2021;2021_9_21;näyttää;1
1328;9/2021;2021_9_21;ohisalo;1
1328;9/2021;2021_9_21;ohisalon;1
1328;9/2021;2021_9_21;oikeasti;2
1328;9/2021;2021_9_21;ole;2
1328;9/2021;2021_9_21;olemme;1
1328;9/2021;2021_9_21;olen;1
1328;9/2021;2021_9_21;olette;2
1328;9/2021;2021_9_21;oli;1
1328;9/2021;2021_9_21;olisivat;1
1328;9/2021;2021_9_21;olla;1
1328;9/2021;2021_9_21;omia;1
1328;9/2021;2021_9_21;omilla;1
1328;9/2021;2021_9_21;on;16
1328;9/2021;2021_9_21;oppositiolle;1
1328;9/2021;2021_9_21;paavo;1
1328;9/2021;2021_9_21;paitsi;1
1328;9/2021;2021_9_21;paketilla;1
1328;9/2021;2021_9_21;paketti;1
1328;9/2021;2021_9_21;palasitte;1
1328;9/2021;2021_9_21;paljon;2
1328;9/2021;2021_9_21;pankit;1
1328;9/2021;2021_9_21;parempaa;1
1328;9/2021;2021_9_21;pellossa;1
1328;9/2021;2021_9_21;perussuomalaisten;1
1328;9/2021;2021_9_21;pidetään;3
1328;9/2021;2021_9_21;pitkään;1
1328;9/2021;2021_9_21;pitäisi;2
1328;9/2021;2021_9_21;pitää;3
1328;9/2021;2021_9_21;pohjoisen;2
1328;9/2021;2021_9_21;poliittisesti;1
1328;9/2021;2021_9_21;politiikkaa;1
1328;9/2021;2021_9_21;polttoaineiden;1
1328;9/2021;2021_9_21;porukalla;1
1328;9/2021;2021_9_21;porukka;1
1328;9/2021;2021_9_21;puhemies;4
1328;9/2021;2021_9_21;puhetta;1
1328;9/2021;2021_9_21;puhutaan;1
1328;9/2021;2021_9_21;puolesta;1
1328;9/2021;2021_9_21;pystyssä;1
1328;9/2021;2021_9_21;pääministeri;2
1328;9/2021;2021_9_21;pääministeripuolueen;1
1328;9/2021;2021_9_21;päättää;1
1328;9/2021;2021_9_21;päätöksillä;1
1328;9/2021;2021_9_21;radiossa;1
1328;9/2021;2021_9_21;rahaa;1
1328;9/2021;2021_9_21;rahojaan;1
1328;9/2021;2021_9_21;rajulla;1
1328;9/2021;2021_9_21;ranskan;1
1328;9/2021;2021_9_21;realisti;1
1328;9/2021;2021_9_21;reilusta;1
1328;9/2021;2021_9_21;rooli;1
1328;9/2021;2021_9_21;saa;2
1328;9/2021;2021_9_21;saamassa;1
1328;9/2021;2021_9_21;saimme;2
1328;9/2021;2021_9_21;saksan;1
1328;9/2021;2021_9_21;samaa;1
1328;9/2021;2021_9_21;sammutetuin;1
1328;9/2021;2021_9_21;sanoessaan;1
1328;9/2021;2021_9_21;sanoi;1
1328;9/2021;2021_9_21;sanoitte;1
1328;9/2021;2021_9_21;se;6
1328;9/2021;2021_9_21;sekoittaa;1
1328;9/2021;2021_9_21;selkeän;1
1328;9/2021;2021_9_21;selkeään;1
1328;9/2021;2021_9_21;sellaista;1
1328;9/2021;2021_9_21;selvitä;1
1328;9/2021;2021_9_21;selvää;1
1328;9/2021;2021_9_21;seuraukset;1
1328;9/2021;2021_9_21;sieltä;1
1328;9/2021;2021_9_21;siihen;1
1328;9/2021;2021_9_21;siitä;2
1328;9/2021;2021_9_21;siksi;1
1328;9/2021;2021_9_21;silloin;1
1328;9/2021;2021_9_21;sillä;1
1328;9/2021;2021_9_21;siltä;1
1328;9/2021;2021_9_21;sitä;2
1328;9/2021;2021_9_21;solidaarisuudesta;1
1328;9/2021;2021_9_21;solidaarisuus;1
1328;9/2021;2021_9_21;sopimuksen;3
1328;9/2021;2021_9_21;sopimusta;1
1328;9/2021;2021_9_21;sopimusten;1
1328;9/2021;2021_9_21;sopivat;1
1328;9/2021;2021_9_21;sopuisasti;1
1328;9/2021;2021_9_21;summista;1
1328;9/2021;2021_9_21;suojeluraha;1
1328;9/2021;2021_9_21;suomalaiset;1
1328;9/2021;2021_9_21;suomea;1
1328;9/2021;2021_9_21;suomeen;1
1328;9/2021;2021_9_21;suomen;3
1328;9/2021;2021_9_21;suomi;1
1328;9/2021;2021_9_21;suunnitelmat;1
1328;9/2021;2021_9_21;suureen;1
1328;9/2021;2021_9_21;suureksi;1
1328;9/2021;2021_9_21;syitä;1
1328;9/2021;2021_9_21;takaa;1
1328;9/2021;2021_9_21;takaisin;1
1328;9/2021;2021_9_21;takamatkalta;1
1328;9/2021;2021_9_21;talman;3
1328;9/2021;2021_9_21;taloudesta;1
1328;9/2021;2021_9_21;taloustieteilijöitä;1
1328;9/2021;2021_9_21;tarkkarajaisuutenne;1
1328;9/2021;2021_9_21;tehty;1
1328;9/2021;2021_9_21;teidän;1
1328;9/2021;2021_9_21;tekee;1
1328;9/2021;2021_9_21;tekemistä;1
1328;9/2021;2021_9_21;tiedä;1
1328;9/2021;2021_9_21;tienneet;1
1328;9/2021;2021_9_21;todellisuudessa;1
1328;9/2021;2021_9_21;tottunut;1
1328;9/2021;2021_9_21;tuki;1
1328;9/2021;2021_9_21;tule;1
1328;9/2021;2021_9_21;tulee;3
1328;9/2021;2021_9_21;tulevat;1
1328;9/2021;2021_9_21;tuloksia;1
1328;9/2021;2021_9_21;tähän;1
1328;9/2021;2021_9_21;tällaista;1
1328;9/2021;2021_9_21;tällä;2
1328;9/2021;2021_9_21;tämä;3
1328;9/2021;2021_9_21;tänne;1
1328;9/2021;2021_9_21;tätä;1
1328;9/2021;2021_9_21;täydessä;1
1328;9/2021;2021_9_21;täällä;1
1328;9/2021;2021_9_21;törkeää;1
1328;9/2021;2021_9_21;unioni;1
1328;9/2021;2021_9_21;unionia;1
1328;9/2021;2021_9_21;uskalla;1
1328;9/2021;2021_9_21;uusiksi;2
1328;9/2021;2021_9_21;vaan;2
1328;9/2021;2021_9_21;vai;1
1328;9/2021;2021_9_21;vaikka;1
1328;9/2021;2021_9_21;vaikuttaa;1
1328;9/2021;2021_9_21;vain;2
1328;9/2021;2021_9_21;vakuus;1
1328;9/2021;2021_9_21;vakuuttaa;1
1328;9/2021;2021_9_21;valtion;1
1328;9/2021;2021_9_21;valtiovarainministeri;1
1328;9/2021;2021_9_21;vanhanen;1
1328;9/2021;2021_9_21;varapuheenjohtaja;1
1328;9/2021;2021_9_21;varjossa;1
1328;9/2021;2021_9_21;varmaa;1
1328;9/2021;2021_9_21;vastausta;1
1328;9/2021;2021_9_21;velkaan;1
1328;9/2021;2021_9_21;velkaisia;1
1328;9/2021;2021_9_21;velkarallia;1
1328;9/2021;2021_9_21;verojen;1
1328;9/2021;2021_9_21;verot;1
1328;9/2021;2021_9_21;verotukseen;1
1328;9/2021;2021_9_21;verotus;1
1328;9/2021;2021_9_21;viedään;1
1328;9/2021;2021_9_21;vielä;3
1328;9/2021;2021_9_21;viesti;1
1328;9/2021;2021_9_21;vihreää;1
1328;9/2021;2021_9_21;viime;1
1328;9/2021;2021_9_21;voi;5
1328;9/2021;2021_9_21;voimassa;1
1328;9/2021;2021_9_21;voin;1
1328;9/2021;2021_9_21;vuodelta;1
1328;9/2021;2021_9_21;vuosi;1
1328;9/2021;2021_9_21;vuotta;1
1328;9/2021;2021_9_21;vähän;1
1328;9/2021;2021_9_21;väkisin;1
1328;9/2021;2021_9_21;välihuuto;1
1328;9/2021;2021_9_21;välikysymystä;1
1328;9/2021;2021_9_21;vääristää;1
1328;9/2021;2021_9_21;yhden;1
1328;9/2021;2021_9_21;yhteiseen;2
1328;9/2021;2021_9_21;yhteisvastuut;1
1328;9/2021;2021_9_21;yhtään;1
1328;9/2021;2021_9_21;yksi;2
1328;9/2021;2021_9_21;yli;1
1328;9/2021;2021_9_21;ymmärtää;1
1328;9/2021;2021_9_21;yritykset;2
1328;9/2021;2021_9_21;yritysverotuksen;1
1328;9/2021;2021_9_21;yritysverotusta;1
1328;9/2021;2021_9_21;ärade;3
1328;9/2021;2021_9_21;äänestetty;1
1328;9/2024;2024_9_18;aikaan;1
1328;9/2024;2024_9_18;aitoa;1
1328;9/2024;2024_9_18;ajankohta;1
1328;9/2024;2024_9_18;antaa;1
1328;9/2024;2024_9_18;apupaketista;1
1328;9/2024;2024_9_18;arvoisa;4
1328;9/2024;2024_9_18;aseapu;1
1328;9/2024;2024_9_18;aseapuaan;1
1328;9/2024;2024_9_18;aseavussa;1
1328;9/2024;2024_9_18;asetuotanto;1
1328;9/2024;2024_9_18;asiasta;1
1328;9/2024;2024_9_18;avdijivkan;1
1328;9/2024;2024_9_18;avustaminen;1
1328;9/2024;2024_9_18;brutaalia;1
1328;9/2024;2024_9_18;demokratiasta;1
1328;9/2024;2024_9_18;donald;1
1328;9/2024;2024_9_18;ei;3
1328;9/2024;2024_9_18;eikä;1
1328;9/2024;2024_9_18;eli;1
1328;9/2024;2024_9_18;enemmän;1
1328;9/2024;2024_9_18;enemmänkin;1
1328;9/2024;2024_9_18;entisen;1
1328;9/2024;2024_9_18;erittäin;1
1328;9/2024;2024_9_18;eteneminen;1
1328;9/2024;2024_9_18;että;7
1328;9/2024;2024_9_18;eturintamalla;2
1328;9/2024;2024_9_18;eu;1
1328;9/2024;2024_9_18;eu-maan;1
1328;9/2024;2024_9_18;eun;1
1328;9/2024;2024_9_18;euroopan;2
1328;9/2024;2024_9_18;euroopassa;1
1328;9/2024;2024_9_18;eurooppa;1
1328;9/2024;2024_9_18;eurooppaa;1
1328;9/2024;2024_9_18;eurooppalainen;1
1328;9/2024;2024_9_18;heikkoutensa;1
1328;9/2024;2024_9_18;heikon;1
1328;9/2024;2024_9_18;hetki;1
1328;9/2024;2024_9_18;hitaasti;1
1328;9/2024;2024_9_18;hoitaneet;1
1328;9/2024;2024_9_18;huolehtia;1
1328;9/2024;2024_9_18;hyvin;1
1328;9/2024;2024_9_18;hyökkäyssotaa;1
1328;9/2024;2024_9_18;hyökkää;1
1328;9/2024;2024_9_18;hävitä;1
1328;9/2024;2024_9_18;ihmiset;1
1328;9/2024;2024_9_18;ihmisiä;1
1328;9/2024;2024_9_18;ilmoitti;1
1328;9/2024;2024_9_18;investoitaisiin;1
1328;9/2024;2024_9_18;itse;2
1328;9/2024;2024_9_18;ja;22
1328;9/2024;2024_9_18;jatkuvien;1
1328;9/2024;2024_9_18;jo;1
1328;9/2024;2024_9_18;johdonmukaisesti;1
1328;9/2024;2024_9_18;johtaa;1
1328;9/2024;2024_9_18;johtajuuden;1
1328;9/2024;2024_9_18;johtajuudessa;2
1328;9/2024;2024_9_18;johtajuutta;1
1328;9/2024;2024_9_18;joka;1
1328;9/2024;2024_9_18;jokainen;2
1328;9/2024;2024_9_18;joku;1
1328;9/2024;2024_9_18;jos;1
1328;9/2024;2024_9_18;jotka;1
1328;9/2024;2024_9_18;joukkojen;1
1328;9/2024;2024_9_18;juuri;1
1328;9/2024;2024_9_18;järkevästi;1
1328;9/2024;2024_9_18;kaikki;2
1328;9/2024;2024_9_18;kaipaavat;1
1328;9/2024;2024_9_18;kaksi;1
1328;9/2024;2024_9_18;katseet;1
1328;9/2024;2024_9_18;kauhua;1
1328;9/2024;2024_9_18;kaupungin;1
1328;9/2024;2024_9_18;kelpaa;1
1328;9/2024;2024_9_18;kenties;1
1328;9/2024;2024_9_18;keskellä;1
1328;9/2024;2024_9_18;kestänyt;1
1328;9/2024;2024_9_18;kieroilee;1
1328;9/2024;2024_9_18;kiistelevät;1
1328;9/2024;2024_9_18;kiitettävästi;1
1328;9/2024;2024_9_18;kiusallista;1
1328;9/2024;2024_9_18;koko;1
1328;9/2024;2024_9_18;kolme;1
1328;9/2024;2024_9_18;korvaava;1
1328;9/2024;2024_9_18;krimin;1
1328;9/2024;2024_9_18;kun;3
1328;9/2024;2024_9_18;kuntoon;1
1328;9/2024;2024_9_18;kuolemien;1
1328;9/2024;2024_9_18;kuoli;1
1328;9/2024;2024_9_18;kuolla;1
1328;9/2024;2024_9_18;kuolleet;1
1328;9/2024;2024_9_18;kuukausi;2
1328;9/2024;2024_9_18;kuukautta;1
1328;9/2024;2024_9_18;kyllä;1
1328;9/2024;2024_9_18;kyse;1
1328;9/2024;2024_9_18;käsittämättömän;1
1328;9/2024;2024_9_18;käsittämätöntä;1
1328;9/2024;2024_9_18;käynnistynyt;1
1328;9/2024;2024_9_18;käytetyt;1
1328;9/2024;2024_9_18;käyty;1
1328;9/2024;2024_9_18;käytännössä;1
1328;9/2024;2024_9_18;kääntyvät;1
1328;9/2024;2024_9_18;laittaa;1
1328;9/2024;2024_9_18;liikaa;1
1328;9/2024;2024_9_18;lisännyt;1
1328;9/2024;2024_9_18;lujana;1
1328;9/2024;2024_9_18;luovuta;1
1328;9/2024;2024_9_18;luovutti;1
1328;9/2024;2024_9_18;lännen;1
1328;9/2024;2024_9_18;maaliskuussa;1
1328;9/2024;2024_9_18;mahdollisuutta;1
1328;9/2024;2024_9_18;meidän;1
1328;9/2024;2024_9_18;miehistötappioista;1
1328;9/2024;2024_9_18;mieletön;1
1328;9/2024;2024_9_18;mieltä;1
1328;9/2024;2024_9_18;miettikää;2
1328;9/2024;2024_9_18;miksei;1
1328;9/2024;2024_9_18;monesta;1
1328;9/2024;2024_9_18;montaa;1
1328;9/2024;2024_9_18;mukaan;1
1328;9/2024;2024_9_18;mutta;3
1328;9/2024;2024_9_18;muut;1
1328;9/2024;2024_9_18;myös;1
1328;9/2024;2024_9_18;määrä;1
1328;9/2024;2024_9_18;nato;1
1328;9/2024;2024_9_18;niemimaalle;1
1328;9/2024;2024_9_18;niiden;1
1328;9/2024;2024_9_18;niin;1
1328;9/2024;2024_9_18;nyt;2
1328;9/2024;2024_9_18;näy;1
1328;9/2024;2024_9_18;ohjuskalustoa;1
1328;9/2024;2024_9_18;oikeassa;1
1328;9/2024;2024_9_18;ole;1
1328;9/2024;2024_9_18;olevat;1
1328;9/2024;2024_9_18;olisi;1
1328;9/2024;2024_9_18;olla;3
1328;9/2024;2024_9_18;oma;1
1328;9/2024;2024_9_18;oman;1
1328;9/2024;2024_9_18;on;12
1328;9/2024;2024_9_18;opiskelisivat;1
1328;9/2024;2024_9_18;osuutensa;1
1328;9/2024;2024_9_18;ovat;2
1328;9/2024;2024_9_18;paketistaan;1
1328;9/2024;2024_9_18;paljastaneet;1
1328;9/2024;2024_9_18;parannettavaa;1
1328;9/2024;2024_9_18;parhaassa;1
1328;9/2024;2024_9_18;pelkoa;1
1328;9/2024;2024_9_18;pelkästään;1
1328;9/2024;2024_9_18;perheitä;1
1328;9/2024;2024_9_18;perustaisivat;1
1328;9/2024;2024_9_18;pian;1
1328;9/2024;2024_9_18;piinaa;1
1328;9/2024;2024_9_18;pikaisesti;1
1328;9/2024;2024_9_18;pitäisi;1
1328;9/2024;2024_9_18;pitää;3
1328;9/2024;2024_9_18;pohjoismaat;1
1328;9/2024;2024_9_18;poikanne;1
1328;9/2024;2024_9_18;presidentin;1
1328;9/2024;2024_9_18;presidentinvaalit;1
1328;9/2024;2024_9_18;puheista;1
1328;9/2024;2024_9_18;puhemies;4
1328;9/2024;2024_9_18;puolustuksestaan;1
1328;9/2024;2024_9_18;putin;1
1328;9/2024;2024_9_18;putinille;1
1328;9/2024;2024_9_18;puutteita;1
1328;9/2024;2024_9_18;pysyä;1
1328;9/2024;2024_9_18;päivä;2
1328;9/2024;2024_9_18;päämies;1
1328;9/2024;2024_9_18;päässä;1
1328;9/2024;2024_9_18;päätettyä;1
1328;9/2024;2024_9_18;päätöksenteossa;1
1328;9/2024;2024_9_18;rahat;1
1328;9/2024;2024_9_18;ranska;1
1328;9/2024;2024_9_18;ranskaan;1
1328;9/2024;2024_9_18;ranskalla;1
1328;9/2024;2024_9_18;rintamalla;1
1328;9/2024;2024_9_18;rintamana;1
1328;9/2024;2024_9_18;ruotsi;1
1328;9/2024;2024_9_18;saa;1
1328;9/2024;2024_9_18;saksa;3
1328;9/2024;2024_9_18;saksaan;1
1328;9/2024;2024_9_18;samaan;1
1328;9/2024;2024_9_18;se;1
1328;9/2024;2024_9_18;sekä;1
1328;9/2024;2024_9_18;sellainen;1
1328;9/2024;2024_9_18;siellä;1
1328;9/2024;2024_9_18;siinä;1
1328;9/2024;2024_9_18;siitä;2
1328;9/2024;2024_9_18;sitä;2
1328;9/2024;2024_9_18;sodan;1
1328;9/2024;2024_9_18;sodassa;1
1328;9/2024;2024_9_18;sotatalouteen;1
1328;9/2024;2024_9_18;suomi;1
1328;9/2024;2024_9_18;suuria;1
1328;9/2024;2024_9_18;suurimmasta;1
1328;9/2024;2024_9_18;syystä;1
1328;9/2024;2024_9_18;tai;1
1328;9/2024;2024_9_18;takia;1
1328;9/2024;2024_9_18;talman;4
1328;9/2024;2024_9_18;tanska;1
1328;9/2024;2024_9_18;tekisivät;1
1328;9/2024;2024_9_18;tietojen;1
1328;9/2024;2024_9_18;tippaakaan;1
1328;9/2024;2024_9_18;trump;1
1328;9/2024;2024_9_18;trumpin;1
1328;9/2024;2024_9_18;tuki;1
1328;9/2024;2024_9_18;tulevan;1
1328;9/2024;2024_9_18;tunnelin;1
1328;9/2024;2024_9_18;tykistöammuksensa;1
1328;9/2024;2024_9_18;tyttärenne;1
1328;9/2024;2024_9_18;työiässä;1
1328;9/2024;2024_9_18;täysin;2
1328;9/2024;2024_9_18;töitä;1
1328;9/2024;2024_9_18;uhkailuista;1
1328;9/2024;2024_9_18;ukraina;1
1328;9/2024;2024_9_18;ukrainalle;3
1328;9/2024;2024_9_18;ukrainan;4
1328;9/2024;2024_9_18;unioni;1
1328;9/2024;2024_9_18;uudesta;1
1328;9/2024;2024_9_18;valloituksessa;1
1328;9/2024;2024_9_18;valoa;1
1328;9/2024;2024_9_18;venkoilee;1
1328;9/2024;2024_9_18;venyy;1
1328;9/2024;2024_9_18;venäjällä;1
1328;9/2024;2024_9_18;venäjän;2
1328;9/2024;2024_9_18;venäläissotilasta;1
1328;9/2024;2024_9_18;vielä;1
1328;9/2024;2024_9_18;viikko;2
1328;9/2024;2024_9_18;viikkotolkulla;1
1328;9/2024;2024_9_18;viipyy;1
1328;9/2024;2024_9_18;vladimir;1
1328;9/2024;2024_9_18;voi;4
1328;9/2024;2024_9_18;voimme;1
1328;9/2024;2024_9_18;vuotta;1
1328;9/2024;2024_9_18;välittämättä;1
1328;9/2024;2024_9_18;yhdysvallat;1
1328;9/2024;2024_9_18;yhdysvaltojen;1
1328;9/2024;2024_9_18;yhtenä;1
1328;9/2024;2024_9_18;yhtä;1
1328;9/2024;2024_9_18;yksittäinen;1
1328;9/2024;2024_9_18;ylpeitä;1
1328;9/2024;2024_9_18;yltäisi;1
1328;9/2024;2024_9_18;ärade;3
1328;9/2024;2024_9_18;äräde;1
1328;9/2024;2024_9_18;äärimmäisen;1
1328;9/2024;2024_9_78;aikaa;1
1328;9/2024;2024_9_78;aiotaan;3
1328;9/2024;2024_9_78;aivan;3
1328;9/2024;2024_9_78;alettava;1
1328;9/2024;2024_9_78;alkaa;1
1328;9/2024;2024_9_78;aluksella;1
1328;9/2024;2024_9_78;aluksen;1
1328;9/2024;2024_9_78;aluksi;1
1328;9/2024;2024_9_78;ammattisotilaiden;1
1328;9/2024;2024_9_78;armeijasta;1
1328;9/2024;2024_9_78;arvoisa;3
1328;9/2024;2024_9_78;asiaa;1
1328;9/2024;2024_9_78;asioista;1
1328;9/2024;2024_9_78;asioita;1
1328;9/2024;2024_9_78;auta;1
1328;9/2024;2024_9_78;avoimemmin;1
1328;9/2024;2024_9_78;avoimuutta;1
1328;9/2024;2024_9_78;eduskunta;1
1328;9/2024;2024_9_78;ei;8
1328;9/2024;2024_9_78;eli;2
1328;9/2024;2024_9_78;emme;1
1328;9/2024;2024_9_78;enemmän;1
1328;9/2024;2024_9_78;enintään;1
1328;9/2024;2024_9_78;enää;2
1328;9/2024;2024_9_78;eri;1
1328;9/2024;2024_9_78;erikoinen;1
1328;9/2024;2024_9_78;erikseen;1
1328;9/2024;2024_9_78;erittäin;1
1328;9/2024;2024_9_78;esimerkiksi;1
1328;9/2024;2024_9_78;ettei;1
1328;9/2024;2024_9_78;että;5
1328;9/2024;2024_9_78;haluaa;1
1328;9/2024;2024_9_78;haluan;1
1328;9/2024;2024_9_78;harjoituksissa;1
1328;9/2024;2024_9_78;he;1
1328;9/2024;2024_9_78;heidät;1
1328;9/2024;2024_9_78;henkilöä;2
1328;9/2024;2024_9_78;herkut;1
1328;9/2024;2024_9_78;heti;1
1328;9/2024;2024_9_78;hoidetaan;2
1328;9/2024;2024_9_78;hoituvat;1
1328;9/2024;2024_9_78;hornetia;1
1328;9/2024;2024_9_78;hybridivaikuttaminen;1
1328;9/2024;2024_9_78;hyvä;3
1328;9/2024;2024_9_78;hyödyistä;1
1328;9/2024;2024_9_78;häkkäsen;1
1328;9/2024;2024_9_78;ilmavalvontaan;1
1328;9/2024;2024_9_78;ilmeisesti;1
1328;9/2024;2024_9_78;iso;1
1328;9/2024;2024_9_78;itämerelle;1
1328;9/2024;2024_9_78;itämeren;1
1328;9/2024;2024_9_78;itärajalla;1
1328;9/2024;2024_9_78;itärajan;1
1328;9/2024;2024_9_78;itään;1
1328;9/2024;2024_9_78;ja;10
1328;9/2024;2024_9_78;joka;1
1328;9/2024;2024_9_78;jos;2
1328;9/2024;2024_9_78;josta;1
1328;9/2024;2024_9_78;jotka;2
1328;9/2024;2024_9_78;joukkojen;1
1328;9/2024;2024_9_78;joukoissa;1
1328;9/2024;2024_9_78;joukoksi;1
1328;9/2024;2024_9_78;joukolla;1
1328;9/2024;2024_9_78;julkista;1
1328;9/2024;2024_9_78;jälkeen;1
1328;9/2024;2024_9_78;järjestää;1
1328;9/2024;2024_9_78;jäsenyys;2
1328;9/2024;2024_9_78;kaatuu;1
1328;9/2024;2024_9_78;kahdeksan;1
1328;9/2024;2024_9_78;kaikkea;1
1328;9/2024;2024_9_78;kaikki;3
1328;9/2024;2024_9_78;kaipaa;1
1328;9/2024;2024_9_78;kanssa;3
1328;9/2024;2024_9_78;kantahenkilökuntaa;1
1328;9/2024;2024_9_78;kantahenkilöstöllä;1
1328;9/2024;2024_9_78;kerro;1
1328;9/2024;2024_9_78;kerrotaan;1
1328;9/2024;2024_9_78;kertoa;1
1328;9/2024;2024_9_78;keskittyä;1
1328;9/2024;2024_9_78;keskusteltava;1
1328;9/2024;2024_9_78;keskustelu;1
1328;9/2024;2024_9_78;keskustelua;2
1328;9/2024;2024_9_78;keväällä;1
1328;9/2024;2024_9_78;keväänä;1
1328;9/2024;2024_9_78;kiitos;1
1328;9/2024;2024_9_78;kohdalla;1
1328;9/2024;2024_9_78;koko;2
1328;9/2024;2024_9_78;kokoamisesta;1
1328;9/2024;2024_9_78;kokonaisturvallisuudessa;1
1328;9/2024;2024_9_78;koota;2
1328;9/2024;2024_9_78;korkealla;1
1328;9/2024;2024_9_78;korvaukset;1
1328;9/2024;2024_9_78;koskee;2
1328;9/2024;2024_9_78;koskemaan;1
1328;9/2024;2024_9_78;koskevan;1
1328;9/2024;2024_9_78;koulutetaan;1
1328;9/2024;2024_9_78;kovasti;1
1328;9/2024;2024_9_78;kovenee;1
1328;9/2024;2024_9_78;kuin;3
1328;9/2024;2024_9_78;kun;3
1328;9/2024;2024_9_78;kuuluu;2
1328;9/2024;2024_9_78;kyllä;2
1328;9/2024;2024_9_78;kymmenessä;1
1328;9/2024;2024_9_78;kyse;2
1328;9/2024;2024_9_78;kysellä;1
1328;9/2024;2024_9_78;kysymys;3
1328;9/2024;2024_9_78;käsky;1
1328;9/2024;2024_9_78;käy;2
1328;9/2024;2024_9_78;käydä;1
1328;9/2024;2024_9_78;käydään;1
1328;9/2024;2024_9_78;käyttö;1
1328;9/2024;2024_9_78;käyttöä;1
1328;9/2024;2024_9_78;käyty;1
1328;9/2024;2024_9_78;lainsäädäntöä;1
1328;9/2024;2024_9_78;laivan;1
1328;9/2024;2024_9_78;lakimuutoksia;1
1328;9/2024;2024_9_78;lapin;1
1328;9/2024;2024_9_78;lause;1
1328;9/2024;2024_9_78;lautaselle;1
1328;9/2024;2024_9_78;lehtilausunnon;1
1328;9/2024;2024_9_78;liian;3
1328;9/2024;2024_9_78;liittolainen;1
1328;9/2024;2024_9_78;liittolaisuus;1
1328;9/2024;2024_9_78;liittyen;1
1328;9/2024;2024_9_78;lisää;1
1328;9/2024;2024_9_78;lopputulos;1
1328;9/2024;2024_9_78;lopuksi;1
1328;9/2024;2024_9_78;läheinen;1
1328;9/2024;2024_9_78;lähettää;1
1328;9/2024;2024_9_78;lähtee;1
1328;9/2024;2024_9_78;löytyykö;1
1328;9/2024;2024_9_78;madridissa;1
1328;9/2024;2024_9_78;mahdollista;1
1328;9/2024;2024_9_78;maksetaan;1
1328;9/2024;2024_9_78;meillä;1
1328;9/2024;2024_9_78;mennään;1
1328;9/2024;2024_9_78;merkitsee;1
1328;9/2024;2024_9_78;mieluisat;1
1328;9/2024;2024_9_78;miinantorjuntaan;2
1328;9/2024;2024_9_78;mikään;1
1328;9/2024;2024_9_78;millainen;1
1328;9/2024;2024_9_78;minkälaisia;1
1328;9/2024;2024_9_78;missä;1
1328;9/2024;2024_9_78;mistään;1
1328;9/2024;2024_9_78;miten;5
1328;9/2024;2024_9_78;mitä;2
1328;9/2024;2024_9_78;mitään;1
1328;9/2024;2024_9_78;moniin;1
1328;9/2024;2024_9_78;muistaa;1
1328;9/2024;2024_9_78;mukaan;1
1328;9/2024;2024_9_78;mutta;5
1328;9/2024;2024_9_78;muuten;1
1328;9/2024;2024_9_78;muutos;1
1328;9/2024;2024_9_78;myös;5
1328;9/2024;2024_9_78;määrä;1
1328;9/2024;2024_9_78;nato;2
1328;9/2024;2024_9_78;nato-jäsenyys;1
1328;9/2024;2024_9_78;nato-jäsenyyteen;1
1328;9/2024;2024_9_78;nato-maa;1
1328;9/2024;2024_9_78;nato-suomen;1
1328;9/2024;2024_9_78;naton;7
1328;9/2024;2024_9_78;niiden;1
1328;9/2024;2024_9_78;niin;2
1328;9/2024;2024_9_78;noin;1
1328;9/2024;2024_9_78;nopean;3
1328;9/2024;2024_9_78;noukkimassa;1
1328;9/2024;2024_9_78;noutopöytä;1
1328;9/2024;2024_9_78;nyt;5
1328;9/2024;2024_9_78;oikein;1
1328;9/2024;2024_9_78;oikeuksia;1
1328;9/2024;2024_9_78;ole;5
1328;9/2024;2024_9_78;olemme;1
1328;9/2024;2024_9_78;oli;2
1328;9/2024;2024_9_78;olisi;3
1328;9/2024;2024_9_78;olla;3
1328;9/2024;2024_9_78;on;20
1328;9/2024;2024_9_78;osallistuu;1
1328;9/2024;2024_9_78;osuus;1
1328;9/2024;2024_9_78;ovat;2
1328;9/2024;2024_9_78;painottaa;1
1328;9/2024;2024_9_78;paljon;4
1328;9/2024;2024_9_78;paljonko;1
1328;9/2024;2024_9_78;palkattavilla;1
1328;9/2024;2024_9_78;palkatut;1
1328;9/2024;2024_9_78;palkoista;1
1328;9/2024;2024_9_78;pannukakku;1
1328;9/2024;2024_9_78;pelkistä;1
1328;9/2024;2024_9_78;perustuvasta;1
1328;9/2024;2024_9_78;pikkuhiljaa;1
1328;9/2024;2024_9_78;pitänyt;1
1328;9/2024;2024_9_78;pitää;3
1328;9/2024;2024_9_78;puhemies;3
1328;9/2024;2024_9_78;puhua;1
1328;9/2024;2024_9_78;puhuttu;2
1328;9/2024;2024_9_78;puolesta;1
1328;9/2024;2024_9_78;puolustamisesta;1
1328;9/2024;2024_9_78;puolustusministeri;1
1328;9/2024;2024_9_78;puolustusvoimat;1
1328;9/2024;2024_9_78;pysyvällä;1
1328;9/2024;2024_9_78;päivässä;1
1328;9/2024;2024_9_78;pääkaupunkiseudun;1
1328;9/2024;2024_9_78;päättää;1
1328;9/2024;2024_9_78;päätös;1
1328;9/2024;2024_9_78;rahaa;1
1328;9/2024;2024_9_78;rahoituksen;1
1328;9/2024;2024_9_78;rannikkoseudun;1
1328;9/2024;2024_9_78;raportti;1
1328;9/2024;2024_9_78;ratkaista;1
1328;9/2024;2024_9_78;reserviläisiin;1
1328;9/2024;2024_9_78;reserviläisille;1
1328;9/2024;2024_9_78;reserviläisiä;2
1328;9/2024;2024_9_78;reserviläisten;2
1328;9/2024;2024_9_78;reservistä;2
1328;9/2024;2024_9_78;romaniaan;2
1328;9/2024;2024_9_78;roolissa;1
1328;9/2024;2024_9_78;rähmällämme;1
1328;9/2024;2024_9_78;saatiin;1
1328;9/2024;2024_9_78;salamyhkäisyys;1
1328;9/2024;2024_9_78;sanottava;1
1328;9/2024;2024_9_78;se;7
1328;9/2024;2024_9_78;sekä;2
1328;9/2024;2024_9_78;selkoa;1
1328;9/2024;2024_9_78;selonteko;1
1328;9/2024;2024_9_78;selonteon;2
1328;9/2024;2024_9_78;selonteossa;1
1328;9/2024;2024_9_78;selvittää;1
1328;9/2024;2024_9_78;siihen;1
1328;9/2024;2024_9_78;siitä;2
1328;9/2024;2024_9_78;silloin;2
1328;9/2024;2024_9_78;sitä;1
1328;9/2024;2024_9_78;sopimuksia;1
1328;9/2024;2024_9_78;sopimus;1
1328;9/2024;2024_9_78;sopimussotilaat;1
1328;9/2024;2024_9_78;sopimussotilailla;1
1328;9/2024;2024_9_78;sotasalaisuudesta;1
1328;9/2024;2024_9_78;sotilaan;1
1328;9/2024;2024_9_78;sotilaita;1
1328;9/2024;2024_9_78;sotilas;1
1328;9/2024;2024_9_78;sotilasliitto;1
1328;9/2024;2024_9_78;suomalainen;1
1328;9/2024;2024_9_78;suomalaisia;1
1328;9/2024;2024_9_78;suomalaisille;2
1328;9/2024;2024_9_78;suomalaisten;1
1328;9/2024;2024_9_78;suomea;1
1328;9/2024;2024_9_78;suomelle;1
1328;9/2024;2024_9_78;suomen;7
1328;9/2024;2024_9_78;suomi;2
1328;9/2024;2024_9_78;suunnitelmat;1
1328;9/2024;2024_9_78;ta;1
1328;9/2024;2024_9_78;taistelijaa;1
1328;9/2024;2024_9_78;taistelujoukko;1
1328;9/2024;2024_9_78;taistelujoukoista;1
1328;9/2024;2024_9_78;taistelujoukot;1
1328;9/2024;2024_9_78;tajuta;1
1328;9/2024;2024_9_78;talman;3
1328;9/2024;2024_9_78;tarkoittaa;2
1328;9/2024;2024_9_78;tarkoitus;1
1328;9/2024;2024_9_78;tarvitaan;1
1328;9/2024;2024_9_78;tarvitsee;1
1328;9/2024;2024_9_78;tasolla;1
1328;9/2024;2024_9_78;tavoite;1
1328;9/2024;2024_9_78;tehtiin;1
1328;9/2024;2024_9_78;tehtäviä;1
1328;9/2024;2024_9_78;tilanne;1
1328;9/2024;2024_9_78;toiminnan;3
1328;9/2024;2024_9_78;toteutetaan;1
1328;9/2024;2024_9_78;tuhansia;1
1328;9/2024;2024_9_78;tuhansille;1
1328;9/2024;2024_9_78;tule;2
1328;9/2024;2024_9_78;tulevat;2
1328;9/2024;2024_9_78;turvallisuuden;1
1328;9/2024;2024_9_78;turvallisuudesta;1
1328;9/2024;2024_9_78;tyhjä;1
1328;9/2024;2024_9_78;tällainen;1
1328;9/2024;2024_9_78;tällaisella;1
1328;9/2024;2024_9_78;tällaista;1
1328;9/2024;2024_9_78;tämä;5
1328;9/2024;2024_9_78;tänä;1
1328;9/2024;2024_9_78;tärkein;1
1328;9/2024;2024_9_78;tärkeässä;1
1328;9/2024;2024_9_78;tässä;1
1328;9/2024;2024_9_78;tästä;3
1328;9/2024;2024_9_78;tätä;1
1328;9/2024;2024_9_78;täysi;1
1328;9/2024;2024_9_78;täysjäsen;1
1328;9/2024;2024_9_78;ulkomailla;1
1328;9/2024;2024_9_78;uusiin;1
1328;9/2024;2024_9_78;vaan;1
1328;9/2024;2024_9_78;vaatii;1
1328;9/2024;2024_9_78;vaatimaan;1
1328;9/2024;2024_9_78;vai;1
1328;9/2024;2024_9_78;vaikeuttaa;1
1328;9/2024;2024_9_78;vaikutuksista;1
1328;9/2024;2024_9_78;vain;1
1328;9/2024;2024_9_78;vakava;1
1328;9/2024;2024_9_78;valmistelemassa;1
1328;9/2024;2024_9_78;valmiuden;1
1328;9/2024;2024_9_78;valmiusjoukoille;1
1328;9/2024;2024_9_78;valmiutta;1
1328;9/2024;2024_9_78;vapaaehtoisia;1
1328;9/2024;2024_9_78;varmasti;3
1328;9/2024;2024_9_78;varusmiehiä;1
1328;9/2024;2024_9_78;varusmiesten;1
1328;9/2024;2024_9_78;vastauspuheenvuoropyyntöjä;1
1328;9/2024;2024_9_78;vastuisiin;1
1328;9/2024;2024_9_78;velvoittaa;1
1328;9/2024;2024_9_78;velvollisuuksia;1
1328;9/2024;2024_9_78;vielä;1
1328;9/2024;2024_9_78;viimeistään;1
1328;9/2024;2024_9_78;voi;1
1328;9/2024;2024_9_78;vuoden;1
1328;9/2024;2024_9_78;vuonna;1
1328;9/2024;2024_9_78;vuoro;1
1328;9/2024;2024_9_78;vähän;2
1328;9/2024;2024_9_78;väännön;1
1328;9/2024;2024_9_78;yhden;1
1328;9/2024;2024_9_78;yhdysvaltojen;2
1328;9/2024;2024_9_78;ymmärrettävä;1
1328;9/2024;2024_9_78;yritetään;1
1328;9/2024;2024_9_78;ytimessä;1
1328;9/2024;2024_9_78;ärade;3
1328;90/2024;2024_90_17;aikavälillä;1
1328;90/2024;2024_90_17;ainoa;1
1328;90/2024;2024_90_17;alentaa;1
1328;90/2024;2024_90_17;alentaminen;2
1328;90/2024;2024_90_17;alueella;1
1328;90/2024;2024_90_17;alussa;1
1328;90/2024;2024_90_17;annetaan;1
1328;90/2024;2024_90_17;antaa;1
1328;90/2024;2024_90_17;arvioinut;1
1328;90/2024;2024_90_17;arvoisa;4
1328;90/2024;2024_90_17;avulla;2
1328;90/2024;2024_90_17;bktn;1
1328;90/2024;2024_90_17;budjetti;1
1328;90/2024;2024_90_17;digitaalisissa;1
1328;90/2024;2024_90_17;edes;1
1328;90/2024;2024_90_17;eduskunnan;1
1328;90/2024;2024_90_17;ei;7
1328;90/2024;2024_90_17;eikö;1
1328;90/2024;2024_90_17;eivät;2
1328;90/2024;2024_90_17;ekonomistin;1
1328;90/2024;2024_90_17;eli;1
1328;90/2024;2024_90_17;enemmän;1
1328;90/2024;2024_90_17;energiamurroksen;1
1328;90/2024;2024_90_17;ennustettavia;1
1328;90/2024;2024_90_17;enää;1
1328;90/2024;2024_90_17;erityisesti;1
1328;90/2024;2024_90_17;erityiskäsittelyyn;1
1328;90/2024;2024_90_17;erityistalousalue;1
1328;90/2024;2024_90_17;erityistalousalueeksi;1
1328;90/2024;2024_90_17;erityistä;1
1328;90/2024;2024_90_17;eteen;1
1328;90/2024;2024_90_17;etsiä;1
1328;90/2024;2024_90_17;että;6
1328;90/2024;2024_90_17;euroa;2
1328;90/2024;2024_90_17;eurolla;3
1328;90/2024;2024_90_17;euron;1
1328;90/2024;2024_90_17;euroon;1
1328;90/2024;2024_90_17;hallituksen;2
1328;90/2024;2024_90_17;halutaan;1
1328;90/2024;2024_90_17;hankitaan;1
1328;90/2024;2024_90_17;hoitoa;1
1328;90/2024;2024_90_17;hoivaa;1
1328;90/2024;2024_90_17;huolehtia;1
1328;90/2024;2024_90_17;huomattava;1
1328;90/2024;2024_90_17;huomiota;1
1328;90/2024;2024_90_17;hyödyntämiseen;1
1328;90/2024;2024_90_17;ihmisiä;1
1328;90/2024;2024_90_17;indeksiä;1
1328;90/2024;2024_90_17;investoi;1
1328;90/2024;2024_90_17;investoinneille;1
1328;90/2024;2024_90_17;investoinneista;1
1328;90/2024;2024_90_17;investoinnin;1
1328;90/2024;2024_90_17;investoinnit;1
1328;90/2024;2024_90_17;investointeja;7
1328;90/2024;2024_90_17;investointi;1
1328;90/2024;2024_90_17;investointien;1
1328;90/2024;2024_90_17;investointipotti;1
1328;90/2024;2024_90_17;investoivat;1
1328;90/2024;2024_90_17;iso;1
1328;90/2024;2024_90_17;itsekkäämpi;1
1328;90/2024;2024_90_17;itserahoitusaste;1
1328;90/2024;2024_90_17;itserahoitusasteeksi;1
1328;90/2024;2024_90_17;itseään;1
1328;90/2024;2024_90_17;itä-suomesta;1
1328;90/2024;2024_90_17;ja;29
1328;90/2024;2024_90_17;jo;1
1328;90/2024;2024_90_17;johtaa;2
1328;90/2024;2024_90_17;joita;2
1328;90/2024;2024_90_17;joka;1
1328;90/2024;2024_90_17;jokainen;1
1328;90/2024;2024_90_17;jolla;1
1328;90/2024;2024_90_17;jonka;1
1328;90/2024;2024_90_17;jos;4
1328;90/2024;2024_90_17;josta;2
1328;90/2024;2024_90_17;jotka;1
1328;90/2024;2024_90_17;jotta;1
1328;90/2024;2024_90_17;julkinen;1
1328;90/2024;2024_90_17;julkista;1
1328;90/2024;2024_90_17;junaratoihin;1
1328;90/2024;2024_90_17;juustohöylä;1
1328;90/2024;2024_90_17;jättää;1
1328;90/2024;2024_90_17;jää;1
1328;90/2024;2024_90_17;jäädytetään;2
1328;90/2024;2024_90_17;kahdeksan;1
1328;90/2024;2024_90_17;kaikenlaisia;1
1328;90/2024;2024_90_17;kaikessa;1
1328;90/2024;2024_90_17;kaikesta;1
1328;90/2024;2024_90_17;kaikki;3
1328;90/2024;2024_90_17;kaivosteollisuuteen;1
1328;90/2024;2024_90_17;kannustavat;1
1328;90/2024;2024_90_17;kannustetaan;1
1328;90/2024;2024_90_17;karsimalla;1
1328;90/2024;2024_90_17;kasvaa;2
1328;90/2024;2024_90_17;kasvanut;1
1328;90/2024;2024_90_17;kasvavat;2
1328;90/2024;2024_90_17;kasvu;3
1328;90/2024;2024_90_17;kasvun;1
1328;90/2024;2024_90_17;kasvuun;6
1328;90/2024;2024_90_17;katsokaa;1
1328;90/2024;2024_90_17;kautta;2
1328;90/2024;2024_90_17;kertoo;1
1328;90/2024;2024_90_17;kerää;1
1328;90/2024;2024_90_17;keskimäärin;1
1328;90/2024;2024_90_17;keventää;1
1328;90/2024;2024_90_17;kiitos;1
1328;90/2024;2024_90_17;kilpailee;1
1328;90/2024;2024_90_17;kohdentamalla;1
1328;90/2024;2024_90_17;kohdistettuja;1
1328;90/2024;2024_90_17;koko;2
1328;90/2024;2024_90_17;kolmella;1
1328;90/2024;2024_90_17;kompensoi;1
1328;90/2024;2024_90_17;kompensoida;1
1328;90/2024;2024_90_17;koosta;1
1328;90/2024;2024_90_17;korotettiin;1
1328;90/2024;2024_90_17;kotitalousvähennystä;1
1328;90/2024;2024_90_17;kuin;2
1328;90/2024;2024_90_17;kuitenkin;1
1328;90/2024;2024_90_17;kuljetusten;1
1328;90/2024;2024_90_17;kun;3
1328;90/2024;2024_90_17;kuntoon;1
1328;90/2024;2024_90_17;kuriin;1
1328;90/2024;2024_90_17;kustannusten;3
1328;90/2024;2024_90_17;kuten;1
1328;90/2024;2024_90_17;kymmeneen;1
1328;90/2024;2024_90_17;kysyntää;1
1328;90/2024;2024_90_17;kysytään;2
1328;90/2024;2024_90_17;käynnissä;1
1328;90/2024;2024_90_17;laittaa;1
1328;90/2024;2024_90_17;laskea;1
1328;90/2024;2024_90_17;lasketaan;2
1328;90/2024;2024_90_17;lasku;2
1328;90/2024;2024_90_17;laskulla;1
1328;90/2024;2024_90_17;liikkeelle;1
1328;90/2024;2024_90_17;lisää;2
1328;90/2024;2024_90_17;lukumäärän;1
1328;90/2024;2024_90_17;luoda;1
1328;90/2024;2024_90_17;luotettavat;1
1328;90/2024;2024_90_17;luvun;1
1328;90/2024;2024_90_17;lyhyellä;1
1328;90/2024;2024_90_17;mahdollista;1
1328;90/2024;2024_90_17;maksaa;3
1328;90/2024;2024_90_17;maksaneiden;1
1328;90/2024;2024_90_17;mallien;1
1328;90/2024;2024_90_17;menot;2
1328;90/2024;2024_90_17;mikä;1
1328;90/2024;2024_90_17;miljardia;4
1328;90/2024;2024_90_17;miljardiin;1
1328;90/2024;2024_90_17;miljardilla;3
1328;90/2024;2024_90_17;miljardin;2
1328;90/2024;2024_90_17;miten;1
1328;90/2024;2024_90_17;mitä;1
1328;90/2024;2024_90_17;mitään;1
1328;90/2024;2024_90_17;muita;1
1328;90/2024;2024_90_17;mukaan;1
1328;90/2024;2024_90_17;mutta;1
1328;90/2024;2024_90_17;muuta;1
1328;90/2024;2024_90_17;muutoksia;1
1328;90/2024;2024_90_17;muuttaa;1
1328;90/2024;2024_90_17;myydään;1
1328;90/2024;2024_90_17;myöhäisemmäksi;1
1328;90/2024;2024_90_17;myöntää;1
1328;90/2024;2024_90_17;myös;3
1328;90/2024;2024_90_17;määräaikaisia;1
1328;90/2024;2024_90_17;ne;1
1328;90/2024;2024_90_17;neljä;1
1328;90/2024;2024_90_17;niin;2
1328;90/2024;2024_90_17;niissä;1
1328;90/2024;2024_90_17;niitä;4
1328;90/2024;2024_90_17;nimittää;1
1328;90/2024;2024_90_17;noin;1
1328;90/2024;2024_90_17;nopeasti;1
1328;90/2024;2024_90_17;normeja;1
1328;90/2024;2024_90_17;nostaa;2
1328;90/2024;2024_90_17;nousee;1
1328;90/2024;2024_90_17;nousua;1
1328;90/2024;2024_90_17;nykyinen;1
1328;90/2024;2024_90_17;nykyiselle;2
1328;90/2024;2024_90_17;nykyiset;1
1328;90/2024;2024_90_17;nykytasolla;1
1328;90/2024;2024_90_17;nyt;3
1328;90/2024;2024_90_17;näpertely;1
1328;90/2024;2024_90_17;ole;3
1328;90/2024;2024_90_17;olisi;1
1328;90/2024;2024_90_17;olla;3
1328;90/2024;2024_90_17;olleet;1
1328;90/2024;2024_90_17;omalla;1
1328;90/2024;2024_90_17;on;12
1328;90/2024;2024_90_17;onnistuu;1
1328;90/2024;2024_90_17;organisaatio;1
1328;90/2024;2024_90_17;otetaan;1
1328;90/2024;2024_90_17;ottaa;2
1328;90/2024;2024_90_17;ovat;2
1328;90/2024;2024_90_17;oy;1
1328;90/2024;2024_90_17;paikassa;1
1328;90/2024;2024_90_17;palkankorotusvaraa;1
1328;90/2024;2024_90_17;palkkatasoa;1
1328;90/2024;2024_90_17;palveluissa;1
1328;90/2024;2024_90_17;panostaa;1
1328;90/2024;2024_90_17;panostamaan;1
1328;90/2024;2024_90_17;panostamme;1
1328;90/2024;2024_90_17;paranee;1
1328;90/2024;2024_90_17;paranemisen;1
1328;90/2024;2024_90_17;parantaa;1
1328;90/2024;2024_90_17;paremmin;2
1328;90/2024;2024_90_17;pelastaa;1
1328;90/2024;2024_90_17;perustaa;2
1328;90/2024;2024_90_17;perusteellisen;1
1328;90/2024;2024_90_17;pidemmällä;1
1328;90/2024;2024_90_17;pitkäjänteisiä;1
1328;90/2024;2024_90_17;pitkällä;1
1328;90/2024;2024_90_17;pitänyt;1
1328;90/2024;2024_90_17;pitää;17
1328;90/2024;2024_90_17;pois;1
1328;90/2024;2024_90_17;poistetaan;1
1328;90/2024;2024_90_17;poliisiin;1
1328;90/2024;2024_90_17;poliittinen;1
1328;90/2024;2024_90_17;potentiaali;1
1328;90/2024;2024_90_17;potti;1
1328;90/2024;2024_90_17;prosentilla;1
1328;90/2024;2024_90_17;prosentin;1
1328;90/2024;2024_90_17;prosenttia;2
1328;90/2024;2024_90_17;prosenttiin;2
1328;90/2024;2024_90_17;pudotetaan;1
1328;90/2024;2024_90_17;puhemies;4
1328;90/2024;2024_90_17;puolesta;1
1328;90/2024;2024_90_17;puolueet;1
1328;90/2024;2024_90_17;puolustukseen;1
1328;90/2024;2024_90_17;puolustusteollisuuteen;1
1328;90/2024;2024_90_17;purkamalla;1
1328;90/2024;2024_90_17;pysyä;1
1328;90/2024;2024_90_17;pääomakantojen;1
1328;90/2024;2024_90_17;pääoman;1
1328;90/2024;2024_90_17;päästään;1
1328;90/2024;2024_90_17;päättäväisiä;1
1328;90/2024;2024_90_17;päätöksiä;1
1328;90/2024;2024_90_17;päätösten;1
1328;90/2024;2024_90_17;pörssiin;1
1328;90/2024;2024_90_17;rahat;1
1328;90/2024;2024_90_17;rahoittaa;1
1328;90/2024;2024_90_17;rakenneuudistuksia;1
1328;90/2024;2024_90_17;rakenteita;1
1328;90/2024;2024_90_17;ratainvestointeja;1
1328;90/2024;2024_90_17;riippuen;1
1328;90/2024;2024_90_17;riittävän;1
1328;90/2024;2024_90_17;riittävästi;2
1328;90/2024;2024_90_17;riitä;3
1328;90/2024;2024_90_17;rohkeita;2
1328;90/2024;2024_90_17;rohkeutta;1
1328;90/2024;2024_90_17;ruotsia;1
1328;90/2024;2024_90_17;ruotsin;1
1328;90/2024;2024_90_17;rupeavat;1
1328;90/2024;2024_90_17;röyhkeämpi;1
1328;90/2024;2024_90_17;saada;2
1328;90/2024;2024_90_17;saadaan;2
1328;90/2024;2024_90_17;saamiseksi;1
1328;90/2024;2024_90_17;saamme;1
1328;90/2024;2024_90_17;saatava;1
1328;90/2024;2024_90_17;saatu;1
1328;90/2024;2024_90_17;samassa;1
1328;90/2024;2024_90_17;samoin;1
1328;90/2024;2024_90_17;sanoo;1
1328;90/2024;2024_90_17;se;2
1328;90/2024;2024_90_17;sekä;1
1328;90/2024;2024_90_17;selvittää;1
1328;90/2024;2024_90_17;sen;3
1328;90/2024;2024_90_17;siellä;2
1328;90/2024;2024_90_17;siirtämällä;1
1328;90/2024;2024_90_17;siitä;1
1328;90/2024;2024_90_17;sijoittajia;1
1328;90/2024;2024_90_17;sijoittamaan;1
1328;90/2024;2024_90_17;sillä;1
1328;90/2024;2024_90_17;sitten;2
1328;90/2024;2024_90_17;skaalarahasto;1
1328;90/2024;2024_90_17;skaalausrahasto;1
1328;90/2024;2024_90_17;sote;1
1328;90/2024;2024_90_17;sote-menot;1
1328;90/2024;2024_90_17;suomalaisten;1
1328;90/2024;2024_90_17;suomeen;4
1328;90/2024;2024_90_17;suomen;5
1328;90/2024;2024_90_17;suomenennätys;1
1328;90/2024;2024_90_17;suomesta;1
1328;90/2024;2024_90_17;suomi;3
1328;90/2024;2024_90_17;suoraa;1
1328;90/2024;2024_90_17;suurempi;1
1328;90/2024;2024_90_17;suurin;1
1328;90/2024;2024_90_17;syntyy;1
1328;90/2024;2024_90_17;syyllisiä;1
1328;90/2024;2024_90_17;sähkön;1
1328;90/2024;2024_90_17;säästöissä;1
1328;90/2024;2024_90_17;taas;1
1328;90/2024;2024_90_17;tai;2
1328;90/2024;2024_90_17;takaisin;1
1328;90/2024;2024_90_17;takia;1
1328;90/2024;2024_90_17;talman;3
1328;90/2024;2024_90_17;talouden;1
1328;90/2024;2024_90_17;talous;5
1328;90/2024;2024_90_17;talouskasvun;1
1328;90/2024;2024_90_17;tarjontaa;1
1328;90/2024;2024_90_17;tarvitaan;1
1328;90/2024;2024_90_17;tarvitse;1
1328;90/2024;2024_90_17;tarvitsee;1
1328;90/2024;2024_90_17;tarvitsemme;2
1328;90/2024;2024_90_17;tasapainotus;1
1328;90/2024;2024_90_17;tasolle;2
1328;90/2024;2024_90_17;tehdä;3
1328;90/2024;2024_90_17;tehdään;5
1328;90/2024;2024_90_17;tehty;1
1328;90/2024;2024_90_17;tehtävä;1
1328;90/2024;2024_90_17;tekemässä;1
1328;90/2024;2024_90_17;tekemättä;1
1328;90/2024;2024_90_17;tekemään;1
1328;90/2024;2024_90_17;tekojen;1
1328;90/2024;2024_90_17;teollisista;1
1328;90/2024;2024_90_17;tienaamaan;1
1328;90/2024;2024_90_17;tietopalvelun;1
1328;90/2024;2024_90_17;tilanteessa;1
1328;90/2024;2024_90_17;toimet;1
1328;90/2024;2024_90_17;toimi;1
1328;90/2024;2024_90_17;toimia;2
1328;90/2024;2024_90_17;toimivat;1
1328;90/2024;2024_90_17;toivomalla;1
1328;90/2024;2024_90_17;totuuden;1
1328;90/2024;2024_90_17;tuetaan;1
1328;90/2024;2024_90_17;tukea;1
1328;90/2024;2024_90_17;tukemisessa;1
1328;90/2024;2024_90_17;tukimalleja;1
1328;90/2024;2024_90_17;tule;1
1328;90/2024;2024_90_17;tulee;1
1328;90/2024;2024_90_17;tuotantoa;1
1328;90/2024;2024_90_17;tuottavuuden;2
1328;90/2024;2024_90_17;tuottavuus;1
1328;90/2024;2024_90_17;tuottoa;1
1328;90/2024;2024_90_17;tuottovaatimusta;1
1328;90/2024;2024_90_17;turha;2
1328;90/2024;2024_90_17;turhaa;1
1328;90/2024;2024_90_17;turvallisuuden;1
1328;90/2024;2024_90_17;turvallisuus;1
1328;90/2024;2024_90_17;tylyn;1
1328;90/2024;2024_90_17;työ;1
1328;90/2024;2024_90_17;työmarkkinoiden;1
1328;90/2024;2024_90_17;työn;1
1328;90/2024;2024_90_17;työpaikkojen;1
1328;90/2024;2024_90_17;työttömyysmenot;1
1328;90/2024;2024_90_17;työtä;1
1328;90/2024;2024_90_17;tähtäimellä;2
1328;90/2024;2024_90_17;tähänkin;1
1328;90/2024;2024_90_17;tällaisten;1
1328;90/2024;2024_90_17;tällä;1
1328;90/2024;2024_90_17;tämä;3
1328;90/2024;2024_90_17;tästä;1
1328;90/2024;2024_90_17;tätä;3
1328;90/2024;2024_90_17;täysin;1
1328;90/2024;2024_90_17;töihin;1
1328;90/2024;2024_90_17;töitä;2
1328;90/2024;2024_90_17;vaikuttava;1
1328;90/2024;2024_90_17;vaikutus;1
1328;90/2024;2024_90_17;vain;4
1328;90/2024;2024_90_17;vajaaksi;1
1328;90/2024;2024_90_17;valtio;1
1328;90/2024;2024_90_17;valtion;1
1328;90/2024;2024_90_17;vanhat;1
1328;90/2024;2024_90_17;varaa;1
1328;90/2024;2024_90_17;varmasti;1
1328;90/2024;2024_90_17;varten;2
1328;90/2024;2024_90_17;vastaus;1
1328;90/2024;2024_90_17;veikkaus;1
1328;90/2024;2024_90_17;velkaa;1
1328;90/2024;2024_90_17;velkaantumisessa;1
1328;90/2024;2024_90_17;veroa;1
1328;90/2024;2024_90_17;veroetuja;1
1328;90/2024;2024_90_17;veroja;1
1328;90/2024;2024_90_17;veronsa;1
1328;90/2024;2024_90_17;veroremontin;1
1328;90/2024;2024_90_17;verotukea;1
1328;90/2024;2024_90_17;verotusta;1
1328;90/2024;2024_90_17;verovapauksia;1
1328;90/2024;2024_90_17;viedään;1
1328;90/2024;2024_90_17;viidellä;1
1328;90/2024;2024_90_17;vm;1
1328;90/2024;2024_90_17;voi;2
1328;90/2024;2024_90_17;voida;1
1328;90/2024;2024_90_17;voidaan;2
1328;90/2024;2024_90_17;voitosta;1
1328;90/2024;2024_90_17;vuodessa;1
1328;90/2024;2024_90_17;vuorollaan;1
1328;90/2024;2024_90_17;vuosina;1
1328;90/2024;2024_90_17;vuoteen;3
1328;90/2024;2024_90_17;vähentää;1
1328;90/2024;2024_90_17;vähintään;1
1328;90/2024;2024_90_17;yhdeksän;1
1328;90/2024;2024_90_17;yhteensä;3
1328;90/2024;2024_90_17;yhteiskuntasopimus;1
1328;90/2024;2024_90_17;yhteisövero;1
1328;90/2024;2024_90_17;yhteisöveroa;1
1328;90/2024;2024_90_17;yhteisöveron;5
1328;90/2024;2024_90_17;ykkösasia;1
1328;90/2024;2024_90_17;ylimääräistä;1
1328;90/2024;2024_90_17;yrittäjyyteen;1
1328;90/2024;2024_90_17;yrityksille;2
1328;90/2024;2024_90_17;yritys;1
1328;90/2024;2024_90_17;yritysten;2
1328;90/2024;2024_90_17;yritystukia;3
1328;90/2024;2024_90_17;ärade;3
1328;91/2020;2020_91_18;aikamatkan;1
1328;91/2020;2020_91_18;aikavälillä;1
1328;91/2020;2020_91_18;ajatelkaa;1
1328;91/2020;2020_91_18;akkuteollisuustoimintaan;1
1328;91/2020;2020_91_18;alennettu;1
1328;91/2020;2020_91_18;alentaminen;1
1328;91/2020;2020_91_18;alkaa;1
1328;91/2020;2020_91_18;aluksi;1
1328;91/2020;2020_91_18;alussa;1
1328;91/2020;2020_91_18;ammattiyhdistysten;1
1328;91/2020;2020_91_18;annetaan;1
1328;91/2020;2020_91_18;arvio;1
1328;91/2020;2020_91_18;arvoinen;1
1328;91/2020;2020_91_18;arvoisa;1
1328;91/2020;2020_91_18;arvonlisäveron;1
1328;91/2020;2020_91_18;arvostamani;1
1328;91/2020;2020_91_18;asfaltointi;1
1328;91/2020;2020_91_18;asfalttia;1
1328;91/2020;2020_91_18;asia;1
1328;91/2020;2020_91_18;asian;1
1328;91/2020;2020_91_18;asioita;1
1328;91/2020;2020_91_18;asti;1
1328;91/2020;2020_91_18;bisnes;1
1328;91/2020;2020_91_18;edessä;1
1328;91/2020;2020_91_18;edistetään;1
1328;91/2020;2020_91_18;ehdoksi;1
1328;91/2020;2020_91_18;ei;5
1328;91/2020;2020_91_18;eikö;1
1328;91/2020;2020_91_18;eivät;1
1328;91/2020;2020_91_18;eivätkö;1
1328;91/2020;2020_91_18;elvytyskeino;1
1328;91/2020;2020_91_18;elvytyspaketin;1
1328;91/2020;2020_91_18;elvytyspaketti;1
1328;91/2020;2020_91_18;enemmän;1
1328;91/2020;2020_91_18;enintään;1
1328;91/2020;2020_91_18;epidemiologeiksi;1
1328;91/2020;2020_91_18;epäillä;1
1328;91/2020;2020_91_18;erilainen;1
1328;91/2020;2020_91_18;erilaisen;1
1328;91/2020;2020_91_18;erittäin;1
1328;91/2020;2020_91_18;esimerkiksi;2
1328;91/2020;2020_91_18;eteenpäin;1
1328;91/2020;2020_91_18;ettei;1
1328;91/2020;2020_91_18;että;3
1328;91/2020;2020_91_18;euroa;1
1328;91/2020;2020_91_18;euron;2
1328;91/2020;2020_91_18;euroon;1
1328;91/2020;2020_91_18;euroopan;2
1328;91/2020;2020_91_18;euroopassa;1
1328;91/2020;2020_91_18;finanssikriisin;1
1328;91/2020;2020_91_18;haatainen;1
1328;91/2020;2020_91_18;hallituksella;1
1328;91/2020;2020_91_18;hallitukselta;1
1328;91/2020;2020_91_18;hallitus;5
1328;91/2020;2020_91_18;hankkijoille;1
1328;91/2020;2020_91_18;henkilötyövuoden;1
1328;91/2020;2020_91_18;herrat;1
1328;91/2020;2020_91_18;hetken;1
1328;91/2020;2020_91_18;hintoja;1
1328;91/2020;2020_91_18;hoitaisi;1
1328;91/2020;2020_91_18;houkuttelevaa;1
1328;91/2020;2020_91_18;huolimatta;1
1328;91/2020;2020_91_18;huonommin;1
1328;91/2020;2020_91_18;hyväksytty;1
1328;91/2020;2020_91_18;hyväksyä;1
1328;91/2020;2020_91_18;ihmettelen;1
1328;91/2020;2020_91_18;ihmisillä;1
1328;91/2020;2020_91_18;infrahankkeita;1
1328;91/2020;2020_91_18;infrainvestointeja;1
1328;91/2020;2020_91_18;innovaatioiden;1
1328;91/2020;2020_91_18;investoinneista;1
1328;91/2020;2020_91_18;investointien;1
1328;91/2020;2020_91_18;ja;19
1328;91/2020;2020_91_18;johon;1
1328;91/2020;2020_91_18;johonkin;1
1328;91/2020;2020_91_18;johtopäätöksiä;1
1328;91/2020;2020_91_18;joka;4
1328;91/2020;2020_91_18;jokainen;1
1328;91/2020;2020_91_18;jokaisesta;1
1328;91/2020;2020_91_18;jos;1
1328;91/2020;2020_91_18;jotka;1
1328;91/2020;2020_91_18;julkinen;1
1328;91/2020;2020_91_18;julkiseen;1
1328;91/2020;2020_91_18;julkisen;1
1328;91/2020;2020_91_18;julkisia;1
1328;91/2020;2020_91_18;julkisista;1
1328;91/2020;2020_91_18;junaratoja;1
1328;91/2020;2020_91_18;jälkeen;1
1328;91/2020;2020_91_18;järkyttävät;1
1328;91/2020;2020_91_18;kaataa;1
1328;91/2020;2020_91_18;kannalta;1
1328;91/2020;2020_91_18;kannattaa;2
1328;91/2020;2020_91_18;kannattanut;1
1328;91/2020;2020_91_18;kannattavaa;1
1328;91/2020;2020_91_18;kansantalouden;1
1328;91/2020;2020_91_18;kanssa;1
1328;91/2020;2020_91_18;kanta;2
1328;91/2020;2020_91_18;kasvatetaan;1
1328;91/2020;2020_91_18;kasvulle;1
1328;91/2020;2020_91_18;kasvuun;2
1328;91/2020;2020_91_18;kerralla;1
1328;91/2020;2020_91_18;kerrataan;1
1328;91/2020;2020_91_18;kertatuki;1
1328;91/2020;2020_91_18;kiinnostaa;1
1328;91/2020;2020_91_18;kirjoittivat;1
1328;91/2020;2020_91_18;kohisten;1
1328;91/2020;2020_91_18;kolisevat;1
1328;91/2020;2020_91_18;kolmannen;1
1328;91/2020;2020_91_18;koputtaa;2
1328;91/2020;2020_91_18;korjaa;1
1328;91/2020;2020_91_18;korkeakouluopiskelijoille;1
1328;91/2020;2020_91_18;korkeintaan;1
1328;91/2020;2020_91_18;koronan;1
1328;91/2020;2020_91_18;korotetaan;1
1328;91/2020;2020_91_18;koska;2
1328;91/2020;2020_91_18;kotimaassa;1
1328;91/2020;2020_91_18;kotitalouksille;1
1328;91/2020;2020_91_18;kuin;7
1328;91/2020;2020_91_18;kuinka;2
1328;91/2020;2020_91_18;kuluttaa;2
1328;91/2020;2020_91_18;kuluttaakin;1
1328;91/2020;2020_91_18;kulutukseen;2
1328;91/2020;2020_91_18;kulutusta;1
1328;91/2020;2020_91_18;kun;4
1328;91/2020;2020_91_18;kuuluu;1
1328;91/2020;2020_91_18;kuvaa;1
1328;91/2020;2020_91_18;kyselytunnilla;1
1328;91/2020;2020_91_18;kysynkin;1
1328;91/2020;2020_91_18;käteistä;1
1328;91/2020;2020_91_18;laittaa;1
1328;91/2020;2020_91_18;lama;1
1328;91/2020;2020_91_18;lapsesta;1
1328;91/2020;2020_91_18;liiketoimintalogiikasta;1
1328;91/2020;2020_91_18;linjan;1
1328;91/2020;2020_91_18;lisättävä;1
1328;91/2020;2020_91_18;lisää;5
1328;91/2020;2020_91_18;loppuun;1
1328;91/2020;2020_91_18;luo;1
1328;91/2020;2020_91_18;luontoa;1
1328;91/2020;2020_91_18;luovuutta;1
1328;91/2020;2020_91_18;luvulle;2
1328;91/2020;2020_91_18;lähteä;1
1328;91/2020;2020_91_18;lämmittää;1
1328;91/2020;2020_91_18;maa;1
1328;91/2020;2020_91_18;maalataan;1
1328;91/2020;2020_91_18;maanteitä;1
1328;91/2020;2020_91_18;maksettava;1
1328;91/2020;2020_91_18;maksettavaa;1
1328;91/2020;2020_91_18;maksuja;1
1328;91/2020;2020_91_18;mallimaa;1
1328;91/2020;2020_91_18;marinin;1
1328;91/2020;2020_91_18;melkein;1
1328;91/2020;2020_91_18;menee;2
1328;91/2020;2020_91_18;menoja;1
1328;91/2020;2020_91_18;miksi;1
1328;91/2020;2020_91_18;miljardeja;1
1328;91/2020;2020_91_18;miljardien;1
1328;91/2020;2020_91_18;miljardin;1
1328;91/2020;2020_91_18;miljoonaa;2
1328;91/2020;2020_91_18;millä;1
1328;91/2020;2020_91_18;ministeri;1
1328;91/2020;2020_91_18;minua;1
1328;91/2020;2020_91_18;minuuttia;1
1328;91/2020;2020_91_18;missä;1
1328;91/2020;2020_91_18;miten;2
1328;91/2020;2020_91_18;mitä;2
1328;91/2020;2020_91_18;mitätön;1
1328;91/2020;2020_91_18;mitään;1
1328;91/2020;2020_91_18;muassa;1
1328;91/2020;2020_91_18;muita;1
1328;91/2020;2020_91_18;muka;1
1328;91/2020;2020_91_18;mukaan;1
1328;91/2020;2020_91_18;murto-osa;1
1328;91/2020;2020_91_18;mutta;3
1328;91/2020;2020_91_18;muualla;1
1328;91/2020;2020_91_18;muuhun;1
1328;91/2020;2020_91_18;muun;1
1328;91/2020;2020_91_18;muuten;1
1328;91/2020;2020_91_18;myös;3
1328;91/2020;2020_91_18;myöskään;1
1328;91/2020;2020_91_18;ne;1
1328;91/2020;2020_91_18;niin;6
1328;91/2020;2020_91_18;nimenomaan;1
1328;91/2020;2020_91_18;nimittäin;1
1328;91/2020;2020_91_18;nostaa;1
1328;91/2020;2020_91_18;nousevat;1
1328;91/2020;2020_91_18;nykäisten;1
1328;91/2020;2020_91_18;nyt;2
1328;91/2020;2020_91_18;näyttää;1
1328;91/2020;2020_91_18;ole;1
1328;91/2020;2020_91_18;oli;1
1328;91/2020;2020_91_18;olisi;5
1328;91/2020;2020_91_18;olisimme;1
1328;91/2020;2020_91_18;olivat;1
1328;91/2020;2020_91_18;on;12
1328;91/2020;2020_91_18;onko;1
1328;91/2020;2020_91_18;opettaa;1
1328;91/2020;2020_91_18;oppivelvollisuutta;1
1328;91/2020;2020_91_18;osuus;1
1328;91/2020;2020_91_18;ovat;2
1328;91/2020;2020_91_18;paikallista;1
1328;91/2020;2020_91_18;paitsi;1
1328;91/2020;2020_91_18;pakettiin;1
1328;91/2020;2020_91_18;palanneet;1
1328;91/2020;2020_91_18;paljon;3
1328;91/2020;2020_91_18;panostuksia;1
1328;91/2020;2020_91_18;pelkkä;1
1328;91/2020;2020_91_18;pelkkää;1
1328;91/2020;2020_91_18;pelottava;1
1328;91/2020;2020_91_18;perheille;1
1328;91/2020;2020_91_18;perusasiat;1
1328;91/2020;2020_91_18;perusoppeja;1
1328;91/2020;2020_91_18;perustason;1
1328;91/2020;2020_91_18;perusteella;1
1328;91/2020;2020_91_18;pidetään;1
1328;91/2020;2020_91_18;pienyrityksille;1
1328;91/2020;2020_91_18;pitkäjänteisesti;1
1328;91/2020;2020_91_18;pitkällä;1
1328;91/2020;2020_91_18;pitää;1
1328;91/2020;2020_91_18;prosenttiin;3
1328;91/2020;2020_91_18;pudotetaan;1
1328;91/2020;2020_91_18;puhemies;4
1328;91/2020;2020_91_18;putoaa;1
1328;91/2020;2020_91_18;puuskuttaa;1
1328;91/2020;2020_91_18;päätyä;1
1328;91/2020;2020_91_18;raha;1
1328;91/2020;2020_91_18;rahaa;3
1328;91/2020;2020_91_18;rahoittamiseen;1
1328;91/2020;2020_91_18;rakentaa;1
1328;91/2020;2020_91_18;rakenteellisia;1
1328;91/2020;2020_91_18;raporttiin;1
1328;91/2020;2020_91_18;riskeistä;1
1328;91/2020;2020_91_18;riskejä;1
1328;91/2020;2020_91_18;runtelemalle;1
1328;91/2020;2020_91_18;ruuasta;1
1328;91/2020;2020_91_18;ruusuista;1
1328;91/2020;2020_91_18;ryhmän;2
1328;91/2020;2020_91_18;ryhtyneet;1
1328;91/2020;2020_91_18;saastuttaa;1
1328;91/2020;2020_91_18;saksa;1
1328;91/2020;2020_91_18;saksan;2
1328;91/2020;2020_91_18;saksassa;1
1328;91/2020;2020_91_18;sama;1
1328;91/2020;2020_91_18;samat;1
1328;91/2020;2020_91_18;sanna;1
1328;91/2020;2020_91_18;sanoi;1
1328;91/2020;2020_91_18;sari;1
1328;91/2020;2020_91_18;sarkomaa;1
1328;91/2020;2020_91_18;satsaamassa;1
1328;91/2020;2020_91_18;se;7
1328;91/2020;2020_91_18;sekin;1
1328;91/2020;2020_91_18;sektori;1
1328;91/2020;2020_91_18;sektorin;1
1328;91/2020;2020_91_18;sellaiseen;1
1328;91/2020;2020_91_18;selvältä;1
1328;91/2020;2020_91_18;selvästi;1
1328;91/2020;2020_91_18;siinä;1
1328;91/2020;2020_91_18;siis;1
1328;91/2020;2020_91_18;sijoitustoimintaan;1
1328;91/2020;2020_91_18;siltarummut;1
1328;91/2020;2020_91_18;sisältyy;1
1328;91/2020;2020_91_18;sitten;2
1328;91/2020;2020_91_18;sitä;2
1328;91/2020;2020_91_18;sopii;1
1328;91/2020;2020_91_18;sopimista;1
1328;91/2020;2020_91_18;sosiaalivakuutusmaksut;1
1328;91/2020;2020_91_18;sta;1
1328;91/2020;2020_91_18;stimulusta;1
1328;91/2020;2020_91_18;stä;2
1328;91/2020;2020_91_18;suomen;1
1328;91/2020;2020_91_18;suomi;3
1328;91/2020;2020_91_18;suoraan;2
1328;91/2020;2020_91_18;surkeaan;1
1328;91/2020;2020_91_18;suuria;1
1328;91/2020;2020_91_18;sähköauton;1
1328;91/2020;2020_91_18;tai;1
1328;91/2020;2020_91_18;takaisin;1
1328;91/2020;2020_91_18;taloudelle;1
1328;91/2020;2020_91_18;talouspaketin;1
1328;91/2020;2020_91_18;talousveturi;1
1328;91/2020;2020_91_18;talousviisaat;2
1328;91/2020;2020_91_18;talouteen;1
1328;91/2020;2020_91_18;tapauksessa;1
1328;91/2020;2020_91_18;tarvitaan;1
1328;91/2020;2020_91_18;tarvitse;1
1328;91/2020;2020_91_18;tehdä;1
1328;91/2020;2020_91_18;tehdäänkin;1
1328;91/2020;2020_91_18;tehneet;1
1328;91/2020;2020_91_18;tekee;1
1328;91/2020;2020_91_18;tietoa;1
1328;91/2020;2020_91_18;tietää;1
1328;91/2020;2020_91_18;tilanne;1
1328;91/2020;2020_91_18;tilannut;1
1328;91/2020;2020_91_18;toimeliaisuutta;1
1328;91/2020;2020_91_18;toimenpidesuositukset;1
1328;91/2020;2020_91_18;toimimattomina;1
1328;91/2020;2020_91_18;toiminnasta;1
1328;91/2020;2020_91_18;toiminta;1
1328;91/2020;2020_91_18;toimita;1
1328;91/2020;2020_91_18;toimitaan;1
1328;91/2020;2020_91_18;toistetaan;1
1328;91/2020;2020_91_18;toki;1
1328;91/2020;2020_91_18;tuetaan;1
1328;91/2020;2020_91_18;tuilla;1
1328;91/2020;2020_91_18;tulee;1
1328;91/2020;2020_91_18;tuleeko;1
1328;91/2020;2020_91_18;tuntuu;1
1328;91/2020;2020_91_18;tuottaa;2
1328;91/2020;2020_91_18;tutkimukseen;1
1328;91/2020;2020_91_18;työpaikkoja;1
1328;91/2020;2020_91_18;työryhmän;1
1328;91/2020;2020_91_18;työttömyyden;1
1328;91/2020;2020_91_18;työttömyysluvut;1
1328;91/2020;2020_91_18;tällainen;1
1328;91/2020;2020_91_18;tällaiseen;1
1328;91/2020;2020_91_18;tämä;2
1328;91/2020;2020_91_18;tämän;2
1328;91/2020;2020_91_18;tässä;1
1328;91/2020;2020_91_18;tästä;1
1328;91/2020;2020_91_18;täynnä;1
1328;91/2020;2020_91_18;täysin;1
1328;91/2020;2020_91_18;unionin;1
1328;91/2020;2020_91_18;unohdetaan;1
1328;91/2020;2020_91_18;useiden;1
1328;91/2020;2020_91_18;uudistukset;1
1328;91/2020;2020_91_18;uudistuksia;1
1328;91/2020;2020_91_18;uuteen;1
1328;91/2020;2020_91_18;vaatii;1
1328;91/2020;2020_91_18;vain;3
1328;91/2020;2020_91_18;vakautetaan;1
1328;91/2020;2020_91_18;valitsee;1
1328;91/2020;2020_91_18;valossa;1
1328;91/2020;2020_91_18;valtio;1
1328;91/2020;2020_91_18;valtion;1
1328;91/2020;2020_91_18;vanhanaikaisina;1
1328;91/2020;2020_91_18;varautua;1
1328;91/2020;2020_91_18;varmistettu;1
1328;91/2020;2020_91_18;veroja;2
1328;91/2020;2020_91_18;verokantoja;1
1328;91/2020;2020_91_18;verotuloja;1
1328;91/2020;2020_91_18;verran;1
1328;91/2020;2020_91_18;vertailun;1
1328;91/2020;2020_91_18;vesa;1
1328;91/2020;2020_91_18;vihreät;1
1328;91/2020;2020_91_18;vihriälän;2
1328;91/2020;2020_91_18;viime;2
1328;91/2020;2020_91_18;vilu;1
1328;91/2020;2020_91_18;vipuvarsi;1
1328;91/2020;2020_91_18;virheet;1
1328;91/2020;2020_91_18;voineet;2
1328;91/2020;2020_91_18;vuoden;1
1328;91/2020;2020_91_18;vuodessa;1
1328;91/2020;2020_91_18;vuoksi;1
1328;91/2020;2020_91_18;vuosikymmen;1
1328;91/2020;2020_91_18;vuosikymmenen;1
1328;91/2020;2020_91_18;vähemmän;1
1328;91/2020;2020_91_18;väliaikainen;1
1328;91/2020;2020_91_18;välillisesti;1
1328;91/2020;2020_91_18;yhteistyössä;1
1328;91/2020;2020_91_18;yhtään;1
1328;91/2020;2020_91_18;yksi;1
1328;91/2020;2020_91_18;yksityiset;1
1328;91/2020;2020_91_18;yksityistä;1
1328;91/2020;2020_91_18;yleinen;1
1328;91/2020;2020_91_18;yli;1
1328;91/2020;2020_91_18;ylipäätään;1
1328;91/2020;2020_91_18;ylivoimainen;1
1328;91/2020;2020_91_18;ymmärrä;2
1328;91/2020;2020_91_18;ymmärtää;1
1328;91/2020;2020_91_18;ympäristöhyvitystä;1
1328;91/2020;2020_91_18;yritetään;1
1328;91/2020;2020_91_18;yrittäjyyttä;1
1328;91/2020;2020_91_18;yrittäjät;1
1328;91/2020;2020_91_18;yritykset;1
1328;91/2020;2020_91_18;yrityksillä;1
1328;91/2020;2020_91_18;yrityksiä;1
1328;91/2020;2020_91_18;yritysten;2
1328;91/2020;2020_91_18;yritystoimintaa;1
1328;91/2022;2022_91_19;aidosti;1
1328;91/2022;2022_91_19;aikana;3
1328;91/2022;2022_91_19;alaa;1
1328;91/2022;2022_91_19;aloille;1
1328;91/2022;2022_91_19;ansioiden;1
1328;91/2022;2022_91_19;ansiotuloja;1
1328;91/2022;2022_91_19;arvoisa;3
1328;91/2022;2022_91_19;arvostuksen;1
1328;91/2022;2022_91_19;asema;4
1328;91/2022;2022_91_19;asemaa;1
1328;91/2022;2022_91_19;asemassa;1
1328;91/2022;2022_91_19;asennetta;1
1328;91/2022;2022_91_19;asenteita;1
1328;91/2022;2022_91_19;asia;1
1328;91/2022;2022_91_19;asuvilla;1
1328;91/2022;2022_91_19;edelleen;3
1328;91/2022;2022_91_19;ei;3
1328;91/2022;2022_91_19;eivät;2
1328;91/2022;2022_91_19;eläke-eroja;1
1328;91/2022;2022_91_19;eläkkeessä;1
1328;91/2022;2022_91_19;elämänsä;1
1328;91/2022;2022_91_19;en;1
1328;91/2022;2022_91_19;enemmän;3
1328;91/2022;2022_91_19;enempää;1
1328;91/2022;2022_91_19;enää;1
1328;91/2022;2022_91_19;epätasa-arvoinen;1
1328;91/2022;2022_91_19;epätasaisesti;1
1328;91/2022;2022_91_19;eriarvoinen;1
1328;91/2022;2022_91_19;eriarvoisessa;1
1328;91/2022;2022_91_19;erityisesti;2
1328;91/2022;2022_91_19;eroja;1
1328;91/2022;2022_91_19;että;1
1328;91/2022;2022_91_19;eun;1
1328;91/2022;2022_91_19;euro;1
1328;91/2022;2022_91_19;euroa;1
1328;91/2022;2022_91_19;euroopan;2
1328;91/2022;2022_91_19;eussa;1
1328;91/2022;2022_91_19;fyysistä;1
1328;91/2022;2022_91_19;hallituksen;1
1328;91/2022;2022_91_19;halventavia;1
1328;91/2022;2022_91_19;harjoittelu;1
1328;91/2022;2022_91_19;heidän;1
1328;91/2022;2022_91_19;heikentää;1
1328;91/2022;2022_91_19;heikossa;1
1328;91/2022;2022_91_19;heitä;2
1328;91/2022;2022_91_19;henkilöillä;1
1328;91/2022;2022_91_19;hetkellä;1
1328;91/2022;2022_91_19;hoitajapulan;1
1328;91/2022;2022_91_19;hoitovastuuta;2
1328;91/2022;2022_91_19;hoivan;1
1328;91/2022;2022_91_19;hoivapalvelujärjestelmän;1
1328;91/2022;2022_91_19;hyvin;1
1328;91/2022;2022_91_19;ihmettele;1
1328;91/2022;2022_91_19;ihmiselämää;1
1328;91/2022;2022_91_19;ikävä;1
1328;91/2022;2022_91_19;ikääntyneillä;1
1328;91/2022;2022_91_19;ilman;1
1328;91/2022;2022_91_19;insinöörit;1
1328;91/2022;2022_91_19;itsestämme;1
1328;91/2022;2022_91_19;ja;17
1328;91/2022;2022_91_19;jakautuu;1
1328;91/2022;2022_91_19;jo;1
1328;91/2022;2022_91_19;jokaisella;2
1328;91/2022;2022_91_19;jokaisesta;1
1328;91/2022;2022_91_19;jokseenkin;1
1328;91/2022;2022_91_19;jossa;1
1328;91/2022;2022_91_19;jotka;3
1328;91/2022;2022_91_19;järjestelmään;1
1328;91/2022;2022_91_19;kadulla;1
1328;91/2022;2022_91_19;kahvia;1
1328;91/2022;2022_91_19;kaiken;1
1328;91/2022;2022_91_19;kaikkiaan;1
1328;91/2022;2022_91_19;kaivataan;1
1328;91/2022;2022_91_19;kantavat;1
1328;91/2022;2022_91_19;kasvaessa;1
1328;91/2022;2022_91_19;katsomatta;1
1328;91/2022;2022_91_19;kautta;1
1328;91/2022;2022_91_19;keitäpä;1
1328;91/2022;2022_91_19;kertyessä;1
1328;91/2022;2022_91_19;keskimäärin;2
1328;91/2022;2022_91_19;keskimääräinen;1
1328;91/2022;2022_91_19;kiinni;1
1328;91/2022;2022_91_19;kodeissa;1
1328;91/2022;2022_91_19;kohdistuva;1
1328;91/2022;2022_91_19;kokenut;1
1328;91/2022;2022_91_19;kokonaiseläkkeet;1
1328;91/2022;2022_91_19;kolme;1
1328;91/2022;2022_91_19;korvauksella;1
1328;91/2022;2022_91_19;korvauksetta;1
1328;91/2022;2022_91_19;koti;1
1328;91/2022;2022_91_19;kotityötä;1
1328;91/2022;2022_91_19;koulutukset;1
1328;91/2022;2022_91_19;kuin;3
1328;91/2022;2022_91_19;kuitenkin;2
1328;91/2022;2022_91_19;kun;1
1328;91/2022;2022_91_19;kunnan;2
1328;91/2022;2022_91_19;kunnianhimoisesti;1
1328;91/2022;2022_91_19;kunnolla;1
1328;91/2022;2022_91_19;kuormittavuudella;1
1328;91/2022;2022_91_19;kuulla;1
1328;91/2022;2022_91_19;kuuluvalla;1
1328;91/2022;2022_91_19;kuvattuja;1
1328;91/2022;2022_91_19;kyetty;1
1328;91/2022;2022_91_19;kyllä;1
1328;91/2022;2022_91_19;kärjistetysti;1
1328;91/2022;2022_91_19;kärkimaaksi;1
1328;91/2022;2022_91_19;köyhyysriski;1
1328;91/2022;2022_91_19;lausahdusta;1
1328;91/2022;2022_91_19;liian;1
1328;91/2022;2022_91_19;liike;1
1328;91/2022;2022_91_19;lisäksi;2
1328;91/2022;2022_91_19;lisänneet;1
1328;91/2022;2022_91_19;lisääntyy;1
1328;91/2022;2022_91_19;loukkaavaa;1
1328;91/2022;2022_91_19;lähes;1
1328;91/2022;2022_91_19;maa;1
1328;91/2022;2022_91_19;mahdollisuus;1
1328;91/2022;2022_91_19;marinin;1
1328;91/2022;2022_91_19;markkinallistuminen;1
1328;91/2022;2022_91_19;matalampia;1
1328;91/2022;2022_91_19;matalapalkkaisille;1
1328;91/2022;2022_91_19;meidän;1
1328;91/2022;2022_91_19;meillä;2
1328;91/2022;2022_91_19;meistä;1
1328;91/2022;2022_91_19;merkittävästi;1
1328;91/2022;2022_91_19;miehet;1
1328;91/2022;2022_91_19;miehiä;2
1328;91/2022;2022_91_19;mielestä;1
1328;91/2022;2022_91_19;mieltä;1
1328;91/2022;2022_91_19;miesten;3
1328;91/2022;2022_91_19;miesvoittoisia;1
1328;91/2022;2022_91_19;monelle;1
1328;91/2022;2022_91_19;muissa;1
1328;91/2022;2022_91_19;mukaan;1
1328;91/2022;2022_91_19;mutta;3
1328;91/2022;2022_91_19;muutokset;1
1328;91/2022;2022_91_19;muutosta;1
1328;91/2022;2022_91_19;myös;2
1328;91/2022;2022_91_19;naisella;2
1328;91/2022;2022_91_19;naiset;6
1328;91/2022;2022_91_19;naisiin;1
1328;91/2022;2022_91_19;naisilla;1
1328;91/2022;2022_91_19;naisille;1
1328;91/2022;2022_91_19;naisista;1
1328;91/2022;2022_91_19;naisten;9
1328;91/2022;2022_91_19;naisvaltaista;1
1328;91/2022;2022_91_19;naisvoittoista;1
1328;91/2022;2022_91_19;niin;1
1328;91/2022;2022_91_19;noin;1
1328;91/2022;2022_91_19;nostaa;1
1328;91/2022;2022_91_19;nuorella;1
1328;91/2022;2022_91_19;nytin;1
1328;91/2022;2022_91_19;näemme;1
1328;91/2022;2022_91_19;nähdä;1
1328;91/2022;2022_91_19;näkymiä;1
1328;91/2022;2022_91_19;näkymätön;1
1328;91/2022;2022_91_19;näkyy;1
1328;91/2022;2022_91_19;näy;1
1328;91/2022;2022_91_19;nöyryytetty;1
1328;91/2022;2022_91_19;ole;1
1328;91/2022;2022_91_19;olisi;1
1328;91/2022;2022_91_19;olla;3
1328;91/2022;2022_91_19;ollaan;1
1328;91/2022;2022_91_19;omaishoitajan;1
1328;91/2022;2022_91_19;omaishoitajia;1
1328;91/2022;2022_91_19;omaishoito;1
1328;91/2022;2022_91_19;omaisten;2
1328;91/2022;2022_91_19;on;23
1328;91/2022;2022_91_19;ongelma;1
1328;91/2022;2022_91_19;opinnäyte;1
1328;91/2022;2022_91_19;opiskella;1
1328;91/2022;2022_91_19;opiskelun;1
1328;91/2022;2022_91_19;osa-aikatyötä;1
1328;91/2022;2022_91_19;osana;1
1328;91/2022;2022_91_19;ovat;6
1328;91/2022;2022_91_19;paljon;1
1328;91/2022;2022_91_19;palkatonta;1
1328;91/2022;2022_91_19;palkkaero;1
1328;91/2022;2022_91_19;palkkaeron;1
1328;91/2022;2022_91_19;parantaa;1
1328;91/2022;2022_91_19;parantunut;1
1328;91/2022;2022_91_19;paras;2
1328;91/2022;2022_91_19;parempaan;2
1328;91/2022;2022_91_19;perusarvoista;1
1328;91/2022;2022_91_19;perusoikeusviraston;1
1328;91/2022;2022_91_19;perusteella;1
1328;91/2022;2022_91_19;pienellä;1
1328;91/2022;2022_91_19;pienempiä;1
1328;91/2022;2022_91_19;pitäisi;2
1328;91/2022;2022_91_19;pohjoismaissa;1
1328;91/2022;2022_91_19;prosenttia;1
1328;91/2022;2022_91_19;puhemies;3
1328;91/2022;2022_91_19;puolet;1
1328;91/2022;2022_91_19;puolison;1
1328;91/2022;2022_91_19;puolueina;1
1328;91/2022;2022_91_19;puutteella;1
1328;91/2022;2022_91_19;pystyä;1
1328;91/2022;2022_91_19;päivän;1
1328;91/2022;2022_91_19;pätkätöillä;1
1328;91/2022;2022_91_19;pääministeri;1
1328;91/2022;2022_91_19;päättäjinä;1
1328;91/2022;2022_91_19;päätöksenteko;1
1328;91/2022;2022_91_19;päätöksenteossa;1
1328;91/2022;2022_91_19;rakentaa;1
1328;91/2022;2022_91_19;reilut;1
1328;91/2022;2022_91_19;sairaanhoitajat;1
1328;91/2022;2022_91_19;salissa;1
1328;91/2022;2022_91_19;samaa;1
1328;91/2022;2022_91_19;samanpituisia;1
1328;91/2022;2022_91_19;sanna;1
1328;91/2022;2022_91_19;sanottuna;1
1328;91/2022;2022_91_19;se;2
1328;91/2022;2022_91_19;sekaisin;1
1328;91/2022;2022_91_19;seksuaalista;1
1328;91/2022;2022_91_19;sekä;2
1328;91/2022;2022_91_19;senttiä;1
1328;91/2022;2022_91_19;siitä;1
1328;91/2022;2022_91_19;sijoittuvat;1
1328;91/2022;2022_91_19;sillä;1
1328;91/2022;2022_91_19;silti;1
1328;91/2022;2022_91_19;sitä;1
1328;91/2022;2022_91_19;sukupuoleen;1
1328;91/2022;2022_91_19;sukupuolten;4
1328;91/2022;2022_91_19;suomalaisen;2
1328;91/2022;2022_91_19;suomalaisessa;1
1328;91/2022;2022_91_19;suomea;1
1328;91/2022;2022_91_19;suomenkin;1
1328;91/2022;2022_91_19;suomessa;2
1328;91/2022;2022_91_19;suomi;3
1328;91/2022;2022_91_19;suurin;1
1328;91/2022;2022_91_19;taas;1
1328;91/2022;2022_91_19;tai;3
1328;91/2022;2022_91_19;takkuaa;1
1328;91/2022;2022_91_19;talman;3
1328;91/2022;2022_91_19;taloudellisessa;1
1328;91/2022;2022_91_19;taloudellista;1
1328;91/2022;2022_91_19;talouden;3
1328;91/2022;2022_91_19;tapa;2
1328;91/2022;2022_91_19;tarkoittaa;1
1328;91/2022;2022_91_19;tasa-arvo;2
1328;91/2022;2022_91_19;tasa-arvo-ongelmia;1
1328;91/2022;2022_91_19;tasa-arvoa;3
1328;91/2022;2022_91_19;tasa-arvoinen;1
1328;91/2022;2022_91_19;tasa-arvon;1
1328;91/2022;2022_91_19;tasavertaiseksi;2
1328;91/2022;2022_91_19;tavoitteena;1
1328;91/2022;2022_91_19;tehdä;1
1328;91/2022;2022_91_19;tehtävää;1
1328;91/2022;2022_91_19;tekemäänsä;1
1328;91/2022;2022_91_19;tekevät;3
1328;91/2022;2022_91_19;teknologia-alat;1
1328;91/2022;2022_91_19;terveydenhoito;1
1328;91/2022;2022_91_19;terveydenhuoltoalalla;1
1328;91/2022;2022_91_19;tienaavat;1
1328;91/2022;2022_91_19;toimi;1
1328;91/2022;2022_91_19;toiminta;1
1328;91/2022;2022_91_19;toiseksi;1
1328;91/2022;2022_91_19;toistan;1
1328;91/2022;2022_91_19;tukevia;1
1328;91/2022;2022_91_19;tulee;2
1328;91/2022;2022_91_19;tuloissa;1
1328;91/2022;2022_91_19;turvaamiseksi;2
1328;91/2022;2022_91_19;turvallista;1
1328;91/2022;2022_91_19;turvata;2
1328;91/2022;2022_91_19;turvattomin;1
1328;91/2022;2022_91_19;tutkimusten;1
1328;91/2022;2022_91_19;tuttu;1
1328;91/2022;2022_91_19;tyttö;1
1328;91/2022;2022_91_19;tyytymättömiä;1
1328;91/2022;2022_91_19;työ;2
1328;91/2022;2022_91_19;työeläkkeiden;1
1328;91/2022;2022_91_19;työelämässä;1
1328;91/2022;2022_91_19;työikäisten;1
1328;91/2022;2022_91_19;työmarkkina-asemassa;1
1328;91/2022;2022_91_19;työmarkkinat;1
1328;91/2022;2022_91_19;työmarkkinoilla;3
1328;91/2022;2022_91_19;työtä;1
1328;91/2022;2022_91_19;työvoimaa;1
1328;91/2022;2022_91_19;tähän;1
1328;91/2022;2022_91_19;tällaista;1
1328;91/2022;2022_91_19;tällä;1
1328;91/2022;2022_91_19;tämä;1
1328;91/2022;2022_91_19;tämän;1
1328;91/2022;2022_91_19;tässäkin;1
1328;91/2022;2022_91_19;täysin;1
1328;91/2022;2022_91_19;täytettyään;1
1328;91/2022;2022_91_19;töitä;2
1328;91/2022;2022_91_19;unionin;2
1328;91/2022;2022_91_19;uraa;1
1328;91/2022;2022_91_19;useammin;1
1328;91/2022;2022_91_19;useimmin;1
1328;91/2022;2022_91_19;vaativa;1
1328;91/2022;2022_91_19;vahvistammeko;1
1328;91/2022;2022_91_19;vai;1
1328;91/2022;2022_91_19;vaikuttaa;1
1328;91/2022;2022_91_19;vakavia;1
1328;91/2022;2022_91_19;valmis;1
1328;91/2022;2022_91_19;valta;1
1328;91/2022;2022_91_19;valtavan;1
1328;91/2022;2022_91_19;vanhustenhoitomme;1
1328;91/2022;2022_91_19;vastaavat;1
1328;91/2022;2022_91_19;vielä;2
1328;91/2022;2022_91_19;viidenneksen;1
1328;91/2022;2022_91_19;viime;1
1328;91/2022;2022_91_19;virallisia;1
1328;91/2022;2022_91_19;voi;3
1328;91/2022;2022_91_19;vuodessa;1
1328;91/2022;2022_91_19;vuosia;1
1328;91/2022;2022_91_19;vuosikymmenten;1
1328;91/2022;2022_91_19;vuotta;1
1328;91/2022;2022_91_19;vähemmistöön;1
1328;91/2022;2022_91_19;väkivalta;2
1328;91/2022;2022_91_19;väkivaltaa;1
1328;91/2022;2022_91_19;välillä;1
1328;91/2022;2022_91_19;ydintä;1
1328;91/2022;2022_91_19;yhteiskunnan;2
1328;91/2022;2022_91_19;yhtään;1
1328;91/2022;2022_91_19;yhä;3
1328;91/2022;2022_91_19;yksi;1
1328;91/2022;2022_91_19;yksilöinä;1
1328;91/2022;2022_91_19;yksin;1
1328;91/2022;2022_91_19;yksinhuoltajilla;1
1328;91/2022;2022_91_19;ylläpitävä;1
1328;91/2022;2022_91_19;ärade;3
1328;91/2025;2025_91_20;aiheita;1
1328;91/2025;2025_91_20;aiheuttama;1
1328;91/2025;2025_91_20;aiheuttavat;1
1328;91/2025;2025_91_20;aikoina;2
1328;91/2025;2025_91_20;ajantasaisuus;1
1328;91/2025;2025_91_20;ajauduttu;1
1328;91/2025;2025_91_20;aletaan;1
1328;91/2025;2025_91_20;aluksen;1
1328;91/2025;2025_91_20;aluksi;1
1328;91/2025;2025_91_20;ammattilaisten;1
1328;91/2025;2025_91_20;ampumisia;1
1328;91/2025;2025_91_20;ankkurin;1
1328;91/2025;2025_91_20;antamaan;1
1328;91/2025;2025_91_20;arvoisa;3
1328;91/2025;2025_91_20;asiassa;1
1328;91/2025;2025_91_20;auktoriteetti;1
1328;91/2025;2025_91_20;avoimesti;1
1328;91/2025;2025_91_20;demokratiaa;1
1328;91/2025;2025_91_20;eagle;1
1328;91/2025;2025_91_20;edes;1
1328;91/2025;2025_91_20;edessä;1
1328;91/2025;2025_91_20;ei;7
1328;91/2025;2025_91_20;eikä;2
1328;91/2025;2025_91_20;eikö;2
1328;91/2025;2025_91_20;eli;1
1328;91/2025;2025_91_20;elämässään;1
1328;91/2025;2025_91_20;elävät;1
1328;91/2025;2025_91_20;ennen;1
1328;91/2025;2025_91_20;ennuste;1
1328;91/2025;2025_91_20;ensimmäinen;1
1328;91/2025;2025_91_20;epäilen;1
1328;91/2025;2025_91_20;epäonnistunut;1
1328;91/2025;2025_91_20;eri;2
1328;91/2025;2025_91_20;erityisesti;1
1328;91/2025;2025_91_20;että;5
1328;91/2025;2025_91_20;haluan;1
1328;91/2025;2025_91_20;harrastuksissa;1
1328;91/2025;2025_91_20;he;2
1328;91/2025;2025_91_20;heidän;1
1328;91/2025;2025_91_20;henkilökohtaisesti;1
1328;91/2025;2025_91_20;henkistä;1
1328;91/2025;2025_91_20;heti;2
1328;91/2025;2025_91_20;huolehtia;1
1328;91/2025;2025_91_20;huoltovarmuutta;1
1328;91/2025;2025_91_20;huono;1
1328;91/2025;2025_91_20;huumekauppaan;1
1328;91/2025;2025_91_20;huumeongelma;1
1328;91/2025;2025_91_20;hybridikeskus;1
1328;91/2025;2025_91_20;hyvin;3
1328;91/2025;2025_91_20;hyvä;1
1328;91/2025;2025_91_20;hyvää;1
1328;91/2025;2025_91_20;hyökkäys;1
1328;91/2025;2025_91_20;hyökkäävät;2
1328;91/2025;2025_91_20;häirikkökäyttäytyjiin;1
1328;91/2025;2025_91_20;hätähuuto;1
1328;91/2025;2025_91_20;ihmiset;2
1328;91/2025;2025_91_20;ilman;1
1328;91/2025;2025_91_20;ilmiöistä;1
1328;91/2025;2025_91_20;ilmiöt;1
1328;91/2025;2025_91_20;itäraja;1
1328;91/2025;2025_91_20;ja;18
1328;91/2025;2025_91_20;jalkapallojoukkueiden;1
1328;91/2025;2025_91_20;jatkossa;1
1328;91/2025;2025_91_20;jatkuvaa;1
1328;91/2025;2025_91_20;jatkuvia;1
1328;91/2025;2025_91_20;jengirikollisuus;1
1328;91/2025;2025_91_20;jo;2
1328;91/2025;2025_91_20;joiden;1
1328;91/2025;2025_91_20;joihin;1
1328;91/2025;2025_91_20;jos;2
1328;91/2025;2025_91_20;jossa;1
1328;91/2025;2025_91_20;jouluna;1
1328;91/2025;2025_91_20;juuri;1
1328;91/2025;2025_91_20;järjestäytyneeseen;1
1328;91/2025;2025_91_20;järjestöjen;1
1328;91/2025;2025_91_20;kaduilla;1
1328;91/2025;2025_91_20;kaikkea;4
1328;91/2025;2025_91_20;kaikki;1
1328;91/2025;2025_91_20;kaikkien;1
1328;91/2025;2025_91_20;kannata;1
1328;91/2025;2025_91_20;kannattajaryhmien;1
1328;91/2025;2025_91_20;kansalainen;1
1328;91/2025;2025_91_20;kansallisen;1
1328;91/2025;2025_91_20;kanssa;1
1328;91/2025;2025_91_20;kasvattavat;1
1328;91/2025;2025_91_20;kasvavina;1
1328;91/2025;2025_91_20;katkomisen;1
1328;91/2025;2025_91_20;katkoneen;1
1328;91/2025;2025_91_20;kattavasti;1
1328;91/2025;2025_91_20;katujengejä;1
1328;91/2025;2025_91_20;katujengiläisistä;1
1328;91/2025;2025_91_20;katuväkivalta;1
1328;91/2025;2025_91_20;kehittämistä;1
1328;91/2025;2025_91_20;kehitys;1
1328;91/2025;2025_91_20;kertoa;2
1328;91/2025;2025_91_20;kertoo;1
1328;91/2025;2025_91_20;keskittyy;1
1328;91/2025;2025_91_20;kiitos;2
1328;91/2025;2025_91_20;koetuksella;1
1328;91/2025;2025_91_20;kohtaan;1
1328;91/2025;2025_91_20;kokonaisuutena;1
1328;91/2025;2025_91_20;kokonaisvaltaista;1
1328;91/2025;2025_91_20;konkreettinen;1
1328;91/2025;2025_91_20;kotona;1
1328;91/2025;2025_91_20;kotouttamisensa;1
1328;91/2025;2025_91_20;koulun;1
1328;91/2025;2025_91_20;koulussa;1
1328;91/2025;2025_91_20;kriisinkestokykyä;1
1328;91/2025;2025_91_20;kuin;2
1328;91/2025;2025_91_20;kun;1
1328;91/2025;2025_91_20;kunnossa;2
1328;91/2025;2025_91_20;kyllä;1
1328;91/2025;2025_91_20;käräjäoikeuden;1
1328;91/2025;2025_91_20;käsittelyn;1
1328;91/2025;2025_91_20;käsitystä;1
1328;91/2025;2025_91_20;käsiään;1
1328;91/2025;2025_91_20;käskisi;1
1328;91/2025;2025_91_20;lainsäädännön;1
1328;91/2025;2025_91_20;lainsäädäntö;2
1328;91/2025;2025_91_20;lapsiaan;1
1328;91/2025;2025_91_20;levittelevän;1
1328;91/2025;2025_91_20;levottomuuksia;1
1328;91/2025;2025_91_20;liian;1
1328;91/2025;2025_91_20;liikaa;1
1328;91/2025;2025_91_20;lisäksi;1
1328;91/2025;2025_91_20;lisää;1
1328;91/2025;2025_91_20;lisääntyneet;1
1328;91/2025;2025_91_20;lopulta;1
1328;91/2025;2025_91_20;luettu;1
1328;91/2025;2025_91_20;lyhyt;1
1328;91/2025;2025_91_20;maahanmuutosta;1
1328;91/2025;2025_91_20;maahanmuuttajat;2
1328;91/2025;2025_91_20;maahanmuuttajataustaisia;1
1328;91/2025;2025_91_20;maahanmuuttajia;1
1328;91/2025;2025_91_20;maailmassa;1
1328;91/2025;2025_91_20;maan;1
1328;91/2025;2025_91_20;maassa;2
1328;91/2025;2025_91_20;maatalouden;1
1328;91/2025;2025_91_20;mahdollisimman;1
1328;91/2025;2025_91_20;mallia;1
1328;91/2025;2025_91_20;matka;1
1328;91/2025;2025_91_20;medialukutaitoa;1
1328;91/2025;2025_91_20;meidän;2
1328;91/2025;2025_91_20;mennä;1
1328;91/2025;2025_91_20;merenpohjassa;1
1328;91/2025;2025_91_20;merikaapeleiden;1
1328;91/2025;2025_91_20;merikaapeleita;1
1328;91/2025;2025_91_20;merkittävästi;1
1328;91/2025;2025_91_20;mielestä;1
1328;91/2025;2025_91_20;minkä;1
1328;91/2025;2025_91_20;minä;1
1328;91/2025;2025_91_20;mistä;1
1328;91/2025;2025_91_20;mitä;4
1328;91/2025;2025_91_20;monella;1
1328;91/2025;2025_91_20;monen;1
1328;91/2025;2025_91_20;muistaa;1
1328;91/2025;2025_91_20;mukaan;1
1328;91/2025;2025_91_20;mukanaan;1
1328;91/2025;2025_91_20;mutta;3
1328;91/2025;2025_91_20;myöhässä;2
1328;91/2025;2025_91_20;myöntäneet;1
1328;91/2025;2025_91_20;myös;7
1328;91/2025;2025_91_20;määrittää;1
1328;91/2025;2025_91_20;niin;1
1328;91/2025;2025_91_20;niistä;1
1328;91/2025;2025_91_20;nimillä;1
1328;91/2025;2025_91_20;nuoren;1
1328;91/2025;2025_91_20;nykyinen;1
1328;91/2025;2025_91_20;nyt;1
1328;91/2025;2025_91_20;näihin;1
1328;91/2025;2025_91_20;näinä;1
1328;91/2025;2025_91_20;näkyy;2
1328;91/2025;2025_91_20;nälkäistä;1
1328;91/2025;2025_91_20;näytti;1
1328;91/2025;2025_91_20;oikeasta;1
1328;91/2025;2025_91_20;oikeilla;1
1328;91/2025;2025_91_20;oikeus;1
1328;91/2025;2025_91_20;oikeuslaitos;1
1328;91/2025;2025_91_20;oikeustaju;1
1328;91/2025;2025_91_20;ole;2
1328;91/2025;2025_91_20;olemme;1
1328;91/2025;2025_91_20;olisi;1
1328;91/2025;2025_91_20;olla;2
1328;91/2025;2025_91_20;ollaan;1
1328;91/2025;2025_91_20;ollut;2
1328;91/2025;2025_91_20;omavaraisuutta;1
1328;91/2025;2025_91_20;ominaisuuksia;1
1328;91/2025;2025_91_20;on;18
1328;91/2025;2025_91_20;ongelmalähiöitä;1
1328;91/2025;2025_91_20;opittava;1
1328;91/2025;2025_91_20;osa;2
1328;91/2025;2025_91_20;ottaa;1
1328;91/2025;2025_91_20;ovat;6
1328;91/2025;2025_91_20;pahasti;1
1328;91/2025;2025_91_20;paljon;2
1328;91/2025;2025_91_20;panostaa;1
1328;91/2025;2025_91_20;paremmin;1
1328;91/2025;2025_91_20;parempaa;1
1328;91/2025;2025_91_20;parempi;1
1328;91/2025;2025_91_20;pelkän;1
1328;91/2025;2025_91_20;pelon;1
1328;91/2025;2025_91_20;perheitä;1
1328;91/2025;2025_91_20;perustavat;2
1328;91/2025;2025_91_20;pidä;1
1328;91/2025;2025_91_20;pitänyt;1
1328;91/2025;2025_91_20;pitää;9
1328;91/2025;2025_91_20;poliisi;2
1328;91/2025;2025_91_20;poliisia;1
1328;91/2025;2025_91_20;poliisin;1
1328;91/2025;2025_91_20;puhemies;3
1328;91/2025;2025_91_20;puhua;2
1328;91/2025;2025_91_20;puhumaan;1
1328;91/2025;2025_91_20;puolesta;1
1328;91/2025;2025_91_20;puolueet;1
1328;91/2025;2025_91_20;puolustusmenoina;1
1328;91/2025;2025_91_20;puuttua;1
1328;91/2025;2025_91_20;puuttumaan;1
1328;91/2025;2025_91_20;pyrkiä;1
1328;91/2025;2025_91_20;pysty;1
1328;91/2025;2025_91_20;pääkaupunkiseudulle;1
1328;91/2025;2025_91_20;päässeet;1
1328;91/2025;2025_91_20;päätöksessä;1
1328;91/2025;2025_91_20;raahaaminen;1
1328;91/2025;2025_91_20;rasismista;1
1328;91/2025;2025_91_20;ratkaisu;1
1328;91/2025;2025_91_20;riittävän;1
1328;91/2025;2025_91_20;riittää;1
1328;91/2025;2025_91_20;rikollisuuteen;1
1328;91/2025;2025_91_20;ruotsiin;1
1328;91/2025;2025_91_20;ruotsissa;4
1328;91/2025;2025_91_20;ruotsista;1
1328;91/2025;2025_91_20;räjähdyksiä;1
1328;91/2025;2025_91_20;saatiin;1
1328;91/2025;2025_91_20;samassa;1
1328;91/2025;2025_91_20;se;3
1328;91/2025;2025_91_20;sekä;1
1328;91/2025;2025_91_20;selonteko;1
1328;91/2025;2025_91_20;sen;2
1328;91/2025;2025_91_20;siitä;3
1328;91/2025;2025_91_20;siksi;1
1328;91/2025;2025_91_20;silloin;1
1328;91/2025;2025_91_20;silmien;1
1328;91/2025;2025_91_20;sinne;1
1328;91/2025;2025_91_20;sisäisen;2
1328;91/2025;2025_91_20;sisäisestä;1
1328;91/2025;2025_91_20;sitä;1
1328;91/2025;2025_91_20;sosiaaliturvaviranomaisten;1
1328;91/2025;2025_91_20;suljettua;1
1328;91/2025;2025_91_20;suomalaisille;2
1328;91/2025;2025_91_20;suomalaisten;1
1328;91/2025;2025_91_20;suomeen;1
1328;91/2025;2025_91_20;suomelle;2
1328;91/2025;2025_91_20;suomen;2
1328;91/2025;2025_91_20;suomessa;1
1328;91/2025;2025_91_20;suuri;1
1328;91/2025;2025_91_20;suurin;2
1328;91/2025;2025_91_20;symbolisesti;1
1328;91/2025;2025_91_20;syntynyt;1
1328;91/2025;2025_91_20;syömään;1
1328;91/2025;2025_91_20;tahallista;1
1328;91/2025;2025_91_20;tai;1
1328;91/2025;2025_91_20;takia;1
1328;91/2025;2025_91_20;talman;3
1328;91/2025;2025_91_20;talouskasvua;1
1328;91/2025;2025_91_20;tapahtumat;1
1328;91/2025;2025_91_20;tapauksia;1
1328;91/2025;2025_91_20;tavalla;2
1328;91/2025;2025_91_20;tehdä;2
1328;91/2025;2025_91_20;tehostaminen;1
1328;91/2025;2025_91_20;tehtäviä;2
1328;91/2025;2025_91_20;tekee;1
1328;91/2025;2025_91_20;tekevät;1
1328;91/2025;2025_91_20;teknologian;1
1328;91/2025;2025_91_20;tilanne;1
1328;91/2025;2025_91_20;tilanteeseen;1
1328;91/2025;2025_91_20;todellisuudessa;1
1328;91/2025;2025_91_20;todeta;1
1328;91/2025;2025_91_20;toimeen;1
1328;91/2025;2025_91_20;tosi;1
1328;91/2025;2025_91_20;tosiaan;1
1328;91/2025;2025_91_20;tukholmaan;1
1328;91/2025;2025_91_20;tule;1
1328;91/2025;2025_91_20;tulee;1
1328;91/2025;2025_91_20;tulevat;1
1328;91/2025;2025_91_20;tullut;2
1328;91/2025;2025_91_20;tuoda;1
1328;91/2025;2025_91_20;tuomiota;1
1328;91/2025;2025_91_20;tuontitavaraa;1
1328;91/2025;2025_91_20;turvallisuuden;3
1328;91/2025;2025_91_20;turvallisuudesta;1
1328;91/2025;2025_91_20;turvallisuus;1
1328;91/2025;2025_91_20;turvallisuuteen;1
1328;91/2025;2025_91_20;turvallisuutensa;1
1328;91/2025;2025_91_20;työttömyys;1
1328;91/2025;2025_91_20;tällaiset;1
1328;91/2025;2025_91_20;tämä;1
1328;91/2025;2025_91_20;tärkeimpiä;2
1328;91/2025;2025_91_20;tässä;2
1328;91/2025;2025_91_20;töitä;1
1328;91/2025;2025_91_20;uhkaa;1
1328;91/2025;2025_91_20;uhkailee;1
1328;91/2025;2025_91_20;uhkakuvia;1
1328;91/2025;2025_91_20;ulkoiseen;1
1328;91/2025;2025_91_20;unohtaa;1
1328;91/2025;2025_91_20;uskalla;1
1328;91/2025;2025_91_20;uutisia;1
1328;91/2025;2025_91_20;vaara;1
1328;91/2025;2025_91_20;vaaran;1
1328;91/2025;2025_91_20;vaatii;2
1328;91/2025;2025_91_20;vain;1
1328;91/2025;2025_91_20;vakavaa;1
1328;91/2025;2025_91_20;valitettavasti;1
1328;91/2025;2025_91_20;valtion;2
1328;91/2025;2025_91_20;varhaisemmin;1
1328;91/2025;2025_91_20;vastaan;2
1328;91/2025;2025_91_20;venäjä;1
1328;91/2025;2025_91_20;venäjän;1
1328;91/2025;2025_91_20;viime;2
1328;91/2025;2025_91_20;viimeinen;1
1328;91/2025;2025_91_20;viranomaisten;1
1328;91/2025;2025_91_20;voi;2
1328;91/2025;2025_91_20;vuoksi;1
1328;91/2025;2025_91_20;väkevästi;1
1328;91/2025;2025_91_20;väkivallan;1
1328;91/2025;2025_91_20;väkivaltaisuuksista;1
1328;91/2025;2025_91_20;väärästä;1
1328;91/2025;2025_91_20;yhteiskunta;1
1328;91/2025;2025_91_20;yhteistoiminnan;1
1328;91/2025;2025_91_20;yhteistyötä;1
1328;91/2025;2025_91_20;yhtä;1
1328;91/2025;2025_91_20;yksinkertaisesti;1
1328;91/2025;2025_91_20;yksittäinen;1
1328;91/2025;2025_91_20;ylläpitäminen;2
1328;91/2025;2025_91_20;ymmärrystä;1
1328;91/2025;2025_91_20;yrityksiä;1
1328;91/2025;2025_91_20;ärade;3
1328;92/2020;2020_92_21;aikana;1
1328;92/2020;2020_92_21;ainakin;1
1328;92/2020;2020_92_21;arvoisa;2
1328;92/2020;2020_92_21;ei;2
1328;92/2020;2020_92_21;epäonnistuneet;1
1328;92/2020;2020_92_21;epävarmuutta;1
1328;92/2020;2020_92_21;että;1
1328;92/2020;2020_92_21;eun;1
1328;92/2020;2020_92_21;hallitus;1
1328;92/2020;2020_92_21;huonosta;1
1328;92/2020;2020_92_21;ja;2
1328;92/2020;2020_92_21;jossa;1
1328;92/2020;2020_92_21;kannalta;1
1328;92/2020;2020_92_21;kriisien;1
1328;92/2020;2020_92_21;kriisipaketin;1
1328;92/2020;2020_92_21;kun;1
1328;92/2020;2020_92_21;kymmeniä;1
1328;92/2020;2020_92_21;laillisuusperiaatteen;1
1328;92/2020;2020_92_21;lainvalmistelusta;1
1328;92/2020;2020_92_21;lisäksi;1
1328;92/2020;2020_92_21;lisänneet;1
1328;92/2020;2020_92_21;maskikaupat;1
1328;92/2020;2020_92_21;meinaatte;1
1328;92/2020;2020_92_21;miten;4
1328;92/2020;2020_92_21;mitään;1
1328;92/2020;2020_92_21;moittinut;1
1328;92/2020;2020_92_21;nyt;1
1328;92/2020;2020_92_21;ole;1
1328;92/2020;2020_92_21;on;4
1328;92/2020;2020_92_21;ongelmallista;1
1328;92/2020;2020_92_21;ongelmana;1
1328;92/2020;2020_92_21;osittain;1
1328;92/2020;2020_92_21;osoittautui;1
1328;92/2020;2020_92_21;ovat;2
1328;92/2020;2020_92_21;perustuslain;2
1328;92/2020;2020_92_21;pitää;1
1328;92/2020;2020_92_21;pohjoisen;1
1328;92/2020;2020_92_21;poikkeusolot;1
1328;92/2020;2020_92_21;puhemies;1
1328;92/2020;2020_92_21;pykälää;1
1328;92/2020;2020_92_21;päivässä;1
1328;92/2020;2020_92_21;päätetään;1
1328;92/2020;2020_92_21;päättyneeksi;1
1328;92/2020;2020_92_21;päättyneet;1
1328;92/2020;2020_92_21;rajan;1
1328;92/2020;2020_92_21;rouva;1
1328;92/2020;2020_92_21;samoin;1
1328;92/2020;2020_92_21;se;2
1328;92/2020;2020_92_21;sulkeminen;1
1328;92/2020;2020_92_21;tarkastusvaliokunta;1
1328;92/2020;2020_92_21;tartuntoja;1
1328;92/2020;2020_92_21;tilanteen;1
1328;92/2020;2020_92_21;tilanteessa;1
1328;92/2020;2020_92_21;todeta;1
1328;92/2020;2020_92_21;todetaan;1
1328;92/2020;2020_92_21;toteutumisen;1
1328;92/2020;2020_92_21;uusia;1
1328;92/2020;2020_92_21;vain;2
1328;92/2020;2020_92_21;valmistelu;1
1328;92/2020;2020_92_21;valmistuslain;1
1328;92/2020;2020_92_21;valmistuslaissa;1
1328;92/2020;2020_92_21;valmistuslakia;1
1328;92/2020;2020_92_21;varmistatte;1
1328;92/2020;2020_92_21;varmuuden;1
1328;92/2020;2020_92_21;vastaiseksi;1
1328;92/2020;2020_92_21;viimeksi;1
1328;92/2020;2020_92_21;voida;1
1328;92/2020;2020_92_21;voimassa;1
1328;92/2020;2020_92_21;vuoksi;1
1328;92/2020;2020_92_21;ylläpitäminen;1
1328;92/2022;2022_92_107;alkaen;1
1328;92/2022;2022_92_107;alusta;1
1328;92/2022;2022_92_107;arvoisa;1
1328;92/2022;2022_92_107;ei;1
1328;92/2022;2022_92_107;enemmän;1
1328;92/2022;2022_92_107;ensi;1
1328;92/2022;2022_92_107;enää;2
1328;92/2022;2022_92_107;etteivät;1
1328;92/2022;2022_92_107;etua;1
1328;92/2022;2022_92_107;euroja;1
1328;92/2022;2022_92_107;fortumin;1
1328;92/2022;2022_92_107;hallitus;1
1328;92/2022;2022_92_107;hankkeessa;1
1328;92/2022;2022_92_107;hetki;1
1328;92/2022;2022_92_107;hirvittävä;1
1328;92/2022;2022_92_107;hoitaa;1
1328;92/2022;2022_92_107;itse;1
1328;92/2022;2022_92_107;ja;4
1328;92/2022;2022_92_107;johdolla;1
1328;92/2022;2022_92_107;kansallistamassa;1
1328;92/2022;2022_92_107;kanssa;1
1328;92/2022;2022_92_107;karmealta;1
1328;92/2022;2022_92_107;katsoa;1
1328;92/2022;2022_92_107;kiinni;1
1328;92/2022;2022_92_107;kiitos;1
1328;92/2022;2022_92_107;kohtalosta;1
1328;92/2022;2022_92_107;kokoonpanolla;1
1328;92/2022;2022_92_107;kolmekolmekymppi;1
1328;92/2022;2022_92_107;kriisiä;1
1328;92/2022;2022_92_107;kuin;1
1328;92/2022;2022_92_107;kädellä;1
1328;92/2022;2022_92_107;liittokanslerin;1
1328;92/2022;2022_92_107;lisää;1
1328;92/2022;2022_92_107;lähtee;1
1328;92/2022;2022_92_107;marin;1
1328;92/2022;2022_92_107;merkitsevän;1
1328;92/2022;2022_92_107;miljardit;1
1328;92/2022;2022_92_107;millä;1
1328;92/2022;2022_92_107;miten;1
1328;92/2022;2022_92_107;mitään;1
1328;92/2022;2022_92_107;mukana;1
1328;92/2022;2022_92_107;myöhäistä;1
1328;92/2022;2022_92_107;neuvottelemaan;1
1328;92/2022;2022_92_107;neuvotteluihin;1
1328;92/2022;2022_92_107;nokia;1
1328;92/2022;2022_92_107;nyt;2
1328;92/2022;2022_92_107;näihin;1
1328;92/2022;2022_92_107;ollut;1
1328;92/2022;2022_92_107;omistajaohjauksen;1
1328;92/2022;2022_92_107;omistaman;1
1328;92/2022;2022_92_107;on;6
1328;92/2022;2022_92_107;osallistutte;1
1328;92/2022;2022_92_107;ottaa;1
1328;92/2022;2022_92_107;pelisäännöistä;1
1328;92/2022;2022_92_107;puhemies;1
1328;92/2022;2022_92_107;puhua;1
1328;92/2022;2022_92_107;puolustaa;1
1328;92/2022;2022_92_107;pääministeri;1
1328;92/2022;2022_92_107;pörssiyhtiön;2
1328;92/2022;2022_92_107;saksa;1
1328;92/2022;2022_92_107;saksan;2
1328;92/2022;2022_92_107;sebastian;1
1328;92/2022;2022_92_107;summa;1
1328;92/2022;2022_92_107;suomalaisten;2
1328;92/2022;2022_92_107;sähköpostikokouksilla;1
1328;92/2022;2022_92_107;tai;1
1328;92/2022;2022_92_107;tekstiviesteillä;1
1328;92/2022;2022_92_107;tunnu;1
1328;92/2022;2022_92_107;tuntuu;1
1328;92/2022;2022_92_107;tynkkynen;1
1328;92/2022;2022_92_107;tyylilajin;1
1328;92/2022;2022_92_107;tämä;1
1328;92/2022;2022_92_107;tässä;1
1328;92/2022;2022_92_107;uniperin;2
1328;92/2022;2022_92_107;uniperissa;1
1328;92/2022;2022_92_107;valinnut;1
1328;92/2022;2022_92_107;valtio;1
1328;92/2022;2022_92_107;valtionjohdon;1
1328;92/2022;2022_92_107;valtionjohto;1
1328;92/2022;2022_92_107;vasemmalla;1
1328;92/2022;2022_92_107;vasemmistohallitus;1
1328;92/2022;2022_92_107;velkaa;1
1328;92/2022;2022_92_107;velkarallissa;1
1328;92/2022;2022_92_107;viimeinen;1
1328;92/2022;2022_92_107;voi;1
1328;92/2022;2022_92_107;vuonna;1
1328;96/2021;2021_96_18;afgaanitytöille;1
1328;96/2021;2021_96_18;afganistanin;1
1328;96/2021;2021_96_18;afganistanissa;1
1328;96/2021;2021_96_18;afrikkaan;1
1328;96/2021;2021_96_18;aikana;1
1328;96/2021;2021_96_18;aina;1
1328;96/2021;2021_96_18;ainakaan;1
1328;96/2021;2021_96_18;ainakin;1
1328;96/2021;2021_96_18;alkaa;1
1328;96/2021;2021_96_18;annettavaa;1
1328;96/2021;2021_96_18;antamaan;1
1328;96/2021;2021_96_18;apu;3
1328;96/2021;2021_96_18;arvoisa;3
1328;96/2021;2021_96_18;arvokkaampaa;1
1328;96/2021;2021_96_18;arvokkaita;1
1328;96/2021;2021_96_18;asema;1
1328;96/2021;2021_96_18;asiassa;1
1328;96/2021;2021_96_18;asumaan;1
1328;96/2021;2021_96_18;asuminen;1
1328;96/2021;2021_96_18;auttaa;1
1328;96/2021;2021_96_18;auttamaan;1
1328;96/2021;2021_96_18;auttamassa;1
1328;96/2021;2021_96_18;auttamista;1
1328;96/2021;2021_96_18;avulla;2
1328;96/2021;2021_96_18;avun;1
1328;96/2021;2021_96_18;demokraattisen;1
1328;96/2021;2021_96_18;digitaalisuudessa;2
1328;96/2021;2021_96_18;edistämiseen;1
1328;96/2021;2021_96_18;edistämään;1
1328;96/2021;2021_96_18;ehkäistä;1
1328;96/2021;2021_96_18;ei;4
1328;96/2021;2021_96_18;eikä;1
1328;96/2021;2021_96_18;eivät;1
1328;96/2021;2021_96_18;eli;2
1328;96/2021;2021_96_18;elämään;1
1328;96/2021;2021_96_18;emme;1
1328;96/2021;2021_96_18;enemmän;1
1328;96/2021;2021_96_18;energian;1
1328;96/2021;2021_96_18;ensimmäisenä;1
1328;96/2021;2021_96_18;erilainen;1
1328;96/2021;2021_96_18;erityisen;1
1328;96/2021;2021_96_18;erityisesti;1
1328;96/2021;2021_96_18;esimerkiksi;2
1328;96/2021;2021_96_18;ettei;1
1328;96/2021;2021_96_18;että;4
1328;96/2021;2021_96_18;fossiilisten;1
1328;96/2021;2021_96_18;hakemaan;1
1328;96/2021;2021_96_18;hallintojen;1
1328;96/2021;2021_96_18;hallitsijoiden;1
1328;96/2021;2021_96_18;hallitusten;1
1328;96/2021;2021_96_18;hankaloittaa;1
1328;96/2021;2021_96_18;heidän;2
1328;96/2021;2021_96_18;heikoimpia;1
1328;96/2021;2021_96_18;helposti;1
1328;96/2021;2021_96_18;hukkaan;1
1328;96/2021;2021_96_18;humanitääristä;1
1328;96/2021;2021_96_18;huolemme;1
1328;96/2021;2021_96_18;huonojen;1
1328;96/2021;2021_96_18;hyvin;1
1328;96/2021;2021_96_18;ihmiset;2
1328;96/2021;2021_96_18;ihmisiä;1
1328;96/2021;2021_96_18;ihmisten;1
1328;96/2021;2021_96_18;ihmistä;1
1328;96/2021;2021_96_18;ilman;1
1328;96/2021;2021_96_18;ilmastonmuutoksen;3
1328;96/2021;2021_96_18;ilmastorahastoja;1
1328;96/2021;2021_96_18;ilmastotyötä;1
1328;96/2021;2021_96_18;iso;1
1328;96/2021;2021_96_18;itsekkäitä;1
1328;96/2021;2021_96_18;ja;17
1328;96/2021;2021_96_18;jaloilleen;1
1328;96/2021;2021_96_18;jos;4
1328;96/2021;2021_96_18;jota;1
1328;96/2021;2021_96_18;jälleen;1
1328;96/2021;2021_96_18;jänne;1
1328;96/2021;2021_96_18;järjestämistä;1
1328;96/2021;2021_96_18;järjestää;1
1328;96/2021;2021_96_18;kaiken;2
1328;96/2021;2021_96_18;kaikkein;1
1328;96/2021;2021_96_18;kaikkien;1
1328;96/2021;2021_96_18;kaksinkertainen;1
1328;96/2021;2021_96_18;kalliita;1
1328;96/2021;2021_96_18;kannalta;2
1328;96/2021;2021_96_18;kannattaa;1
1328;96/2021;2021_96_18;kansaa;1
1328;96/2021;2021_96_18;kansainvälisiä;1
1328;96/2021;2021_96_18;kansasta;1
1328;96/2021;2021_96_18;kanssa;1
1328;96/2021;2021_96_18;kasvaa;1
1328;96/2021;2021_96_18;kehittyvät;1
1328;96/2021;2021_96_18;kehityksen;1
1328;96/2021;2021_96_18;kehitysapua;1
1328;96/2021;2021_96_18;kehitysmaa;1
1328;96/2021;2021_96_18;kehitysmaat;1
1328;96/2021;2021_96_18;kehitysmaiden;1
1328;96/2021;2021_96_18;kehitysmaissa;1
1328;96/2021;2021_96_18;kehityspolitiikan;1
1328;96/2021;2021_96_18;kehityspolitiikkaamme;1
1328;96/2021;2021_96_18;kehityspolitiikkaan;1
1328;96/2021;2021_96_18;kehityspolitiikkamme;1
1328;96/2021;2021_96_18;kehitystä;1
1328;96/2021;2021_96_18;kehitysyhteistyötä;1
1328;96/2021;2021_96_18;kehitysyhteistyövaroja;1
1328;96/2021;2021_96_18;kerralla;1
1328;96/2021;2021_96_18;kerran;1
1328;96/2021;2021_96_18;keskitytään;1
1328;96/2021;2021_96_18;kestävämpi;1
1328;96/2021;2021_96_18;kestävämpää;1
1328;96/2021;2021_96_18;kieli;1
1328;96/2021;2021_96_18;kiitos;1
1328;96/2021;2021_96_18;kivihiiltä;1
1328;96/2021;2021_96_18;koronarokotteiden;1
1328;96/2021;2021_96_18;korruptioon;1
1328;96/2021;2021_96_18;korruptoituneiden;1
1328;96/2021;2021_96_18;koskaan;1
1328;96/2021;2021_96_18;kotimaissaan;1
1328;96/2021;2021_96_18;koulutuksen;1
1328;96/2021;2021_96_18;koulutus;2
1328;96/2021;2021_96_18;kovin;1
1328;96/2021;2021_96_18;kuin;3
1328;96/2021;2021_96_18;kuitenkin;2
1328;96/2021;2021_96_18;kulttuuriympäristössään;1
1328;96/2021;2021_96_18;kuluu;1
1328;96/2021;2021_96_18;kumppanijärjestöt;1
1328;96/2021;2021_96_18;kun;2
1328;96/2021;2021_96_18;kuntoon;1
1328;96/2021;2021_96_18;kustannustehokkainta;1
1328;96/2021;2021_96_18;kuten;2
1328;96/2021;2021_96_18;kuuluisia;1
1328;96/2021;2021_96_18;kuva;1
1328;96/2021;2021_96_18;käyttää;1
1328;96/2021;2021_96_18;köyhimmissä;1
1328;96/2021;2021_96_18;köyhiä;1
1328;96/2021;2021_96_18;laajaan;1
1328;96/2021;2021_96_18;leikata;1
1328;96/2021;2021_96_18;linkkiasemien;1
1328;96/2021;2021_96_18;lisääminen;1
1328;96/2021;2021_96_18;loikka;1
1328;96/2021;2021_96_18;lukutaidon;1
1328;96/2021;2021_96_18;lukutaidotonta;1
1328;96/2021;2021_96_18;luoda;1
1328;96/2021;2021_96_18;luotettavat;1
1328;96/2021;2021_96_18;lähtee;1
1328;96/2021;2021_96_18;lämmön;1
1328;96/2021;2021_96_18;länsimaiset;1
1328;96/2021;2021_96_18;maahanmuuttoa;1
1328;96/2021;2021_96_18;maailmaa;1
1328;96/2021;2021_96_18;maailman;1
1328;96/2021;2021_96_18;maailmasta;1
1328;96/2021;2021_96_18;maakaapeleita;1
1328;96/2021;2021_96_18;maakaasua;1
1328;96/2021;2021_96_18;maat;1
1328;96/2021;2021_96_18;mahdollisimman;1
1328;96/2021;2021_96_18;mahdollista;1
1328;96/2021;2021_96_18;mahdollisuuksia;1
1328;96/2021;2021_96_18;mahdollisuuksien;1
1328;96/2021;2021_96_18;maissa;1
1328;96/2021;2021_96_18;maita;1
1328;96/2021;2021_96_18;me;2
1328;96/2021;2021_96_18;meidän;2
1328;96/2021;2021_96_18;mene;1
1328;96/2021;2021_96_18;menee;1
1328;96/2021;2021_96_18;merkittävästi;1
1328;96/2021;2021_96_18;mitä;1
1328;96/2021;2021_96_18;modernin;1
1328;96/2021;2021_96_18;molemmista;1
1328;96/2021;2021_96_18;muihin;1
1328;96/2021;2021_96_18;mukaan;1
1328;96/2021;2021_96_18;muun;1
1328;96/2021;2021_96_18;muutos;1
1328;96/2021;2021_96_18;myöhäistä;1
1328;96/2021;2021_96_18;myös;1
1328;96/2021;2021_96_18;määrän;1
1328;96/2021;2021_96_18;naisten;1
1328;96/2021;2021_96_18;napaamme;1
1328;96/2021;2021_96_18;nelinkertainen;1
1328;96/2021;2021_96_18;niiden;1
1328;96/2021;2021_96_18;niillä;1
1328;96/2021;2021_96_18;niin;2
1328;96/2021;2021_96_18;nopeasti;1
1328;96/2021;2021_96_18;norjassa;1
1328;96/2021;2021_96_18;nousemaan;1
1328;96/2021;2021_96_18;nuorille;1
1328;96/2021;2021_96_18;nykytekniikan;1
1328;96/2021;2021_96_18;nyt;3
1328;96/2021;2021_96_18;nähty;1
1328;96/2021;2021_96_18;näin;1
1328;96/2021;2021_96_18;näkemässä;1
1328;96/2021;2021_96_18;ole;1
1328;96/2021;2021_96_18;olemme;3
1328;96/2021;2021_96_18;olisimme;1
1328;96/2021;2021_96_18;olla;3
1328;96/2021;2021_96_18;omaan;1
1328;96/2021;2021_96_18;omassa;1
1328;96/2021;2021_96_18;omilla;1
1328;96/2021;2021_96_18;omille;1
1328;96/2021;2021_96_18;omissa;1
1328;96/2021;2021_96_18;on;16
1328;96/2021;2021_96_18;ongelma;1
1328;96/2021;2021_96_18;osa;1
1328;96/2021;2021_96_18;osataan;1
1328;96/2021;2021_96_18;ottaa;1
1328;96/2021;2021_96_18;ovat;2
1328;96/2021;2021_96_18;paikallisesti;1
1328;96/2021;2021_96_18;paljon;1
1328;96/2021;2021_96_18;parin;1
1328;96/2021;2021_96_18;perille;1
1328;96/2021;2021_96_18;perinteisen;1
1328;96/2021;2021_96_18;perusasiat;1
1328;96/2021;2021_96_18;perusta;2
1328;96/2021;2021_96_18;perustamalla;1
1328;96/2021;2021_96_18;pitkään;1
1328;96/2021;2021_96_18;pitää;4
1328;96/2021;2021_96_18;pohjoismaihin;1
1328;96/2021;2021_96_18;polttoaineiden;1
1328;96/2021;2021_96_18;puhemies;3
1328;96/2021;2021_96_18;pystynyt;1
1328;96/2021;2021_96_18;pystytään;1
1328;96/2021;2021_96_18;pystyvät;1
1328;96/2021;2021_96_18;pystyä;1
1328;96/2021;2021_96_18;päistä;1
1328;96/2021;2021_96_18;pönkittämiseen;1
1328;96/2021;2021_96_18;rahaa;1
1328;96/2021;2021_96_18;rahat;1
1328;96/2021;2021_96_18;rajan;1
1328;96/2021;2021_96_18;rakentaa;1
1328;96/2021;2021_96_18;rakentamassa;1
1328;96/2021;2021_96_18;ruokaa;1
1328;96/2021;2021_96_18;ruotsissa;1
1328;96/2021;2021_96_18;saa;1
1328;96/2021;2021_96_18;saada;2
1328;96/2021;2021_96_18;saadaan;1
1328;96/2021;2021_96_18;saatava;1
1328;96/2021;2021_96_18;se;6
1328;96/2021;2021_96_18;sekä;1
1328;96/2021;2021_96_18;seurata;1
1328;96/2021;2021_96_18;siihen;1
1328;96/2021;2021_96_18;siirtolaisuutta;1
1328;96/2021;2021_96_18;siitä;1
1328;96/2021;2021_96_18;siksi;1
1328;96/2021;2021_96_18;silloin;1
1328;96/2021;2021_96_18;sinne;2
1328;96/2021;2021_96_18;sivistys;2
1328;96/2021;2021_96_18;sortavien;1
1328;96/2021;2021_96_18;suomalaiset;1
1328;96/2021;2021_96_18;suomeen;1
1328;96/2021;2021_96_18;suomella;1
1328;96/2021;2021_96_18;suomen;2
1328;96/2021;2021_96_18;suomessa;1
1328;96/2021;2021_96_18;suomi;2
1328;96/2021;2021_96_18;suunnattujen;1
1328;96/2021;2021_96_18;suunnittelevat;1
1328;96/2021;2021_96_18;suurin;1
1328;96/2021;2021_96_18;sähkön;1
1328;96/2021;2021_96_18;tai;1
1328;96/2021;2021_96_18;talebanit;1
1328;96/2021;2021_96_18;talman;3
1328;96/2021;2021_96_18;taloudellista;1
1328;96/2021;2021_96_18;tanskassa;1
1328;96/2021;2021_96_18;tarve;1
1328;96/2021;2021_96_18;tasa-arvoisen;1
1328;96/2021;2021_96_18;tavoitteena;1
1328;96/2021;2021_96_18;tehtäessä;1
1328;96/2021;2021_96_18;tekniikan;1
1328;96/2021;2021_96_18;teollisuuspalvelut;1
1328;96/2021;2021_96_18;tiedosta;1
1328;96/2021;2021_96_18;tilanteessa;1
1328;96/2021;2021_96_18;tileille;1
1328;96/2021;2021_96_18;toimia;1
1328;96/2021;2021_96_18;toimimaan;1
1328;96/2021;2021_96_18;toimintaympäristö;1
1328;96/2021;2021_96_18;torjunnan;1
1328;96/2021;2021_96_18;torjunnassa;1
1328;96/2021;2021_96_18;torjuntaan;1
1328;96/2021;2021_96_18;tuijotamme;1
1328;96/2021;2021_96_18;tulee;5
1328;96/2021;2021_96_18;tulevaisuutta;1
1328;96/2021;2021_96_18;tuskin;1
1328;96/2021;2021_96_18;tuulivoimaa;1
1328;96/2021;2021_96_18;tyttöjen;1
1328;96/2021;2021_96_18;tärkeää;1
1328;96/2021;2021_96_18;tässäkin;1
1328;96/2021;2021_96_18;tätä;1
1328;96/2021;2021_96_18;vaaleja;1
1328;96/2021;2021_96_18;vahvuuksillaan;1
1328;96/2021;2021_96_18;vaihtuvien;1
1328;96/2021;2021_96_18;vain;1
1328;96/2021;2021_96_18;valitettavasti;1
1328;96/2021;2021_96_18;valu;1
1328;96/2021;2021_96_18;valua;1
1328;96/2021;2021_96_18;varaa;1
1328;96/2021;2021_96_18;varaan;1
1328;96/2021;2021_96_18;varojen;1
1328;96/2021;2021_96_18;vauraimmat;1
1328;96/2021;2021_96_18;verkkoyhteydet;1
1328;96/2021;2021_96_18;verrataan;1
1328;96/2021;2021_96_18;verrattuna;1
1328;96/2021;2021_96_18;vettä;1
1328;96/2021;2021_96_18;vetää;1
1328;96/2021;2021_96_18;vielä;1
1328;96/2021;2021_96_18;viilennyksen;1
1328;96/2021;2021_96_18;viisinkertainen;1
1328;96/2021;2021_96_18;voi;2
1328;96/2021;2021_96_18;voivat;1
1328;96/2021;2021_96_18;vuosikymmenen;1
1328;96/2021;2021_96_18;vähentämässä;1
1328;96/2021;2021_96_18;välikäsiä;1
1328;96/2021;2021_96_18;välittyy;1
1328;96/2021;2021_96_18;ydin;1
1328;96/2021;2021_96_18;yhteinen;1
1328;96/2021;2021_96_18;yhteiskunnan;1
1328;96/2021;2021_96_18;yhteiskuntaa;1
1328;96/2021;2021_96_18;yli;3
1328;96/2021;2021_96_18;ymmärtää;1
1328;96/2021;2021_96_18;ympäri;1
1328;96/2021;2021_96_18;yrittävät;1
1328;96/2021;2021_96_18;äideilleen;1
1328;96/2021;2021_96_18;ärade;3
1328;96/2021;2021_96_18;äärimmäisen;1
1328;96/2021;2021_96_18;öljyä;1
1328;96/2022;2022_96_17;arvoisa;1
1328;96/2022;2022_96_17;ensi;1
1328;96/2022;2022_96_17;ihmisten;1
1328;96/2022;2022_96_17;ilmapiiri;1
1328;96/2022;2022_96_17;ja;2
1328;96/2022;2022_96_17;kovassa;1
1328;96/2022;2022_96_17;kylmä;1
1328;96/2022;2022_96_17;on;1
1328;96/2022;2022_96_17;ovat;1
1328;96/2022;2022_96_17;paineessa;1
1328;96/2022;2022_96_17;pitkä;1
1328;96/2022;2022_96_17;puhemies;1
1328;96/2022;2022_96_17;sietokyky;1
1328;96/2022;2022_96_17;talvesta;1
1328;96/2022;2022_96_17;tulossa;1
1328;96/2022;2022_96_17;yhteiskunnallinen;1
1328;96/2024;2024_96_71;arvioitu;1
1328;96/2024;2024_96_71;arvoisa;1
1328;96/2024;2024_96_71;eivät;1
1328;96/2024;2024_96_71;eli;2
1328;96/2024;2024_96_71;enää;1
1328;96/2024;2024_96_71;erikoissairaanhoidon;1
1328;96/2024;2024_96_71;erikoissairaanhoidossa;1
1328;96/2024;2024_96_71;että;3
1328;96/2024;2024_96_71;euroa;1
1328;96/2024;2024_96_71;hetkellä;1
1328;96/2024;2024_96_71;hyvä;1
1328;96/2024;2024_96_71;ihmisillä;1
1328;96/2024;2024_96_71;ihmistä;1
1328;96/2024;2024_96_71;ja;2
1328;96/2024;2024_96_71;jo;1
1328;96/2024;2024_96_71;jonossa;1
1328;96/2024;2024_96_71;kiitos;1
1328;96/2024;2024_96_71;koska;1
1328;96/2024;2024_96_71;kun;1
1328;96/2024;2024_96_71;kuvittelette;1
1328;96/2024;2024_96_71;kysymys;1
1328;96/2024;2024_96_71;maksaa;2
1328;96/2024;2024_96_71;maksuja;2
1328;96/2024;2024_96_71;meillä;1
1328;96/2024;2024_96_71;mennä;1
1328;96/2024;2024_96_71;miljoonia;1
1328;96/2024;2024_96_71;miten;1
1328;96/2024;2024_96_71;monet;1
1328;96/2024;2024_96_71;mutta;1
1328;96/2024;2024_96_71;muutenkin;1
1328;96/2024;2024_96_71;nostamassa;3
1328;96/2024;2024_96_71;näin;1
1328;96/2024;2024_96_71;olette;1
1328;96/2024;2024_96_71;ollaan;2
1328;96/2024;2024_96_71;on;6
1328;96/2024;2024_96_71;ovat;1
1328;96/2024;2024_96_71;paljon;1
1328;96/2024;2024_96_71;prosentilla;2
1328;96/2024;2024_96_71;puhemies;1
1328;96/2024;2024_96_71;päivä;1
1328;96/2024;2024_96_71;pääse;1
1328;96/2024;2024_96_71;satoja;1
1328;96/2024;2024_96_71;se;3
1328;96/2024;2024_96_71;sinne;1
1328;96/2024;2024_96_71;suomelle;1
1328;96/2024;2024_96_71;talman;1
1328;96/2024;2024_96_71;te;2
1328;96/2024;2024_96_71;terveyskeskusmaksuja;1
1328;96/2024;2024_96_71;tilanne;1
1328;96/2024;2024_96_71;toimeentulot;1
1328;96/2024;2024_96_71;tuppurainen;1
1328;96/2024;2024_96_71;tytti;1
1328;96/2024;2024_96_71;tällä;1
1328;96/2024;2024_96_71;töihin;1
1328;96/2024;2024_96_71;uhattuja;1
1328;96/2024;2024_96_71;varaa;1
1328;96/2024;2024_96_71;vasemmalta;1
1328;96/2024;2024_96_71;yksi;1
1328;96/2024;2024_96_71;yli;1
1328;96/2024;2024_96_71;ärade;1
1328;96/2025;2025_96_21;aikaa;1
1328;96/2025;2025_96_21;aikaiseksi;2
1328;96/2025;2025_96_21;aikaisemmin;2
1328;96/2025;2025_96_21;aikaisin;1
1328;96/2025;2025_96_21;aikoinaan;1
1328;96/2025;2025_96_21;ainakin;1
1328;96/2025;2025_96_21;aivan;1
1328;96/2025;2025_96_21;alkoi;1
1328;96/2025;2025_96_21;alle;1
1328;96/2025;2025_96_21;alustat;1
1328;96/2025;2025_96_21;annan;1
1328;96/2025;2025_96_21;antavat;1
1328;96/2025;2025_96_21;arvioiden;1
1328;96/2025;2025_96_21;arvoisa;5
1328;96/2025;2025_96_21;asiaa;1
1328;96/2025;2025_96_21;auttaisi;1
1328;96/2025;2025_96_21;digitaaliset;1
1328;96/2025;2025_96_21;eduskuntavaaleja;1
1328;96/2025;2025_96_21;ehdi;1
1328;96/2025;2025_96_21;ehdottanut;1
1328;96/2025;2025_96_21;ehdotuksia;1
1328;96/2025;2025_96_21;ei;7
1328;96/2025;2025_96_21;eikä;1
1328;96/2025;2025_96_21;eivät;5
1328;96/2025;2025_96_21;eivätkä;1
1328;96/2025;2025_96_21;eivätkö;1
1328;96/2025;2025_96_21;eli;1
1328;96/2025;2025_96_21;eläkeläisille;1
1328;96/2025;2025_96_21;eläkeyhtiöiden;1
1328;96/2025;2025_96_21;emme;1
1328;96/2025;2025_96_21;en;1
1328;96/2025;2025_96_21;enemmän;3
1328;96/2025;2025_96_21;ennen;1
1328;96/2025;2025_96_21;ennusteet;1
1328;96/2025;2025_96_21;entinen;2
1328;96/2025;2025_96_21;enää;3
1328;96/2025;2025_96_21;erilaiset;1
1328;96/2025;2025_96_21;erityisesti;1
1328;96/2025;2025_96_21;esimerkiksi;2
1328;96/2025;2025_96_21;esimerkin;1
1328;96/2025;2025_96_21;etsiminen;1
1328;96/2025;2025_96_21;etsimällä;1
1328;96/2025;2025_96_21;ettei;2
1328;96/2025;2025_96_21;että;5
1328;96/2025;2025_96_21;etätöitä;1
1328;96/2025;2025_96_21;faktat;1
1328;96/2025;2025_96_21;hallitukselle;1
1328;96/2025;2025_96_21;hallituksen;2
1328;96/2025;2025_96_21;haluta;1
1328;96/2025;2025_96_21;he;1
1328;96/2025;2025_96_21;heinonen;1
1328;96/2025;2025_96_21;heistä;1
1328;96/2025;2025_96_21;heitä;1
1328;96/2025;2025_96_21;hetkellä;1
1328;96/2025;2025_96_21;hevosia;1
1328;96/2025;2025_96_21;hevosta;2
1328;96/2025;2025_96_21;hienoja;1
1328;96/2025;2025_96_21;huolestuttavaa;1
1328;96/2025;2025_96_21;huolimatta;1
1328;96/2025;2025_96_21;huolissaan;1
1328;96/2025;2025_96_21;hyvin;2
1328;96/2025;2025_96_21;hyvä;2
1328;96/2025;2025_96_21;hyödyksi;1
1328;96/2025;2025_96_21;iceye;1
1328;96/2025;2025_96_21;ilmapiiri;2
1328;96/2025;2025_96_21;internetiä;1
1328;96/2025;2025_96_21;itsekkäämmin;1
1328;96/2025;2025_96_21;ja;26
1328;96/2025;2025_96_21;jo;1
1328;96/2025;2025_96_21;johto;1
1328;96/2025;2025_96_21;jopa;1
1328;96/2025;2025_96_21;jos;1
1328;96/2025;2025_96_21;joutunut;1
1328;96/2025;2025_96_21;julkaisseet;1
1328;96/2025;2025_96_21;jälkeen;1
1328;96/2025;2025_96_21;jäänmurtajat;1
1328;96/2025;2025_96_21;kai;1
1328;96/2025;2025_96_21;kaikessa;1
1328;96/2025;2025_96_21;kaikkien;1
1328;96/2025;2025_96_21;kaivosteollisuudessa;1
1328;96/2025;2025_96_21;kannata;1
1328;96/2025;2025_96_21;kannustavia;1
1328;96/2025;2025_96_21;kansa;1
1328;96/2025;2025_96_21;kasvu;1
1328;96/2025;2025_96_21;kasvuohjelman;1
1328;96/2025;2025_96_21;kasvuun;2
1328;96/2025;2025_96_21;kasvuyhtiöitä;1
1328;96/2025;2025_96_21;kasvuyrityksiin;1
1328;96/2025;2025_96_21;kautta;1
1328;96/2025;2025_96_21;kehittää;1
1328;96/2025;2025_96_21;keksiä;1
1328;96/2025;2025_96_21;kertaa;1
1328;96/2025;2025_96_21;keskeltä;1
1328;96/2025;2025_96_21;keskityttävä;1
1328;96/2025;2025_96_21;keskustan;1
1328;96/2025;2025_96_21;kierre;2
1328;96/2025;2025_96_21;kierroksia;1
1328;96/2025;2025_96_21;kiitos;1
1328;96/2025;2025_96_21;koko;2
1328;96/2025;2025_96_21;kokoomukselle;1
1328;96/2025;2025_96_21;kokoomus;1
1328;96/2025;2025_96_21;koputtaa;1
1328;96/2025;2025_96_21;korkein;1
1328;96/2025;2025_96_21;korpivaellusvuoden;1
1328;96/2025;2025_96_21;kotimaisia;1
1328;96/2025;2025_96_21;kotimaisissa;1
1328;96/2025;2025_96_21;kuin;4
1328;96/2025;2025_96_21;kuinka;1
1328;96/2025;2025_96_21;kuluta;1
1328;96/2025;2025_96_21;kuluttajien;2
1328;96/2025;2025_96_21;kumpikaan;1
1328;96/2025;2025_96_21;kun;3
1328;96/2025;2025_96_21;kuntoon;1
1328;96/2025;2025_96_21;kuuntelee;1
1328;96/2025;2025_96_21;kyllä;2
1328;96/2025;2025_96_21;kymmenen;1
1328;96/2025;2025_96_21;kyseessä;1
1328;96/2025;2025_96_21;kysymys;1
1328;96/2025;2025_96_21;lailla;1
1328;96/2025;2025_96_21;laitetaan;1
1328;96/2025;2025_96_21;laitettu;1
1328;96/2025;2025_96_21;lamavuosina;1
1328;96/2025;2025_96_21;laskelmat;1
1328;96/2025;2025_96_21;liian;2
1328;96/2025;2025_96_21;liike;1
1328;96/2025;2025_96_21;lisäksi;1
1328;96/2025;2025_96_21;lisätä;1
1328;96/2025;2025_96_21;lisää;2
1328;96/2025;2025_96_21;lisääntynyt;1
1328;96/2025;2025_96_21;lopettaa;1
1328;96/2025;2025_96_21;loppumaan;3
1328;96/2025;2025_96_21;luku;2
1328;96/2025;2025_96_21;luo;1
1328;96/2025;2025_96_21;luvannut;1
1328;96/2025;2025_96_21;luvulla;1
1328;96/2025;2025_96_21;luvun;1
1328;96/2025;2025_96_21;lähes;1
1328;96/2025;2025_96_21;löydettävä;1
1328;96/2025;2025_96_21;löytää;1
1328;96/2025;2025_96_21;maa;3
1328;96/2025;2025_96_21;maailmaa;1
1328;96/2025;2025_96_21;maailman;1
1328;96/2025;2025_96_21;mahdollisessa;1
1328;96/2025;2025_96_21;mahdollisuuden;1
1328;96/2025;2025_96_21;mahdollisuuksia;1
1328;96/2025;2025_96_21;mainiosti;1
1328;96/2025;2025_96_21;malttia;1
1328;96/2025;2025_96_21;meidän;3
1328;96/2025;2025_96_21;meille;1
1328;96/2025;2025_96_21;meillä;1
1328;96/2025;2025_96_21;menestystarinaa;1
1328;96/2025;2025_96_21;menestyä;1
1328;96/2025;2025_96_21;mielikuva;1
1328;96/2025;2025_96_21;miksikään;1
1328;96/2025;2025_96_21;mikä;3
1328;96/2025;2025_96_21;miljardeja;1
1328;96/2025;2025_96_21;missä;1
1328;96/2025;2025_96_21;mistä;1
1328;96/2025;2025_96_21;miten;1
1328;96/2025;2025_96_21;mitään;1
1328;96/2025;2025_96_21;moni;1
1328;96/2025;2025_96_21;monta;1
1328;96/2025;2025_96_21;mukaan;1
1328;96/2025;2025_96_21;mukana;1
1328;96/2025;2025_96_21;mustaa;1
1328;96/2025;2025_96_21;mutta;3
1328;96/2025;2025_96_21;muutu;1
1328;96/2025;2025_96_21;myydä;1
1328;96/2025;2025_96_21;myös;5
1328;96/2025;2025_96_21;negatiivinen;1
1328;96/2025;2025_96_21;niiden;1
1328;96/2025;2025_96_21;niihin;1
1328;96/2025;2025_96_21;niin;1
1328;96/2025;2025_96_21;niissä;1
1328;96/2025;2025_96_21;niitä;1
1328;96/2025;2025_96_21;nokiaa;1
1328;96/2025;2025_96_21;nopeammin;1
1328;96/2025;2025_96_21;nostetta;1
1328;96/2025;2025_96_21;nyt;2
1328;96/2025;2025_96_21;näihin;1
1328;96/2025;2025_96_21;näitä;2
1328;96/2025;2025_96_21;nämä;1
1328;96/2025;2025_96_21;näyttävät;1
1328;96/2025;2025_96_21;odottaa;1
1328;96/2025;2025_96_21;oikeudenmukaisesti;1
1328;96/2025;2025_96_21;ole;3
1328;96/2025;2025_96_21;olemme;1
1328;96/2025;2025_96_21;olen;1
1328;96/2025;2025_96_21;oli;1
1328;96/2025;2025_96_21;olisi;4
1328;96/2025;2025_96_21;olla;2
1328;96/2025;2025_96_21;omat;1
1328;96/2025;2025_96_21;omistajat;1
1328;96/2025;2025_96_21;on;17
1328;96/2025;2025_96_21;onnitella;1
1328;96/2025;2025_96_21;osaavia;1
1328;96/2025;2025_96_21;ostovoima;1
1328;96/2025;2025_96_21;ostovoimaa;1
1328;96/2025;2025_96_21;oura;1
1328;96/2025;2025_96_21;ovat;4
1328;96/2025;2025_96_21;pahimpina;2
1328;96/2025;2025_96_21;pakko;1
1328;96/2025;2025_96_21;paljon;2
1328;96/2025;2025_96_21;palkansaajaa;1
1328;96/2025;2025_96_21;palkansaajille;1
1328;96/2025;2025_96_21;palvelut;1
1328;96/2025;2025_96_21;panosta;1
1328;96/2025;2025_96_21;panostamalla;1
1328;96/2025;2025_96_21;parane;1
1328;96/2025;2025_96_21;paras;1
1328;96/2025;2025_96_21;paremmaksi;1
1328;96/2025;2025_96_21;parikymmentä;1
1328;96/2025;2025_96_21;pelkästään;1
1328;96/2025;2025_96_21;pienempiä;1
1328;96/2025;2025_96_21;pienempää;2
1328;96/2025;2025_96_21;pieni;2
1328;96/2025;2025_96_21;pitkäaikaistyöttömiä;1
1328;96/2025;2025_96_21;pitäisi;1
1328;96/2025;2025_96_21;pitää;7
1328;96/2025;2025_96_21;pois;1
1328;96/2025;2025_96_21;positiivista;1
1328;96/2025;2025_96_21;prosentin;1
1328;96/2025;2025_96_21;prosenttia;1
1328;96/2025;2025_96_21;puheet;1
1328;96/2025;2025_96_21;puheita;1
1328;96/2025;2025_96_21;puhemies;6
1328;96/2025;2025_96_21;puhua;1
1328;96/2025;2025_96_21;puolueiden;1
1328;96/2025;2025_96_21;puolustus;1
1328;96/2025;2025_96_21;päästään;1
1328;96/2025;2025_96_21;pörssiyrityksissä;1
1328;96/2025;2025_96_21;riittää;2
1328;96/2025;2025_96_21;riitä;1
1328;96/2025;2025_96_21;rohkeammin;2
1328;96/2025;2025_96_21;saa;4
1328;96/2025;2025_96_21;saada;4
1328;96/2025;2025_96_21;saatu;1
1328;96/2025;2025_96_21;sama;1
1328;96/2025;2025_96_21;samalla;1
1328;96/2025;2025_96_21;sanoa;1
1328;96/2025;2025_96_21;sanoi;1
1328;96/2025;2025_96_21;se;1
1328;96/2025;2025_96_21;selittelemällä;1
1328;96/2025;2025_96_21;siihen;1
1328;96/2025;2025_96_21;siitä;4
1328;96/2025;2025_96_21;sijoitettaisiin;1
1328;96/2025;2025_96_21;sitä;1
1328;96/2025;2025_96_21;soveltamiseen;1
1328;96/2025;2025_96_21;suomalaiset;2
1328;96/2025;2025_96_21;suomalaisia;1
1328;96/2025;2025_96_21;suomea;1
1328;96/2025;2025_96_21;suomeen;1
1328;96/2025;2025_96_21;suomen;1
1328;96/2025;2025_96_21;suomesta;1
1328;96/2025;2025_96_21;suomi;1
1328;96/2025;2025_96_21;supercell;1
1328;96/2025;2025_96_21;suurempia;1
1328;96/2025;2025_96_21;suurituloisten;1
1328;96/2025;2025_96_21;syntyi;1
1328;96/2025;2025_96_21;syntyy;1
1328;96/2025;2025_96_21;syyllisiä;2
1328;96/2025;2025_96_21;syyllisten;1
1328;96/2025;2025_96_21;syystä;1
1328;96/2025;2025_96_21;ta;1
1328;96/2025;2025_96_21;talman;3
1328;96/2025;2025_96_21;talous;2
1328;96/2025;2025_96_21;tarinoita;1
1328;96/2025;2025_96_21;tarvitaan;1
1328;96/2025;2025_96_21;tehokkaita;1
1328;96/2025;2025_96_21;tekee;1
1328;96/2025;2025_96_21;tekoja;1
1328;96/2025;2025_96_21;tekoälyä;1
1328;96/2025;2025_96_21;teoreettiset;1
1328;96/2025;2025_96_21;tienaaville;1
1328;96/2025;2025_96_21;tilanteessa;1
1328;96/2025;2025_96_21;timo;1
1328;96/2025;2025_96_21;tippaakaan;1
1328;96/2025;2025_96_21;todella;1
1328;96/2025;2025_96_21;todennäköisesti;1
1328;96/2025;2025_96_21;toimia;1
1328;96/2025;2025_96_21;toivomalla;1
1328;96/2025;2025_96_21;tosiaan;1
1328;96/2025;2025_96_21;toteutunut;1
1328;96/2025;2025_96_21;toteutuvan;1
1328;96/2025;2025_96_21;totta;1
1328;96/2025;2025_96_21;tuhansia;1
1328;96/2025;2025_96_21;tukea;1
1328;96/2025;2025_96_21;tulevaan;1
1328;96/2025;2025_96_21;tulevaisuudessa;1
1328;96/2025;2025_96_21;tuoreiden;1
1328;96/2025;2025_96_21;työllisyydessä;1
1328;96/2025;2025_96_21;työllisyyteen;1
1328;96/2025;2025_96_21;työministeri;1
1328;96/2025;2025_96_21;työnhakijoita;1
1328;96/2025;2025_96_21;työntekijät;1
1328;96/2025;2025_96_21;työpaikkaa;3
1328;96/2025;2025_96_21;työttömiä;1
1328;96/2025;2025_96_21;työttömyyden;1
1328;96/2025;2025_96_21;työttömyysaste;1
1328;96/2025;2025_96_21;tällä;1
1328;96/2025;2025_96_21;tämä;4
1328;96/2025;2025_96_21;täälläkin;1
1328;96/2025;2025_96_21;uhattuna;1
1328;96/2025;2025_96_21;ulkomaille;1
1328;96/2025;2025_96_21;uskoa;1
1328;96/2025;2025_96_21;uutinen;1
1328;96/2025;2025_96_21;uutta;3
1328;96/2025;2025_96_21;vaan;1
1328;96/2025;2025_96_21;vahva;1
1328;96/2025;2025_96_21;vahvuutemme;1
1328;96/2025;2025_96_21;vain;2
1328;96/2025;2025_96_21;valitettavasti;1
1328;96/2025;2025_96_21;valkoiseksi;1
1328;96/2025;2025_96_21;valloittaa;1
1328;96/2025;2025_96_21;valtion;1
1328;96/2025;2025_96_21;vastaa;1
1328;96/2025;2025_96_21;velkakierteen;1
1328;96/2025;2025_96_21;veronalennukset;1
1328;96/2025;2025_96_21;verotettaisiin;1
1328;96/2025;2025_96_21;viedä;1
1328;96/2025;2025_96_21;vielä;3
1328;96/2025;2025_96_21;viikkoina;1
1328;96/2025;2025_96_21;voi;1
1328;96/2025;2025_96_21;voimme;1
1328;96/2025;2025_96_21;vuoteen;1
1328;96/2025;2025_96_21;vuotta;2
1328;96/2025;2025_96_21;väittämällä;1
1328;96/2025;2025_96_21;välikysymykseen;1
1328;96/2025;2025_96_21;wolt;1
1328;96/2025;2025_96_21;yhden;1
1328;96/2025;2025_96_21;yhtyy;1
1328;96/2025;2025_96_21;yhtä;1
1328;96/2025;2025_96_21;yli;1
1328;96/2025;2025_96_21;ylöspäin;1
1328;96/2025;2025_96_21;ymmärrä;2
1328;96/2025;2025_96_21;yrittää;1
1328;96/2025;2025_96_21;yrityksille;1
1328;96/2025;2025_96_21;yritysjohtaja;1
1328;96/2025;2025_96_21;yritysten;2
1328;96/2025;2025_96_21;yt-neuvotteluihin;1
1328;96/2025;2025_96_21;ärade;3
1328;96/2025;2025_96_21;äänestäjille;1
1328;97/2021;2021_97_85;aina;1
1328;97/2021;2021_97_85;ainoastaan;1
1328;97/2021;2021_97_85;aktiivista;1
1328;97/2021;2021_97_85;altistumista;1
1328;97/2021;2021_97_85;arvoisa;3
1328;97/2021;2021_97_85;arvokas;1
1328;97/2021;2021_97_85;asetettava;2
1328;97/2021;2021_97_85;asetettuihin;1
1328;97/2021;2021_97_85;asialle;1
1328;97/2021;2021_97_85;asua;1
1328;97/2021;2021_97_85;avaintekijä;1
1328;97/2021;2021_97_85;avoimuuden;1
1328;97/2021;2021_97_85;avoin;2
1328;97/2021;2021_97_85;edellyttää;2
1328;97/2021;2021_97_85;ehtoja;1
1328;97/2021;2021_97_85;ei;10
1328;97/2021;2021_97_85;eikä;1
1328;97/2021;2021_97_85;eikö;2
1328;97/2021;2021_97_85;eivät;1
1328;97/2021;2021_97_85;elämään;2
1328;97/2021;2021_97_85;elättämään;1
1328;97/2021;2021_97_85;ensimmäiset;1
1328;97/2021;2021_97_85;että;7
1328;97/2021;2021_97_85;etuoikeutena;1
1328;97/2021;2021_97_85;halukkuutta;2
1328;97/2021;2021_97_85;halusta;1
1328;97/2021;2021_97_85;haluttomia;1
1328;97/2021;2021_97_85;he;1
1328;97/2021;2021_97_85;heiltä;1
1328;97/2021;2021_97_85;heitä;1
1328;97/2021;2021_97_85;helpommin;1
1328;97/2021;2021_97_85;henkilö;2
1328;97/2021;2021_97_85;henkilöiltä;1
1328;97/2021;2021_97_85;huomisen;1
1328;97/2021;2021_97_85;hyvinvointivaltion;1
1328;97/2021;2021_97_85;hyvinvointiyhteiskunnassa;1
1328;97/2021;2021_97_85;hyvinvointiyhteiskunta;1
1328;97/2021;2021_97_85;ilman;1
1328;97/2021;2021_97_85;istuttamalla;1
1328;97/2021;2021_97_85;itseruoskimisen;1
1328;97/2021;2021_97_85;ja;16
1328;97/2021;2021_97_85;joka;1
1328;97/2021;2021_97_85;joko;1
1328;97/2021;2021_97_85;jos;4
1328;97/2021;2021_97_85;jossa;1
1328;97/2021;2021_97_85;jotain;1
1328;97/2021;2021_97_85;jotka;4
1328;97/2021;2021_97_85;jälkeen;1
1328;97/2021;2021_97_85;kaiken;2
1328;97/2021;2021_97_85;kaksisuuntainen;1
1328;97/2021;2021_97_85;kannustaa;1
1328;97/2021;2021_97_85;kannustettava;1
1328;97/2021;2021_97_85;kansalaisuuden;1
1328;97/2021;2021_97_85;kansalaisuutta;1
1328;97/2021;2021_97_85;kanssa;1
1328;97/2021;2021_97_85;kasvaessa;1
1328;97/2021;2021_97_85;kestä;1
1328;97/2021;2021_97_85;kielelle;1
1328;97/2021;2021_97_85;kieliopinnoissa;1
1328;97/2021;2021_97_85;kieltä;2
1328;97/2021;2021_97_85;kiinnosta;1
1328;97/2021;2021_97_85;kolme;1
1328;97/2021;2021_97_85;koostuu;1
1328;97/2021;2021_97_85;koska;1
1328;97/2021;2021_97_85;kotouttaa;1
1328;97/2021;2021_97_85;kotouttaminen;1
1328;97/2021;2021_97_85;kotouttamiselle;2
1328;97/2021;2021_97_85;kotoutua;3
1328;97/2021;2021_97_85;kotoutumaan;2
1328;97/2021;2021_97_85;kotoutuminen;2
1328;97/2021;2021_97_85;kotoutumisen;5
1328;97/2021;2021_97_85;kotoutumisohjelmaa;1
1328;97/2021;2021_97_85;kotoutumisstrategia;1
1328;97/2021;2021_97_85;kuitenkin;1
1328;97/2021;2021_97_85;kulttuuriin;1
1328;97/2021;2021_97_85;kulttuurille;1
1328;97/2021;2021_97_85;kykenemättömiä;1
1328;97/2021;2021_97_85;kykenevät;1
1328;97/2021;2021_97_85;kyse;1
1328;97/2021;2021_97_85;kyvystä;1
1328;97/2021;2021_97_85;käytännössä;1
1328;97/2021;2021_97_85;laadukkaat;1
1328;97/2021;2021_97_85;lakiemme;1
1328;97/2021;2021_97_85;lamauttaa;1
1328;97/2021;2021_97_85;lisäksi;1
1328;97/2021;2021_97_85;lisäämistä;1
1328;97/2021;2021_97_85;lopulta;1
1328;97/2021;2021_97_85;luoda;1
1328;97/2021;2021_97_85;luotava;1
1328;97/2021;2021_97_85;lupapolitiikan;1
1328;97/2021;2021_97_85;lähtökohtana;1
1328;97/2021;2021_97_85;maahanmuuton;1
1328;97/2021;2021_97_85;maahanmuuttajia;1
1328;97/2021;2021_97_85;maahanmuuttajien;2
1328;97/2021;2021_97_85;maahanmuuttajille;1
1328;97/2021;2021_97_85;maailman;1
1328;97/2021;2021_97_85;maassa;1
1328;97/2021;2021_97_85;maasta;1
1328;97/2021;2021_97_85;mahdollista;1
1328;97/2021;2021_97_85;mahdollistavat;2
1328;97/2021;2021_97_85;mahdollisuuden;1
1328;97/2021;2021_97_85;mahdollisuus;2
1328;97/2021;2021_97_85;maista;1
1328;97/2021;2021_97_85;matalampi;1
1328;97/2021;2021_97_85;meidän;2
1328;97/2021;2021_97_85;mikäli;1
1328;97/2021;2021_97_85;mittarilla;1
1328;97/2021;2021_97_85;monella;1
1328;97/2021;2021_97_85;monipuolisia;1
1328;97/2021;2021_97_85;muiden;1
1328;97/2021;2021_97_85;muita;1
1328;97/2021;2021_97_85;mukaan;2
1328;97/2021;2021_97_85;mukana;1
1328;97/2021;2021_97_85;mutta;1
1328;97/2021;2021_97_85;muuttaneita;1
1328;97/2021;2021_97_85;muuttavat;1
1328;97/2021;2021_97_85;myöntää;1
1328;97/2021;2021_97_85;myös;4
1328;97/2021;2021_97_85;ne;1
1328;97/2021;2021_97_85;niitä;2
1328;97/2021;2021_97_85;noudatettava;1
1328;97/2021;2021_97_85;nykyistä;1
1328;97/2021;2021_97_85;nähtävä;1
1328;97/2021;2021_97_85;näin;1
1328;97/2021;2021_97_85;ohella;1
1328;97/2021;2021_97_85;ohjelmassa;1
1328;97/2021;2021_97_85;oikein;1
1328;97/2021;2021_97_85;oikeuksista;1
1328;97/2021;2021_97_85;ole;4
1328;97/2021;2021_97_85;oleskelulupaa;1
1328;97/2021;2021_97_85;oleskelulupien;1
1328;97/2021;2021_97_85;oleskeluluvan;1
1328;97/2021;2021_97_85;oleskelun;1
1328;97/2021;2021_97_85;oli;1
1328;97/2021;2021_97_85;olla;7
1328;97/2021;2021_97_85;oltava;2
1328;97/2021;2021_97_85;omanarvontunnetta;1
1328;97/2021;2021_97_85;on;21
1328;97/2021;2021_97_85;onnistunut;1
1328;97/2021;2021_97_85;opintoja;1
1328;97/2021;2021_97_85;opiskelemaan;1
1328;97/2021;2021_97_85;opiskelemalla;1
1328;97/2021;2021_97_85;opiskella;1
1328;97/2021;2021_97_85;oppimista;1
1328;97/2021;2021_97_85;osa;2
1328;97/2021;2021_97_85;osaa;1
1328;97/2021;2021_97_85;osaksi;1
1328;97/2021;2021_97_85;osallisena;1
1328;97/2021;2021_97_85;osallistuvat;1
1328;97/2021;2021_97_85;osallisuus;1
1328;97/2021;2021_97_85;osalta;1
1328;97/2021;2021_97_85;osoittavat;1
1328;97/2021;2021_97_85;ovat;2
1328;97/2021;2021_97_85;palkalla;1
1328;97/2021;2021_97_85;palveluita;1
1328;97/2021;2021_97_85;palvelujen;1
1328;97/2021;2021_97_85;palvelut;1
1328;97/2021;2021_97_85;parhaista;1
1328;97/2021;2021_97_85;perhe;1
1328;97/2021;2021_97_85;perheensä;1
1328;97/2021;2021_97_85;pidä;1
1328;97/2021;2021_97_85;pitäisi;1
1328;97/2021;2021_97_85;pitää;2
1328;97/2021;2021_97_85;pohjana;1
1328;97/2021;2021_97_85;poistaa;1
1328;97/2021;2021_97_85;prosenttia;2
1328;97/2021;2021_97_85;prosessi;1
1328;97/2021;2021_97_85;puhemies;3
1328;97/2021;2021_97_85;pyrkimystä;1
1328;97/2021;2021_97_85;pysty;1
1328;97/2021;2021_97_85;pystyy;1
1328;97/2021;2021_97_85;pysyvää;1
1328;97/2021;2021_97_85;päästä;1
1328;97/2021;2021_97_85;rakentamaan;1
1328;97/2021;2021_97_85;rakenteet;1
1328;97/2021;2021_97_85;reilua;1
1328;97/2021;2021_97_85;saa;1
1328;97/2021;2021_97_85;saamiselle;1
1328;97/2021;2021_97_85;saati;1
1328;97/2021;2021_97_85;samalla;1
1328;97/2021;2021_97_85;se;4
1328;97/2021;2021_97_85;sekä;1
1328;97/2021;2021_97_85;sellainen;1
1328;97/2021;2021_97_85;sen;2
1328;97/2021;2021_97_85;seurauksia;1
1328;97/2021;2021_97_85;siihen;1
1328;97/2021;2021_97_85;siis;1
1328;97/2021;2021_97_85;sijaan;1
1328;97/2021;2021_97_85;silloin;3
1328;97/2021;2021_97_85;sillä;1
1328;97/2021;2021_97_85;sopeutuvat;1
1328;97/2021;2021_97_85;strategia;1
1328;97/2021;2021_97_85;sujuvan;1
1328;97/2021;2021_97_85;suomalaiseen;4
1328;97/2021;2021_97_85;suomalaisessa;2
1328;97/2021;2021_97_85;suomalaista;1
1328;97/2021;2021_97_85;suomalaistaustaisiin;1
1328;97/2021;2021_97_85;suomalaisten;1
1328;97/2021;2021_97_85;suomea;1
1328;97/2021;2021_97_85;suomeen;2
1328;97/2021;2021_97_85;suomi;1
1328;97/2021;2021_97_85;syntyneiden;1
1328;97/2021;2021_97_85;syystä;1
1328;97/2021;2021_97_85;sääntöihin;1
1328;97/2021;2021_97_85;tai;3
1328;97/2021;2021_97_85;talman;3
1328;97/2021;2021_97_85;tapa;1
1328;97/2021;2021_97_85;tarjoaa;1
1328;97/2021;2021_97_85;tarjoamista;1
1328;97/2021;2021_97_85;tarjota;1
1328;97/2021;2021_97_85;tarkastella;1
1328;97/2021;2021_97_85;tavoitteisiin;1
1328;97/2021;2021_97_85;tehnyt;1
1328;97/2021;2021_97_85;tehtävä;1
1328;97/2021;2021_97_85;tekeminen;1
1328;97/2021;2021_97_85;tekemällä;1
1328;97/2021;2021_97_85;tekemään;1
1328;97/2021;2021_97_85;tekevät;1
1328;97/2021;2021_97_85;tekijälleen;1
1328;97/2021;2021_97_85;tervetulleita;1
1328;97/2021;2021_97_85;tilastojen;1
1328;97/2021;2021_97_85;tiukempia;1
1328;97/2021;2021_97_85;toimi;2
1328;97/2021;2021_97_85;tuilla;1
1328;97/2021;2021_97_85;tuki;1
1328;97/2021;2021_97_85;tukia;1
1328;97/2021;2021_97_85;tukien;1
1328;97/2021;2021_97_85;tukipolitiikan;1
1328;97/2021;2021_97_85;tukipolitiikka;1
1328;97/2021;2021_97_85;tulee;7
1328;97/2021;2021_97_85;tulevilta;1
1328;97/2021;2021_97_85;tulijoille;1
1328;97/2021;2021_97_85;työ;2
1328;97/2021;2021_97_85;työhön;1
1328;97/2021;2021_97_85;työllisyysaste;1
1328;97/2021;2021_97_85;työn;3
1328;97/2021;2021_97_85;työtä;1
1328;97/2021;2021_97_85;tähdättävä;1
1328;97/2021;2021_97_85;tähän;1
1328;97/2021;2021_97_85;tälle;1
1328;97/2021;2021_97_85;tänne;2
1328;97/2021;2021_97_85;tästä;1
1328;97/2021;2021_97_85;tätä;1
1328;97/2021;2021_97_85;töihin;2
1328;97/2021;2021_97_85;töitä;3
1328;97/2021;2021_97_85;ulkomaalaistaustaisten;1
1328;97/2021;2021_97_85;ulkomailla;1
1328;97/2021;2021_97_85;usean;1
1328;97/2021;2021_97_85;uusille;1
1328;97/2021;2021_97_85;vaan;1
1328;97/2021;2021_97_85;velvollisuuksia;2
1328;97/2021;2021_97_85;velvollisuuksista;1
1328;97/2021;2021_97_85;verrattuna;1
1328;97/2021;2021_97_85;vika;1
1328;97/2021;2021_97_85;voidaan;1
1328;97/2021;2021_97_85;voimme;1
1328;97/2021;2021_97_85;voitava;1
1328;97/2021;2021_97_85;vuoden;2
1328;97/2021;2021_97_85;vuonna;1
1328;97/2021;2021_97_85;vuotta;1
1328;97/2021;2021_97_85;yhteiskunnan;1
1328;97/2021;2021_97_85;yhteiskunnassa;1
1328;97/2021;2021_97_85;yhteiskunta;1
1328;97/2021;2021_97_85;yhteiskuntaa;3
1328;97/2021;2021_97_85;yhteiskuntaan;6
1328;97/2021;2021_97_85;yhteisöllisyyttä;1
1328;97/2021;2021_97_85;yksi;2
1328;97/2021;2021_97_85;yksilön;1
1328;97/2021;2021_97_85;ymmärtää;1
1328;97/2021;2021_97_85;yritetään;1
1328;97/2021;2021_97_85;ytimessä;1
1328;97/2021;2021_97_85;ärade;3
1328;98/2022;2022_98_413;aikanaan;1
1328;98/2022;2022_98_413;aikataulusta;1
1328;98/2022;2022_98_413;antoi;1
1328;98/2022;2022_98_413;arvo;1
1328;98/2022;2022_98_413;arvoisa;1
1328;98/2022;2022_98_413;budjetista;1
1328;98/2022;2022_98_413;ei;3
1328;98/2022;2022_98_413;eikä;1
1328;98/2022;2022_98_413;enää;1
1328;98/2022;2022_98_413;erittäin;1
1328;98/2022;2022_98_413;että;1
1328;98/2022;2022_98_413;etua;2
1328;98/2022;2022_98_413;euroa;1
1328;98/2022;2022_98_413;fortum-kauppojen;1
1328;98/2022;2022_98_413;fortumin;5
1328;98/2022;2022_98_413;hallituksella;1
1328;98/2022;2022_98_413;hallitus;2
1328;98/2022;2022_98_413;hiljaista;1
1328;98/2022;2022_98_413;hoiti;1
1328;98/2022;2022_98_413;huoltovarmuuskeskuksen;1
1328;98/2022;2022_98_413;hän;1
1328;98/2022;2022_98_413;ja;6
1328;98/2022;2022_98_413;johdolla;1
1328;98/2022;2022_98_413;jäävät;1
1328;98/2022;2022_98_413;keskeinen;1
1328;98/2022;2022_98_413;kesällä;1
1328;98/2022;2022_98_413;koputtaa;1
1328;98/2022;2022_98_413;kuinka;1
1328;98/2022;2022_98_413;kun;1
1328;98/2022;2022_98_413;kysymys;1
1328;98/2022;2022_98_413;lainan;1
1328;98/2022;2022_98_413;lehtihaastattelussa;1
1328;98/2022;2022_98_413;liian;1
1328;98/2022;2022_98_413;loppulaskua;1
1328;98/2022;2022_98_413;luottamustanne;1
1328;98/2022;2022_98_413;lähes;1
1328;98/2022;2022_98_413;maksamatta;1
1328;98/2022;2022_98_413;marin;2
1328;98/2022;2022_98_413;markus;1
1328;98/2022;2022_98_413;maskikohun;1
1328;98/2022;2022_98_413;miljardin;2
1328;98/2022;2022_98_413;miljoonaa;1
1328;98/2022;2022_98_413;ministeri;1
1328;98/2022;2022_98_413;mitään;1
1328;98/2022;2022_98_413;määrätietoisesti;1
1328;98/2022;2022_98_413;nauttinut;1
1328;98/2022;2022_98_413;nauttivatko;1
1328;98/2022;2022_98_413;neljä;2
1328;98/2022;2022_98_413;nollaan;1
1328;98/2022;2022_98_413;nyt;1
1328;98/2022;2022_98_413;nähty;1
1328;98/2022;2022_98_413;ole;1
1328;98/2022;2022_98_413;ollut;1
1328;98/2022;2022_98_413;on;6
1328;98/2022;2022_98_413;osingot;1
1328;98/2022;2022_98_413;palauttamisen;1
1328;98/2022;2022_98_413;pois;1
1328;98/2022;2022_98_413;potkut;1
1328;98/2022;2022_98_413;puhemies;2
1328;98/2022;2022_98_413;puhuttu;1
1328;98/2022;2022_98_413;putosi;1
1328;98/2022;2022_98_413;pääministeri;3
1328;98/2022;2022_98_413;pääministerille;1
1328;98/2022;2022_98_413;pääministerin;1
1328;98/2022;2022_98_413;rauramo;1
1328;98/2022;2022_98_413;rivakasti;1
1328;98/2022;2022_98_413;se;1
1328;98/2022;2022_98_413;siitä;1
1328;98/2022;2022_98_413;suomalaisten;1
1328;98/2022;2022_98_413;suoraan;1
1328;98/2022;2022_98_413;sähköpostikokouksilla;1
1328;98/2022;2022_98_413;takia;1
1328;98/2022;2022_98_413;takuun;1
1328;98/2022;2022_98_413;talman;1
1328;98/2022;2022_98_413;talousjohtajana;1
1328;98/2022;2022_98_413;teidän;1
1328;98/2022;2022_98_413;tekijä;1
1328;98/2022;2022_98_413;tekstiviesteillä;1
1328;98/2022;2022_98_413;tiedetä;1
1328;98/2022;2022_98_413;toimi;1
1328;98/2022;2022_98_413;toimitusjohtaja;3
1328;98/2022;2022_98_413;toimitusjohtajalle;1
1328;98/2022;2022_98_413;toimitusjohtajana;1
1328;98/2022;2022_98_413;toimivalla;1
1328;98/2022;2022_98_413;tulevina;1
1328;98/2022;2022_98_413;tuppuraiselle;1
1328;98/2022;2022_98_413;tuuletti;1
1328;98/2022;2022_98_413;tämä;1
1328;98/2022;2022_98_413;uniper-kaupassa;1
1328;98/2022;2022_98_413;uniper-omistuksen;1
1328;98/2022;2022_98_413;valtion;1
1328;98/2022;2022_98_413;vastuu;1
1328;98/2022;2022_98_413;vielä;2
1328;98/2022;2022_98_413;vuodessa;1
1328;98/2022;2022_98_413;vuosina;1
1328;98/2022;2022_98_413;vähän;1
1328;98/2022;2022_98_413;ärade;1
1328;99/2025;2025_99_19;aikanaan;1
1328;99/2025;2025_99_19;alkaen;1
1328;99/2025;2025_99_19;alueen;2
1328;99/2025;2025_99_19;analysoi;1
1328;99/2025;2025_99_19;ansiosta;1
1328;99/2025;2025_99_19;arktisen;1
1328;99/2025;2025_99_19;arvoisa;1
1328;99/2025;2025_99_19;asiaa;1
1328;99/2025;2025_99_19;asioita;1
1328;99/2025;2025_99_19;edellyttämällä;1
1328;99/2025;2025_99_19;eduskunnassa;1
1328;99/2025;2025_99_19;eduskunta;1
1328;99/2025;2025_99_19;ei;2
1328;99/2025;2025_99_19;eli;1
1328;99/2025;2025_99_19;en;1
1328;99/2025;2025_99_19;enemmän;1
1328;99/2025;2025_99_19;ennustaminen;1
1328;99/2025;2025_99_19;ensiksi;1
1328;99/2025;2025_99_19;eri;1
1328;99/2025;2025_99_19;erilaisia;1
1328;99/2025;2025_99_19;että;3
1328;99/2025;2025_99_19;etukäteen;1
1328;99/2025;2025_99_19;hallitukselta;1
1328;99/2025;2025_99_19;hienompia;1
1328;99/2025;2025_99_19;hitaat;1
1328;99/2025;2025_99_19;hyviäkään;1
1328;99/2025;2025_99_19;ilman;1
1328;99/2025;2025_99_19;itsessään;1
1328;99/2025;2025_99_19;ja;8
1328;99/2025;2025_99_19;jo;2
1328;99/2025;2025_99_19;joka;1
1328;99/2025;2025_99_19;järkevän;1
1328;99/2025;2025_99_19;järkevää;1
1328;99/2025;2025_99_19;kaasuesiintymien;1
1328;99/2025;2025_99_19;kahta;1
1328;99/2025;2025_99_19;kai;1
1328;99/2025;2025_99_19;kaikkein;1
1328;99/2025;2025_99_19;kaikki;1
1328;99/2025;2025_99_19;kasvamaan;1
1328;99/2025;2025_99_19;kehityskulkuja;1
1328;99/2025;2025_99_19;keksiä;1
1328;99/2025;2025_99_19;kiitos;1
1328;99/2025;2025_99_19;kuin;2
1328;99/2025;2025_99_19;kuitenkin;1
1328;99/2025;2025_99_19;kunnossa;2
1328;99/2025;2025_99_19;käsittelee;1
1328;99/2025;2025_99_19;käymällä;1
1328;99/2025;2025_99_19;lisääntyvien;1
1328;99/2025;2025_99_19;läpi;1
1328;99/2025;2025_99_19;löytää;1
1328;99/2025;2025_99_19;mahdollisia;1
1328;99/2025;2025_99_19;mahdollisuuksia;1
1328;99/2025;2025_99_19;merikuljetusten;1
1328;99/2025;2025_99_19;merkitys;1
1328;99/2025;2025_99_19;mikään;1
1328;99/2025;2025_99_19;mitä;2
1328;99/2025;2025_99_19;mutta;2
1328;99/2025;2025_99_19;niin;1
1328;99/2025;2025_99_19;nimiä;1
1328;99/2025;2025_99_19;nopeat;1
1328;99/2025;2025_99_19;näin;1
1328;99/2025;2025_99_19;ole;1
1328;99/2025;2025_99_19;olevaa;1
1328;99/2025;2025_99_19;oli;1
1328;99/2025;2025_99_19;olla;1
1328;99/2025;2025_99_19;on;4
1328;99/2025;2025_99_19;onni;1
1328;99/2025;2025_99_19;ovat;1
1328;99/2025;2025_99_19;panemaan;1
1328;99/2025;2025_99_19;perustaa;1
1328;99/2025;2025_99_19;pitää;1
1328;99/2025;2025_99_19;puhemies;1
1328;99/2025;2025_99_19;pystytä;1
1328;99/2025;2025_99_19;pystyä;1
1328;99/2025;2025_99_19;päätöksiä;1
1328;99/2025;2025_99_19;rahoitusta;1
1328;99/2025;2025_99_19;rohkeaa;1
1328;99/2025;2025_99_19;sekä;1
1328;99/2025;2025_99_19;selonteko;1
1328;99/2025;2025_99_19;selontekoa;1
1328;99/2025;2025_99_19;selontekoja;1
1328;99/2025;2025_99_19;selonteon;1
1328;99/2025;2025_99_19;sen;1
1328;99/2025;2025_99_19;sieltä;1
1328;99/2025;2025_99_19;sitä;1
1328;99/2025;2025_99_19;skenaarioita;1
1328;99/2025;2025_99_19;strategiat;1
1328;99/2025;2025_99_19;strategioita;1
1328;99/2025;2025_99_19;suomelle;1
1328;99/2025;2025_99_19;suosii;1
1328;99/2025;2025_99_19;suunnista;1
1328;99/2025;2025_99_19;suunnitelmat;1
1328;99/2025;2025_99_19;suunnitelmia;1
1328;99/2025;2025_99_19;syövät;1
1328;99/2025;2025_99_19;talman;1
1328;99/2025;2025_99_19;talouden;1
1328;99/2025;2025_99_19;taloutta;1
1328;99/2025;2025_99_19;tehty;1
1328;99/2025;2025_99_19;tekemään;1
1328;99/2025;2025_99_19;teki;1
1328;99/2025;2025_99_19;teko;1
1328;99/2025;2025_99_19;tiedän;1
1328;99/2025;2025_99_19;toimeksi;1
1328;99/2025;2025_99_19;toiminnalle;1
1328;99/2025;2025_99_19;toimintaympäristöä;1
1328;99/2025;2025_99_19;toiseksi;1
1328;99/2025;2025_99_19;toteuttamaan;1
1328;99/2025;2025_99_19;totta;2
1328;99/2025;2025_99_19;tulee;1
1328;99/2025;2025_99_19;tulevaisuuden;1
1328;99/2025;2025_99_19;tulevaisuusselonteko;1
1328;99/2025;2025_99_19;tulevaisuuteen;1
1328;99/2025;2025_99_19;tulevaisuutemme;1
1328;99/2025;2025_99_19;tulevasta;1
1328;99/2025;2025_99_19;tälle;1
1328;99/2025;2025_99_19;tämä;1
1328;99/2025;2025_99_19;tärkeintä;1
1328;99/2025;2025_99_19;tärkeitä;1
1328;99/2025;2025_99_19;tärkeä;1
1328;99/2025;2025_99_19;uhkia;1
1328;99/2025;2025_99_19;vaihda;1
1328;99/2025;2025_99_19;vaikeaa;1
1328;99/2025;2025_99_19;vaikka;1
1328;99/2025;2025_99_19;valiokunta;1
1328;99/2025;2025_99_19;valmistautua;1
1328;99/2025;2025_99_19;varten;1
1328;99/2025;2025_99_19;vedon;1
1328;99/2025;2025_99_19;visioita;1
1328;99/2025;2025_99_19;visiot;1
1328;99/2025;2025_99_19;voi;3
1328;99/2025;2025_99_19;vuodesta;1
1328;99/2025;2025_99_19;vuotta;1
1328;99/2025;2025_99_19;yrittäjänä;1
1328;99/2025;2025_99_19;ärade;1
1328;99/2025;2025_99_19;öljy;1
